0 1 2 5 8 9 12 15 16 19 20 21 22 54 55 74 75 76 77 78 79 106 107 108 109 115 120 157 160 163 164 165 168 169 180 181 184
3 4 6 7 10 11 13 14 17 18 38 39 40 41 47 48 84 85 86 87 94 95 96 97 138 139 149 150 173 174 175 176
23 24 25 26 27 28 33 46 60 132 166 167 170 171 172 177 178 179 182 183
29 30 31 32 53 129 133 140 141 142 143 156
34 35 36 37 69 70 71 72 88 89 90 91 98 99 100 101
42 43 44 45 49 50 51 52 92 93 118 119 158 159 161 162
56 57 58 59 73 134 135 136 137 144
61 62 63 64 102 103 104 105 110 111 112 113 125 126 127 128
65 66 67 68 114 145 146 147 148 151
80 81 82 83 152 153 154 155
116 117 121 122 123 124 130 131
