0 1 19 20 21 22 49 50 51 52 74 75 78 79 5 8 108 115 118 119 158 159 160 164 11 12 106 109 168 170 179 181 10 171 178 16 2
3 4 17 18 38 39 40 41 47 48 138 139 149 150 6 7 84 85 86 87 94 95 96 97 14 173 176 13 174 175
23 28 29 30 46 65 66 132 142 143 147 148 25 26 31 32 67 68 140 141 145 146 169 172 177 180
33 34 35 53 60 88 89 129 133 156 36 37 90 91 120 163
56 57 73 110 111 144 63 64 134 135 116 121 124 131 165 184
61 62 102 103 125 126 24 27 127 128 104 105 112 113
69 70 98 99 114 151 71 72 100 101 107 157
80 81 136 137 154 155 58 59 82 83 152 153
42 43 44 45 54 55 76 77 92 93 161 162 15 167 182 166 183 9
117 122 123 130
