94 27 162 97 182 166 111 49 47 113 63 99 25 35 149 64 23 163 69 133 0
124 119 138 81 180 169 80 139 109 107 147 41 148 42 62 117 68 130 22 17
58 152 33 32 85 82 178 171 93 136
50 112 129 160 127 70 125 72 114 48 156 108 29 158 143 37
87 54 39 145 105 144 151 121 123 120 45 43 146 40 131 67 86 53
142 38 150 57 153 65 173 176 91 31 34 134 100 24 103 102 126 73
141 78 110 106 118 61 164 66 157 79 122 140 52 89 60 115 88 51
184 92 137 168 90 135 55 155 56 154 30 132 20 19 177 172
76 75 183 167 26 98 95 161
179 170 46 44 116 59 181 165 36 96 16 11 10 9
175 174 77 74 28 159 84 83 13 12 8 4 3 2
21 18 104 101 71 128
15 14 7 6 5 1
