24 25 26 27 70 71 72 73 97 98 99 100 125 126 127 128 18 21 35 63 168 173 176 184 19 20 172 177 0
39 40 41 42 78 79 80 81 138 139 140 141 145 146 147 148 17 22 30 132 169 174 175 180
47 48 49 50 51 52 53 54 86 87 88 89 111 112 113 114
55 56 57 58 90 91 92 93 134 135 136 137 152 153 154 155
23 31 32 33 34 64 65 106 107 109 110 122 149 150 157 163 36 96 165 181
28 29 37 38 66 105 108 129 142 143 144 156 158 159 160 164 170 171 178 179 1 4 5 8 9 10 11 16
61 62 67 68 94 95 117 118 130 131 161 162 2 3 14 15
69 82 83 84 85 101 102 103 104 121 133 151 6 7 12 13
74 75 76 77 119 120 123 124 166 167 182 183
43 44 45 46 59 60 115 116
