119 116 41 96 60 59 123 50 103 102 173 176 21 20 126 49 63 64 38 97 0
181 169 52 114 175 174 53 115 46 147 84 139 47 148 26 43 31 29 108 75 107 74 85 138 23 18 177 172
51 124 121 161 150 57 134 72 159 99 95 40 30 17
178 171 82 137 88 79 109 164 54 112 151 34 62 65 28 32
143 68 37 154 39 98 179 182 166 170
110 130 153 36 125 48 184 168 156 81 155 70 93 128
131 160 80 133 77 106 92 163 105 76
61 58 183 44 145 127 94 165 22 19 87 90 142 69
152 35 141 66 45 146 55 113 83 136 42 25
111 129 162 120 86 91 71 135 27 180 167 33
158 100 140 67 144 73 24 132
157 122 56 149 78 89 101 104
118 117 15 10 14 13 5 2 7 6
12 11 16 9 4 3 8 1
