0 1 5 4 8 23 14 15 11 16 30 35 36 63 66 69 96 105 108 122 121 129 132 133 144 157 151 163 156 160 164 168 169 180 184 165 181
2 3 6 7 9 10 12 13 17 22 18 21 32 31 33 34 74 75 76 82 85 77 83 84 102 103 101 104 173 174 175 176
19 20 24 25 26 27 72 70 71 73 99 98 97 100 127 125 126 128 172 177
28 29 37 38 64 65 94 95 142 143 150 149 159 158 161 162
39 42 40 41 79 78 81 80 139 141 138 140 145 147 146 148
43 45 48 47 53 54 59 87 86 113 114 116
49 50 44 46 52 60 51 88 89 115 111 112
56 57 55 58 90 92 91 93 135 137 134 136 153 152 154 155
62 61 67 68 106 107 109 119 110 120 123 117 118 124 131 130
170 166 167 171 178 179 182 183
