39 30 136 56 0 58 139 147 178 20 177 80 93 152 132 22 91 145 41 134 167 171 17 183 78 141 172 19 154
27 49 115 179 128 155 92 89 140 71 97 60 44 46 170 111 55 42 166 79 52 148 137 182
95 65 24 100 176 63 150 142 161 126 38 28 159 73 26 98 35 173
40 5 131 53 180 14 6 169 123 67 144 105 121 151 54 43 11 120 45
119 15 36 69 68 130 168 165 96 124 1 108 7 181 16 184 133 156
153 87 113 50 47 57 51 135 112 90 88
34 174 143 9 37 13 175 103 12 31 149 33 10 64 32 104 101 102
129 110 122 118 3 23 107 2 116 59 106 4 8 109 117 157 160 66 61 163 62 164
76 83 29 82 85 158 84 74 77 94 162 75
70 25 138 81 146 127 99
114 72 48 21 18 86 125
