94 10 125 160 50 97 108 51 2 147 1 66 102
161 113 88 130 137 59 49 92 117 53 133 36 52 30 61 140
146 150 114 81 148 120 167 162 40 151 155 83 132 182 46 163 153 68 93
44 119 174 11 158 175 42 79 14 106 45 176 168 109 8 0 5 118 20 159 181 78 13 43 19 173
82 7 16 134 135 26 121 116 77 184 165 124 15 25 54 74 131 22
70 179 23 170 37 91 89 126 28 172 128 100 27 35 33 72 110 24 98 112 60 177 64 62 104
95 103 127 122 90 96 71 99 166 34 183 123
157 9 4 129 180 3 156 144 169 115 107 12 164 73
138 47 76 65 142 32 145 55 63 111
21 75 178 87 152 29 58 67 80 136 141 171 84
18 105 86 139 48 143 85 154 6 38
17 57 41 39 149
101 31 69
56
