0 1 8 17 24 30 92 109 122 131 132 157 160 163 164 2 5 70 73 80 81 133 144 155 156 9 10 27 33 167 169 180 181 16 168 184 15
6 7 19 20 21 22 93 94 110 111 127 128 129 130 3 4 78 79 86 87 88 89 90 91
18 23 25 26 42 43 28 29 31 32 12 13 174 175 11 14 173 176
34 35 36 37 66 67 68 69 140 141 151 152 142 143 153 154 172 177
44 45 46 47 82 83 84 85 136 137 145 146 138 139 147 148
95 96 97 98 123 124 125 126 38 39 48 49 40 41 50 51
101 102 103 104 116 117 118 119 56 57 71 72 134 135 149 150
105 106 107 108 112 113 114 115 52 53 74 75 54 55 76 77
99 100 120 121 158 159 161 162 58 59 60 61 62 63 64 65
166 170 179 182 165 171 178 183
