172 84 181 107 23 29 148 177 169 53 108 174 46 147 75 115 31 43 47 85 139 26 74 175 18 0 52 138 114
127 116 123 112 5 42 70 7 155 56 119 145 183 13 165 149 151 25 94 10
159 176 34 143 66 36 68 173 141 99 71 135 121 132 24 153 161
113 96 146 55 35 41 76 32 179 45 152 124 51 182 83 136 28 166 170 105
9 27 134 129 103 156 180 73 104 12 33 11 72 16 144 111 2 167 178 171 101 130 102 110 6 81
48 142 168 160 122 1 157 88 87 90 49 184 15 79 131 3
54 106 37 125 38 77 97 154
65 120 60 62 162 59 64 158 58 4 100 14 61 8 63
86 109 91 98 117 164 82 39 137 118
30 40 57 126 95 150 17
44 50 67 89 78 140
20 22 19 93 128 21
163 92 133 80
69
