3223 3224 3225 3226 4857 4858 4859 4860 145 146 195 196 646 1118 1483 1484 1485 1486 1562 1563 1743 1744 1745 1746 2126 2127 4077 4078 4079 4080 4116 4117 4221 4222 4223 4224 4418 4419 4995 4996 5001 5013 5014 5037 185 186 305 499 500 875 936 937 1371 1372 1375 1376 4020 4030 4031 5064 5077 5078 5202 5203 5204 5205 5321 5322 5338 5339 5362 5554 5668 5669 3435 3436 3437 3438 4785 4786 4787 4788 2893 4715 5676 5848 2917 2918 2921 2922 5698 5699 5702 5703 16 26 27 43 44 49 52 53 60 76 77 96 8
157 158 159 160 266 267 268 269 813 814 815 816 1487 1488 1582 1583 2065 2066 4081 4082 4120 4121 4387 4388 4458 4459 4487 4488 4696 4697 5002 5003 5033 5034 201 270 271 314 315 469 470 704 705 1263 1268 1381 4022 4422 5083 5085 5086 5088 5311 5312 5315 5316 5335 5413 5414 5417 5418 5843 3301 3783 4865 4983 312 313 950 951 1351 1352 1359 1360 1801 1884 2083 2106 3022 3023 3069 3070 3404 3405 3581 3582 3644 3645 3959 3960 4243 4292 4397 4406 4580 4621 4698 4705 4730 4731 4741 4742 4854 4855 4881 4882 4892 4893 4977 4978 5017 5022 5035 5036 390 391 448 613 614 649 768 769 827 828 1249 1277 2898 2903 2910 3479 3484 3491 4021 4023 4420 4421 4716 4867 5221 5222 5265 5266 5317 5318 5319 5320 5369 5370 5383 5384 5419 5420 5421 5422 5685 5686 5764 5765 5844 5845 5846 5847 3220 3422 3455 3820 3973 3996 4780 4813 4856 4931 4950 4984 2906 2909 3487 3490 5687 5690 5768 5769 9 13 37 38 42 61 62 92 93 10 23 32 41 78 81 94 95
244 245 246 247 339 340 652 653 804 805 806 807 2328 2329 2394 2505 2834 2835 4083 4084 4085 4086 4118 4119 4191 4192 4389 4390 4391 4392 4484 4535 111 112 115 116 286 287 459 460 724 2147 2148 2149 4026 4027 5159 5160 5357 5358 5556 5557 210 211 306 307 1098 1099 1349 1350 2602 2675 2848 2867 3068 3149 3635 3716 4246 4247 4293 4294 4400 4401 4407 4408 4740 4761 4891 4912 155 156 202 203 647 648 1239 1240 2136 2139 2152 2153 2899 2900 3482 3483 4032 4033 4034 4035 5342 5347 5360 5361 5539 5544 5555 5558 28 29 30 31 47 69
278 279 280 281 316 317 318 319 843 844 845 846 1489 1490 1491 1492 1574 1575 1576 1577 2067 2068 2069 2070 2334 2335 2336 2337 2401 2402 2403 2404 2840 2841 2842 2843 113 114 149 150 153 154 1373 1374 337 338 1261 1262 1361 1362 1367 1368 1806 1807 1882 1883 2086 2087 2107 2108 2607 2608 2676 2677 2851 2852 2874 2875 3014 3015 3016 3017 3073 3074 3075 3076 3418 3419 3420 3421 3587 3588 3589 3590 3640 3641 3642 3643 3961 3962 3963 3964 234 235 238 239 256 257 260 261 671 672 673 674 1312 1314 1315 1317 2174 2175 2176 2177 2216 2217 2218 2219 3304 3305 3423 3424 3788 3789 3997 3998 3227 3228 3458 3459 3821 3822 3969 3970 2919 2920 6 7 14 15 24 25 4 5 17 18
288 289 290 291 308 309 310 311 837 838 839 840 1497 1498 1499 1500 1588 1589 1590 1591 2079 2080 2081 2082 2330 2331 2332 2333 2405 2406 2407 2408 2836 2837 2838 2839 131 133 134 136 457 706 708 709 711 909 910 911 912 2144 331 332 1087 1088 1357 1358 1365 1366 1804 1805 1887 1888 2090 2091 2109 2110 2603 2604 2673 2674 2849 2850 2868 2869 3018 3019 3020 3021 3079 3080 3081 3082 3414 3415 3416 3417 3583 3584 3585 3586 3646 3647 3648 3649 3965 3966 3967 3968 473 475 476 478 551 552 555 556 855 857 858 860 1294 1296 1297 1299 2162 2163 2164 2165 2210 2211 2212 2213 3302 3303 3460 3461 3790 3791 3971 3972 3221 3222 3427 3428 3823 3824 3999 4000 0 1 19 20 35 36 2 3 33 34
295 296 297 298 323 324 325 326 823 824 825 826 1493 1494 1495 1496 1570 1571 1572 1573 2075 2076 2077 2078 2338 2339 2340 2341 2411 2412 2413 2414 2844 2845 2846 2847 494 581 583 584 586 726 727 728 729 922 924 925 927 2154 321 322 1049 1050 1355 1356 1363 1364 1808 1809 1889 1890 2088 2089 2111 2112 2605 2606 2678 2679 2853 2854 2876 2877 527 528 650 651 696 697 1245 1246 1341 1342 1345 1346 1404 1405 1406 1407 2159 2160 2201 2202 2265 2266 2267 2268 11 12 21 22 39 40
320 329 330 351 788 789 1414 1616 1617 1690 2269 2270 2445 2446 2447 2448 2506 2507 4427 4509 4510 4990 5004 5005 5010 495 496 549 550 2243 2244 2255 2256 5041 5042 5049 5070 5071 5354 5363 5364 5515 5516 5519 5520 294 1089 1254 1324 2977 3091 3092 3550 3654 3655 4717 4751 4752 4868 4902 4903 458 485 619 743 2155 2156 2197 2198 2251 2252 2253 2254 5052 5059 5072 5073 5425 5426 5467 5468 5521 5522 5523 5524 48 65 66
333 334 335 336 364 365 577 578 579 580 821 822 2271 2443 2444 2588 2589 2803 4036 4037 4152 4153 4154 4155 4233 4234 4235 4236 4377 4378 4574 4575 4681 5050 5051 5069 5404 5405 5406 5407 5513 5514 5559 5662 5663 3198 3199 3383 3781 3782 3932 4778 4779 4849 4929 4930 4976 161 162 163 164 1269 1270 1271 1272 2647 2648 2704 2705 4280 4281 4282 4283 4319 4320 4321 4322 4605 4606 4638 4639 5057 5058 5060 5061 5432 5433 5434 5435 5480 5481 5482 5483 5596 5598 5599 5601 5632 5634 5635 5637 5736 5737 5799 5800 3306 3307 3802 3803 4803 4804 4959 4960 3271 3272 3845 3846 4824 4825 4944 4945 5700 5701 72 73 91 79 80 82 83
341 342 343 344 360 361 378 379 835 836 1129 1130 1417 1418 1622 1623 1624 1625 1701 1702 2033 2034 2128 2129 4428 4429 4531 4532 4533 4534 4536 4537 4682 4683 4713 4714 151 152 299 300 303 304 1390 1391 1394 1395 5074 5525 5526 3474 4013 4581 4582 4619 4620 4703 4704 4706 4707 4866 4989 644 645 1339 1340 1396 1397 1398 1399 2904 2905 3485 3486 4423 4424 4425 4426 5684 5691 5761 5770 5841 5842 5849 5850 45 46
352 353 354 355 374 375 392 393 841 842 1135 1136 1415 1416 1612 1613 1614 1615 1691 1692 2035 2036 4712 5032 301 302 327 328 436 437 1377 1378 1802 1803 1885 1886 2084 2085 2104 2105 2978 2979 3087 3088 3089 3090 3150 3151 3384 3385 3477 3478 3546 3547 3670 3671 3672 3673 3719 3720 3933 3934 4016 4017 461 463 464 466 638 640 641 643 829 831 832 834 1301 1302 1303 1304 2953 2954 2973 2974 3520 3521 3542 3543
366 367 368 369 388 389 408 409 849 850 1141 1142 1419 1420 1636 1637 1638 1639 1695 1696 2037 2038 2132 2133 2804 2805 2886 2887 123 124 125 126 1225 1226 1227 1228 1840 1841 1842 1843 1943 1944 1945 1946 2639 2640 2641 2642 2720 2721 2722 2723 2986 2987 3101 3102 3103 3104 3152 3153 3386 3387 3475 3476 3544 3545 3660 3661 3662 3663 3717 3718 3930 3931 4014 4015 511 512 515 516 543 545 546 548 794 796 797 799 1331 1333 1334 1336 2168 2169 2170 2171 2204 2205 2206 2207 5055 5056 5062 5063 5438 5439 5440 5441 5474 5475 5476 5477 5540 5541 5545 5546 5734 5735 5754 5755 5801 5802 5821 5822 3263 3264 3265 3266 3326 3327 3328 3329 3808 3809 3810 3811 3861 3862 3863 3864 74 75 84 85
380 381 382 383 400 401 428 429 861 862 1147 1148 1421 1422 1618 1619 1620 1621 1693 1694 2039 2040 2130 2131 2890 4038 4146 4147 4186 4376 4415 132 135 376 377 1031 1032 1085 1086 1384 1385 101 102 103 104 966 967 968 969 1866 1867 1868 1869 1921 1922 1923 1924 4274 4275 4317 4318 250 251 292 293 449 450 557 558 5542 5543 5547 5548 5756 5757 5819 5820
394 395 812 995 996 1672 1673 1723 1724 2032 2272 2273 2501 2502 2503 2504 2546 2547 2548 2549 2808 2809 4039 4040 4180 4181 4182 4183 4211 4212 4213 4214 4374 4375 248 249 467 468 1264 1265 2245 2247 2248 2250 5045 5046 5047 5048 5403 5408 5527 5528 5549 5648 5649 3147 3148 3162 3163 3702 3703 3725 3726 4244 4245 4295 4296 4398 4399 4409 4410 4759 4760 4770 4771 4906 4907 4921 4922 2901 2902 3480 3481 4024 4025 4028 4029 5429 5430 5471 5472 5535 5536 5537 5538 5560 5561 5602 5603 5656 5657 5658 5659 67 68 70 71
410 411 412 413 896 897 898 899 1123 1124 2274 2275 2463 2464 2465 2466 2542 2543 2544 2545 2888 2889 4156 4157 4205 4206 5006 5007 5011 5012 105 106 109 110 147 148 471 472 2239 2240 2263 2264 5043 5044 5359 5397 5399 5400 5402 5533 5534 5660 5661 3109 3110 3668 3669 4753 4754 4904 4905 970 971 972 973 1201 1202 1203 1204 2633 2634 2635 2636 2724 2725 2726 2727 4264 4265 4331 4332 5018 5019 5025 5026 2157 2158 2199 2200 2259 2260 2261 2262 5444 5445 5446 5447 5492 5493 5494 5495 5567 5568 5569 5570 5615 5616 5617 5618 3324 3325 3800 3801 4830 4831 4942 4943 3261 3262 3859 3860 4797 4798 4961 4962 63 64
430 431 432 433 660 661 1119 1120 1121 1122 1501 1502 1561 2125 4087 4088 4115 4464 4465 4554 4555 4997 4998 5081 5082 5201 5206 5329 5330 5336 5337 3024 3025 3591 3592 4732 4733 4883 4884 985 986 987 988 1209 1210 1211 1212 1834 1835 1933 1934 4599 4600 4644 4645 5240 5241 5242 5243 5288 5289 5290 5291 5345 5346 5348 5349 58 59
438 439 440 441 744 745 746 747 1213 1214 1215 1216 1423 1424 1741 1742 2014 2015 4041 4042 4215 4216 4364 4365 4430 4431 4432 4433 4560 4561 4562 4563 4677 4678 4679 4680 486 487 4018 4019 5038 5093 5094 5097 5098 5139 5140 5143 5144 5651 5652 5653 5654 5828 2980 2981 3176 3177 3365 3366 3548 3549 3739 3740 3916 3917 4718 4719 4772 4773 4847 4848 4869 4870 4923 4924 4974 4975 1241 1242 1243 1244 1273 1274 1275 1276 1852 1853 1915 1916 4607 4608 4609 4610 4640 4641 4642 4643 5113 5114 5117 5118 5119 5120 5123 5124 5585 5586 5587 5588 5621 5622 5623 5624 5729 5730 5731 5732 5788 5789 5790 5791 54 55 87 88
501 502 503 504 666 667 1125 1126 1127 1128 1503 1504 1505 1506 1725 1726 1727 1728 4466 4467 4468 4469 4485 4486 4556 4557 4558 4559 175 177 178 180 923 926 224 225 226 227 1250 1251 1252 1253 1858 1859 1860 1861 1925 1926 1927 1928 3026 3027 3028 3029 3071 3072 3172 3173 3174 3175 3597 3598 3599 3600 3638 3639 3741 3742 3743 3744 2958 2959 2960 2961 3531 3532 3533 3534 5246 5247 5248 5249 5276 5277 5278 5279 5343 5344 5350 5351 5579 5580 5581 5582 5609 5610 5611 5612 3273 3274 3275 3276 3316 3317 3318 3319 3812 3813 3814 3815 3847 3848 3849 3850
517 518 519 520 684 685 1131 1132 1133 1134 1507 1508 1509 1510 1564 1565 1733 1734 1735 1736 2342 2343 2536 2537 3293 3294 3295 3296 362 363 582 585 1071 1072 1318 1319 1320 1321 1917 1918 1919 1920 3593 3594 3595 3596 3636 3637 3735 3736 3737 3738 563 564 5327 5328 2140 2141 3538 3539 5817 5818 3855 3856 3857 3858
531 532 533 534 754 755 756 757 1221 1222 1223 1224 1425 1426 1427 1428 2016 2017 2018 2019 4434 4435 4564 4565 4675 4676 4991 4992 5030 5031 999 1000 1001 1002 1217 1218 1219 1220 1848 1849 1850 1851 1935 1936 1937 1938 2982 2983 2984 2985 3178 3179 3180 3181 3371 3372 3373 3374 3559 3560 3561 3562 3749 3750 3751 3752 3926 3927 3928 3929 5105 5106 5109 5110 5125 5126 5129 5130 5573 5574 5575 5576 5627 5628 5629 5630 5723 5724 5725 5726 5794 5795 5796 5797 3330 3331 3332 3333 3804 3805 3806 3807 3267 3268 3269 3270 3865 3866 3867 3868
535 536 537 538 702 703 1137 1138 1139 1140 1511 1512 1513 1514 1566 1567 1737 1738 1739 1740 2344 2345 2346 2347 2395 2396 2538 2539 2540 2541 725 730 1015 1016 1017 1018 1233 1234 1235 1236 1844 1845 1846 1847 1951 1952 1953 1954 3030 3031 3032 3033 3077 3078 3168 3169 3170 3171 713 714 715 716 1325 1327 1328 1330
565 566 567 568 770 771 772 773 1229 1230 1231 1232 1429 1430 1431 1432 1755 1756 1757 1758 2024 2025 2026 2027 2276 2277 2550 2551 2789 2790 900 901 1353 1354 1386 1387 1278 1279 1280 1281 1862 1863 1864 1865 1929 1930 1931 1932 2990 2991 2992 2993 3182 3183 3184 3185 3379 3380 3381 3382 3555 3556 3557 3558 3745 3746 3747 3748 3922 3923 3924 3925 2137 2138 2927 2928 3492 3493 3312 3313 3314 3315 3816 3817 3818 3819 3285 3286 3287 3288
573 574 741 742 1199 1200 1433 1434 1435 1436 1789 1790 1791 1792 1972 1973 1974 1975 2278 2279 2280 2281 2594 2595 2596 2597 2761 2762 2763 2764 5015 5016 5028 5029 232 233 483 484 1400 1401 5099 5100 5103 5104 5133 5134 5137 5138 5650 5655 5823 3347 3348 3886 3887 4841 4842 4968 4969 902 903 1197 1198 1836 1837 1838 1839 1939 1940 1941 1942 5590 5592 5593 5595 5638 5640 5641 5643 5710 5712 5713 5715 5775 5777 5778 5780 89 90
587 588 589 590 764 765 766 767 1439 1440 1441 1442 1793 1794 1795 1796 1986 1987 1988 1989 4047 4048 4049 4050 4352 4353 4354 4355 107 108 1392 1393 3212 3213 3214 3215 3343 3344 3345 3346 3784 3785 3786 3787 3892 3893 3894 3895 4270 4271 4272 4273 4323 4324 4325 4326 402 403 406 407 629 630 732 733 734 735 847 848 1288 1290 1291 1293 2942 2943 2944 2945 3515 3516 3517 3518
591 592 593 594 776 777 778 779 1568 1569 1797 1798 1799 1800 1982 1983 1984 1985 2397 2398 707 710 5067 5068 5340 5341 5352 5353 2653 2654 2655 2656 2710 2711 2712 2713 3216 3217 3218 3219 3339 3340 3341 3342 3777 3778 3779 3780 3888 3889 3890 3891 521 523 524 526 1256 1257 1258 1259 5716 5718 5719 5721 5781 5783 5784 5786
595 596 597 598 784 785 786 787 1783 1784 1980 1981 2282 2283 2284 2285 2598 2599 2600 2601 2757 2758 2759 2760 4237 4238 4346 4347 774 775 2241 2242 2643 2644 2645 2646 2728 2729 2730 2731 529 530 1247 1248 1343 1344
599 600 601 602 800 801 802 803 938 939 940 941 1785 1786 1787 1788 1976 1977 1978 1979 4043 4044 4045 4046 4239 4240 4241 4242 4348 4349 4350 4351 137 138 139 140 176 179 4266 4267 4268 4269 4327 4328 4329 4330 1322 1323 1347 1348 1379 1380 1382 1383
636 637 718 719 1108 1109 1515 1516 1517 1518 2348 2349 2350 2351 2795 2796 2797 2798 1171 1172 5095 5096 5313 5314 1237 1238 1266 1267 654 655 1337 1338 1410 1411 1412 1413 5371 5372 5375 5376 5385 5386 5389 5390
656 657 658 659 780 781 782 783 1747 1748 1749 1750 2028 2029 2030 2031 2288 2289 2290 2291 2552 2553 2554 2555 2791 2792 2793 2794 2649 2650 2651 2652 2706 2707 2708 2709 218 219 222 223 272 273 276 277
720 721 722 723 737 738 739 740 1114 1115 1116 1117 2352 2353 2354 2355 2799 2800 2801 2802 4093 4094 4095 4096 4122 4123 4124 4125 4370 4371 4372 4373 668 669 2661 2662 2663 2664 2714 2715 2716 2717 4276 4277 4278 4279 4313 4314 4315 4316 169 170 173 174 604 605 606 607 2185 2187 2188 2190 2234 2235 2236 2237 2929 2931 2932 2934 3502 3504 3505 3507
750 751 752 753 978 1965 2286 2287 2495 2496 4051 4052 4053 4054 4993 4994 5008 5009 2145 2146 5101 5102 2988 2989 3563 3564 4720 4721 4871 4872 2637 2638 2718 2719 5165 5166 5169 5170 5175 5176 5179 5180 5455 5457 5458 5460 5503 5505 5506 5508 50 51
894 895 1047 1048 1437 1438 1626 1627 2292 2293 2294 2295 2746 2747 4055 4056 4345 5027 892 893 5193 5194 5219 5220 5509 5510 3334 3881 4840 4967 5020 5021 5023 5024 5181 5182 5185 5186 5187 5188 5191 5192 5450 5451 5452 5453 5486 5487 5488 5489 5708 5709 5773 5774 86
904 905 906 907 993 994 1063 1064 1065 1066 1447 1448 1449 1450 1628 1629 1630 1631 1968 1969 4436 4437 4511 4512 4658 3877 3878 3879 3880 1388 1389 1854 1855 1856 1857 2994 2995 2996 2997 3111 3112 3113 3114 3335 3336 5215 5216 5529 5530 5826 1282 1284 1285 1287 2971 2972 5750 5751
914 915 916 917 997 998 1077 1078 1079 1080 1443 1444 1445 1446 1632 1633 1634 1635 1963 1964 4438 4439 4440 4441 4513 4514 4515 4516 4659 4660 2998 2999 3000 3001 3105 3106 3107 3108 3337 3338 3551 3552 3553 3554 3674 3675 3676 3677 3884 3885 4601 4602 4603 4604 4646 4647 4648 4649 758 760 761 763 1306 1308 1309 1311 2964 2965 2966 2967 3525 3526 3527 3528 5706 5707 5771 5772
928 929 930 931 1007 1008 1090 1091 1092 1093 1455 1456 1457 1458 1644 1645 1646 1647 1970 1971 2308 2309 2310 2311 2453 2454 2455 2456 2744 2745 3565 3566 3567 3568 3678 3679 3680 3681 3882 3883 5163 5164 5173 5174 5217 5218 5427 5428 5469 5470 5531 5532 5679 5758 5827 2896 2897 3536 3537
942 943 944 945 1013 1014 1100 1101 1102 1103 1459 1460 1461 1462 1640 1641 1642 1643 1966 1967 2457 2458 2748 3289 3290 3291 3292 2142 2143 3976 3977 3978 3979 5766 5767
983 984 1003 1004 1005 1006 1055 1056 1057 1058 2296 2297 2298 2299 2749 2750 4174 4175 4525 4526 2257 2258 5213 5214 5511 5512 3139 3140 3141 3142 3708 3709 3710 3711 2925 2926 3494 3495 5462 5463 5464 5465 5497 5499 5500 5502
1009 1010 1011 1012 1678 1679 1680 1681 1751 1752 1753 1754 4460 4461 4462 4463 4527 4528 4529 4530 5141 5142 5415 5416 3143 3144 3145 3146 3712 3713 3714 3715 5564 5565 5606 5607 5664 5665 5666 5667 422 423 426 427 621 622 817 818
1019 1020 1021 1022 1674 1675 1676 1677 4661 4662 3010 3011 3012 3013 3190 3191 3192 3193 5167 5168 5517 5518 5759 5760 5833 5834 3522 3523
1027 1028 1029 1030 1686 1687 1688 1689 1729 1730 1731 1732 2491 2492 2493 2494 5239 5244 5287 5292 2894 2895 2913 2914 2969 2970
1037 1038 1039 1040 1682 1683 1684 1685 2751 2752 3002 3003 3004 3005 3194 3195 3196 3197 4832 4833 4834 4835 3488 3489
1067 1068 1069 1070 1173 1174 1175 1176 2380 2381 4105 4106 4478 4479 4999 5000 5431 5436 5479 5484 5207 5209 5210 5212 3058 3059 3625 3626 4738 4739 4889 4890 56 57
1169 1170 1539 1540 2382 2383 2384 2385 2399 2400 2514 2515 4107 4108 4109 4110 4184 4185 4341 4342 5079 5080 5171 5172 5307 5308 5323 5324 3060 3061 3062 3063 3631 3632 3633 3634 5225 5226 5267 5268 5331 5332 5333 5334 446 447 497 498 819 820 960 961
1177 1178 1179 1180 1549 1550 1551 1552 4480 4481 4482 4483 4493 4494 4495 4496 4663 4664 4665 4666 5398 5401 3064 3065 3066 3067 3627 3628 3629 3630 5680 5681 5831 5832 5299 5301 5302 5304 5391 5392 5395 5396 5677 5678 5815 5816
1185 1186 1187 1188 1545 1546 1547 1548 1578 1579 1580 1581 3237 3238 3239 3240 3851 3852 3853 3854
1189 1190 1191 1192 1553 1554 1555 1556 2390 2391 2392 2393 2753 2754 2755 2756 5373 5374 5387 5388 2911 2912
1193 1194 1195 1196 1557 1558 1559 1560 2409 2410 3241 3242 3243 3244 3388 3389 3390 3391 5711 5714 4814 4815
1205 1206 1207 1208 2508 2509 2806 2807 4343 4344 4416 4417 2246 2249 5089 5090 5131 5132 5145 5146 5157 5158 5091 5092 5111 5112 5153 5154 5155 5156 187 188 191 192 212 213 216 217 2948 2949 2950 2951 3509 3510 3511 3512
2020 2021 2022 2023 2459 2460 2461 2462 165 166 167 168 3158 3159 3160 3161 908 913 5837 5838 5839 5840
2071 2072 2073 2074 4057 4058 4059 4060 206 207 208 209 4667 4668 4669 4670 1094 1095 1096 1097 4497 4498 4499 4500 513 514 5208 5211 5745 5746 5747 5748
2386 2387 2388 2389 2439 2440 2441 2442 2556 2557 2558 2559 4111 4112 4113 4114 4217 4218 4219 4220 171 172 603 608 5251 5253 5254 5256 5692 5693 5752 5753
2449 2450 2451 2452 2560 2561 2562 2563 2891 2892 4148 4149 4150 4151 609 610 611 612 1463 1464 1465 1466 3974 3975
2497 2498 2499 2500 4089 4090 4091 4092 4176 4177 4178 4179 4207 4208 4209 4210 189 190 214 215 5148 5149 5150 5151 5223 5224 5263 5264 5325 5326
2590 2591 2592 2593 4576 4577 4578 4579 345 346 347 348 1451 1452 1453 1454 876 877 878 879 979 980 981 982 1660 1661 1662 1663 2045 2046 2047 2048 5115 5116 5473 5478 5782 5785
4134 4135 4136 4137 4366 4367 4368 4369 384 385 386 387 1531 1532 1533 1534 1149 1150 1151 1152 1907 1908 1909 1910 2356 2357 2358 2359 4634 4635 4636 4637 553 554 1300 1305 2173 2178 5275 5280 5682 5683
4158 4159 4160 4161 97 98 99 100 1475 1476 1477 1478 2568 2569 2570 2571 4970 4971 4972 4973 1023 1024 1025 1026 1181 1182 1183 1184 1767 1768 1769 1770 2006 2007 2008 2009 2316 2317 2318 2319 2657 2658 2659 2660 4877 4878 4879 4880 4946 4947 4948 4949 258 259 404 405 759 762 856 859 5189 5190 5269 5274 5591 5594 5728 5733 5270 5273
4162 4163 4164 4165 252 253 254 255 1535 1536 1537 1538 2609 2610 2611 2612 4699 4700 4701 4702 863 864 865 866 1161 1162 1163 1164 1719 1720 1721 1722 1814 1815 1816 1817 2364 2365 2366 2367 2855 2856 2857 2858 4546 4547 4548 4549 4583 4584 4585 4586 1307 1310 2179 2184 5177 5178 5233 5238 5633 5636 5722 5727 2180 2183 5235 5236
4393 4394 4395 4396 418 419 420 421 1604 1605 1606 1607 2368 2369 2370 2371 1143 1144 1145 1146 1527 1528 1529 1530 2427 2428 2429 2430 2528 2529 2530 2531 4898 4899 4900 4901 4913 4914 4915 4916 5121 5122 5578 5583
4692 4693 4694 4695 488 489 490 491 1584 1585 1586 1587 2320 2321 2322 2323 4360 4361 4362 4363 181 182 183 184 790 791 792 793 1759 1760 1761 1762 2002 2003 2004 2005 2572 2573 2574 2575 2781 2782 2783 2784 4073 4074 4075 4076 4130 4131 4132 4133 620 623 1313 1316 2209 2214 5379 5380 5378 5381
569 570 571 572 1656 1657 1658 1659 2300 2301 2302 2303 3825 3826 3827 3828 370 371 372 373 624 625 626 627 1895 1896 1897 1898 2471 2472 2473 2474 2576 2577 2578 2579 3686 3687 3688 3689 3765 3766 3767 3768 424 425 639 642 670 675 5107 5108 5183 5184 5614 5619
632 633 634 635 1703 1704 1705 1706 2376 2377 2378 2379 4356 4357 4358 4359 1081 1082 1083 1084 1157 1158 1159 1160 1541 1542 1543 1544 1994 1995 1996 1997 2423 2424 2425 2426 2532 2533 2534 2535 4126 4127 4128 4129 4193 4194 4195 4196 462 465 830 833 5437 5442 5608 5613
662 663 664 665 1664 1665 1666 1667 2524 2525 2526 2527 4097 4098 4099 4100 974 975 976 977 1830 1831 1832 1833 2360 2361 2362 2363 2487 2488 2489 2490 4260 4261 4262 4263 2203 2208 5393 5394 5449 5454
680 681 682 683 1697 1698 1699 1700 2475 2476 2477 2478 4101 4102 4103 4104 956 957 958 959 1523 1524 1525 1526 1652 1653 1654 1655 2736 2737 2738 2739 4197 4198 4199 4200 4333 4334 4335 4336 5300 5303 5498 5501 5377 5382
871 872 873 874 1779 1780 1781 1782 2415 2416 2417 2418 3569 3570 3571 3572 1479 1480 1481 1482 1596 1597 1598 1599 3984 3985 3986 3987 686 691 1255 1260 5294 5297 5456 5459 688 689 5293 5298
884 885 886 887 1810 1811 1812 1813 2435 2436 2437 2438 4229 4230 4231 4232 228 229 230 231 932 933 934 935 1771 1772 1773 1774 2580 2581 2582 2583 2810 2811 2812 2813 4142 4143 4144 4145 4252 4253 4254 4255 5485 5490
918 919 920 921 1763 1764 1765 1766 2483 2484 2485 2486 3573 3574 3575 3576 1467 1468 1469 1470 1818 1819 1820 1821 2324 2325 2326 2327 2613 2614 2615 2616 3704 3705 3706 3707 3761 3762 3763 3764 712 717 2221 2226 5127 5128 5566 5571 2223 2224
962 963 964 965 1822 1823 1824 1825 2584 2585 2586 2587 3577 3578 3579 3580 676 677 678 679 2629 2630 2631 2632 3690 3691 3692 3693 3773 3774 3775 3776 236 237 2233 2238 5443 5448 5584 5589
989 990 991 992 1874 1875 1876 1877 2680 2681 2682 2683 4225 4226 4227 4228 141 142 143 144 4284 4285 4286 4287 4301 4302 4303 4304 628 631 1283 1286 5461 5466
1043 1044 1045 1046 1903 1904 1905 1906 2510 2511 2512 2513 4166 4167 4168 4169 414 415 416 417 451 452 453 454 1648 1649 1650 1651 2777 2778 2779 2780 4187 4188 4189 4190 4305 4306 4307 4308 2161 2166 5776 5779
1073 1074 1075 1076 1891 1892 1893 1894 2665 2666 2667 2668 4470 4471 4472 4473 2053 2054 2055 2056 2822 2823 2824 2825 4615 4616 4617 4618 4630 4631 4632 4633 5252 5255 5281 5286 5744 5749 5283 5284
1104 1105 1106 1107 1947 1948 1949 1950 2621 2622 2623 2624 4170 4171 4172 4173 698 699 700 701 1668 1669 1670 1671 2479 2480 2481 2482 2765 2766 2767 2768 4256 4257 4258 4259 2167 2172 5504 5507 5787 5792 687 690
1110 1111 1112 1113 1998 1999 2000 2001 2688 2689 2690 2691 3006 3007 3008 3009 2769 2770 2771 2772 2870 2871 2872 2873 3349 3350 3351 3352 3466 3467 3468 3469 544 547 1289 1292 5227 5232 5258 5261 5809 5814 5228 5231 5257 5262 5810 5813
1153 1154 1155 1156 2010 2011 2012 2013 2732 2733 2734 2735 3083 3084 3085 3086 1959 1960 1961 1962 3034 3035 3036 3037 3367 3368 3369 3370 5793 5798 5295 5296
1165 1166 1167 1168 2049 2050 2051 2052 3093 3094 3095 3096 3721 3722 3723 3724 282 283 284 285 808 809 810 811 1592 1593 1594 1595 1715 1716 1717 1718 3050 3051 3052 3053 3396 3397 3398 3399 3613 3614 3615 3616 3935 3936 3937 3938 1295 1298 5620 5625
2061 2062 2063 2064 2773 2774 2775 2776 3097 3098 3099 3100 3731 3732 3733 3734 2419 2420 2421 2422 2520 2521 2522 2523 3406 3407 3408 3409 3904 3905 3906 3907 3951 3952 3953 3954 1326 1329 2228 2231 5626 5631 2181 2182 2229 2230
2096 2097 2098 2099 2785 2786 2787 2788 3154 3155 3156 3157 3656 3657 3658 3659 1608 1609 1610 1611 1707 1708 1709 1710 2431 2432 2433 2434 2516 2517 2518 2519 3443 3444 3445 3446 3908 3909 3910 3911 3988 3989 3990 3991
2121 2122 2123 2124 2818 2819 2820 2821 3164 3165 3166 3167 3650 3651 3652 3653 1600 1601 1602 1603 1711 1712 1713 1714 3470 3471 3472 3473 4001 4002 4003 4004 1332 1335 2186 2189 5572 5577 5597 5600
2830 2831 2832 2833 3245 3246 3247 3248 3727 3728 3729 3730 4402 4403 4404 4405 3410 3411 3412 3413 3451 3452 3453 3454 3947 3948 3949 3950 4248 4249 4250 4251 2192 2195 2941 2946 3497 3500 5717 5720 2193 2194 3498 3499
2863 2864 2865 2866 3249 3250 3251 3252 3664 3665 3666 3667 240 241 242 243 692 693 694 695 2625 2626 2627 2628 3054 3055 3056 3057 3447 3448 3449 3450 3621 3622 3623 3624 3992 3993 3994 3995 274 275 5245 5250 5738 5743 5739 5742
2882 2883 2884 2885 3253 3254 3255 3256 3829 3830 3831 3832 356 357 358 359 2692 2693 2694 2695 3042 3043 3044 3045 3601 3602 3603 3604 4005 4006 4007 4008 220 221
3257 3258 3259 3260 3833 3834 3835 3836 4474 4475 4476 4477 1826 1827 1828 1829 3046 3047 3048 3049 3123 3124 3125 3126 4595 4596 4597 4598 4626 4627 4628 4629 795 798 2936 2939 3530 3535 2935 2940 5271 5272
3297 3298 3299 3300 3837 3838 3839 3840 4734 4735 4736 4737 1878 1879 1880 1881 1911 1912 1913 1914 3038 3039 3040 3041 3131 3132 3133 3134 3609 3610 3611 3612 3698 3699 3700 3701 4809 4810 4811 4812 4820 4821 4822 4823 2957 2962 3508 3513 5491 5496
3841 3842 3843 3844 4411 4412 4413 4414 4755 4756 4757 4758 880 881 882 883 952 953 954 955 3682 3683 3684 3685 4065 4066 4067 4068 4309 4310 4311 4312 4722 4723 4724 4725 522 525 3503 3506 3524 3529
3869 3870 3871 3872 4517 4518 4519 4520 4885 4886 4887 4888 4550 4551 4552 4553 4654 4655 4656 4657 4963 4964 4965 4966 474 477 3514 3519 3496 3501
3873 3874 3875 3876 4379 4380 4381 4382 4908 4909 4910 4911 867 868 869 870 3939 3940 3941 3942 4061 4062 4063 4064 4337 4338 4339 4340 4873 4874 4875 4876 5803 5808 5805 5806
4383 4384 4385 4386 4566 4567 4568 4569 505 506 507 508 1059 1060 1061 1062 2057 2058 2059 2060 4288 4289 4290 4291 4297 4298 4299 4300
4521 4522 4523 4524 4774 4775 4776 4777 2564 2565 2566 2567 3753 3754 3755 3756 4446 4447 4448 4449 4650 4651 4652 4653 4836 4837 4838 4839
4570 4571 4572 4573 4843 4844 4845 4846 539 540 541 542 1775 1776 1777 1778 4454 4455 4456 4457 4501 4502 4503 4504 4726 4727 4728 4729 4743 4744 4745 4746 731 736 5282 5285
4671 4672 4673 4674 4850 4851 4852 4853 1033 1034 1035 1036 2814 2815 2816 2817 4505 4506 4507 4508 4538 4539 4540 4541 4747 4748 4749 4750 4762 4763 4764 4765
4684 4685 4686 4687 4925 4926 4927 4928 559 560 561 562 3204 3205 3206 3207 4442 4443 4444 4445 4951 4952 4953 4954 2930 2933 2947 2952
4688 4689 4690 4691 4861 4862 4863 4864 851 852 853 854 1051 1052 1053 1054 2100 2101 2102 2103 4542 4543 4544 4545 4587 4588 4589 4590 4766 4767 4768 4769 4789 4790 4791 4792
4708 4709 4710 4711 262 263 264 265 615 616 617 618 1990 1991 1992 1993 2113 2114 2115 2116 3900 3901 3902 3903 5639 5642
4979 4980 4981 4982 127 128 129 130 1519 1520 1521 1522 2826 2827 2828 2829 4917 4918 4919 4920
4985 4986 4987 4988 396 397 398 399 442 443 444 445 2117 2118 2119 2120 2878 2879 2880 2881 4955 4956 4957 4958 2191 2196
119 120 121 122 946 947 948 949 1955 1956 1957 1958 2372 2373 2374 2375 2467 2468 2469 2470 3115 3116 3117 3118
197 198 199 200 1870 1871 1872 1873 3119 3120 3121 3122 3208 3209 3210 3211 3769 3770 3771 3772
888 889 890 891 1471 1472 1473 1474 1899 1900 1901 1902 2312 2313 2314 2315 2684 2685 2686 2687 3186 3187 3188 3189
2041 2042 2043 2044 2304 2305 2306 2307 2740 2741 2742 2743 3127 3128 3129 3130 117 118
2092 2093 2094 2095 2617 2618 2619 2620 2696 2697 2698 2699 3617 3618 3619 3620 4934 4935 4936 4937 2215 2220 5804 5807
2669 2670 2671 2672 2700 2701 2702 2703 3135 3136 3137 3138 3357 3358 3359 3360 3896 3897 3898 3899 434 435
2859 2860 2861 2862 3200 3201 3202 3203 4069 4070 4071 4072 4894 4895 4896 4897 2963 2968
3353 3354 3355 3356 3400 3401 3402 3403 4450 4451 4452 4453 4489 4490 4491 4492 455 456
3361 3362 3363 3364 3392 3393 3394 3395 3912 3913 3914 3915 5039 5040 5423 5424 4781 4782 4783 4784 4932 4933
3375 3376 3377 3378 4138 4139 4140 4141 4611 4612 4613 4614 5053 5054 2222 2225
3462 3463 3464 3465 3605 3606 3607 3608 4009 4010 4011 4012 4591 4592 4593 4594 5409 5410
3694 3695 3696 3697 3757 3758 3759 3760 4622 4623 4624 4625 349 350 1369 1370 5065 5066
3918 3919 3920 3921 3955 3956 3957 3958 4201 4202 4203 4204 575 576 2134 2135 5234 5237
3943 3944 3945 3946 4816 4817 4818 4819 5075 5076 5365 5366 479 480 1041 1042 2955 2956
4793 4794 4795 4796 5084 5087 2227 2232 2937 2938 3431 3432 3433 3434
4938 4939 4940 4941 5195 5196 5197 5198 5199 5200 492 493 748 749 3980 3981 3982 3983 3429 3430
193 194 1408 1409 5135 5136 5161 5162 3229 3230 3231 3232 3792 3793 3794 3795 5696 5697 5704 5705
204 205 509 510 5147 5152 5367 5368 5259 5260 3281 3282 3283 3284 3308 3309 3310 3311 4805 4806 4807 4808 4826 4827 4828 4829
481 482 5305 5306 5644 5645 5562 5563 5604 5605 5670 5671 5672 5673 3425 3426 3456 3457 2915 2916 2923 2924
1402 1403 5309 5310 5411 5412 5229 5230 3277 3278 3279 3280 3320 3321 3322 3323 4799 4800 4801 4802
2150 2151 5355 5356 5552 5553 5829 5830 5762 5763 3439 3440 3441 3442 5688 5689
5550 5551 5835 5836 2975 2976 3540 3541 5674 5675 5694 5695
5646 5647 3233 3234 3235 3236 3796 3797 3798 3799
5824 5825 5740 5741 5811 5812 2907 2908
