3223 3224 3225 3226 4857 4858 4859 4860 125 126 127 128 312 313 314 315 936 937 938 939 1501 1502 1503 1504 1614 1615 1616 1617 1779 1780 1781 1782 4087 4088 4146 4147 4233 4234 4464 4465 4509 4510 4574 4575 242 243 244 245 368 369 563 564 619 620 888 889 1038 1225 4020 5069 5133 5135 5136 5138 5210 5211 5212 5213 5352 5406 5407 5408 5409 5559 3435 3436 3437 3438 4785 4786 4787 4788 2893 4715 5674 5848 2917 2918 2921 2922 5698 5699 5702 5703 6 7 13 14 38 43 56 57 63 64 74 75 8
129 130 362 363 968 969 1539 1540 1612 1613 1741 1742 2380 2381 2439 2440 2546 2547 4105 4106 4215 4216 4478 4479 4560 4561 4999 5000 5004 5005 5013 5014 285 479 528 750 902 940 1188 2144 2151 2154 4023 4422 5074 5139 5141 5142 5144 5209 5214 5400 5401 5402 5403 5556 3301 3791 4865 4983 474 671 755 1249 1805 1882 2085 2104 2604 2673 2850 2871 3058 3059 3099 3100 3168 3169 3621 3622 3650 3651 3735 3736 4243 4296 4397 4406 4580 4619 4700 4705 4738 4739 4751 4752 4772 4773 4889 4890 4902 4903 4923 4924 5017 5022 5035 5036 416 423 846 861 903 947 948 949 2134 2141 2152 2153 2898 2903 2910 3479 3484 3491 4021 4022 4420 4421 4716 4867 5225 5226 5265 5266 5331 5332 5333 5334 5429 5430 5469 5470 5521 5522 5523 5524 5562 5563 5602 5603 5662 5663 5666 5667 3220 3422 3457 3822 3969 3996 4780 4815 4856 4931 4950 4984 2908 2909 3489 3490 5687 5690 5766 5769 9 12 23 48 58 59 72 73 28 31 46 47 76 81 94 95
147 148 346 347 1045 1291 1414 1630 1631 1727 1728 2125 2269 2449 2450 2532 2533 2888 4036 4156 4157 4205 4206 4419 4427 4515 4516 4554 4555 4712 4990 5006 5007 5011 5012 5037 5043 5044 5048 5049 5359 5399 5404 5533 5534 5553 5660 5661 2977 3101 3102 3166 3167 3474 3544 3664 3665 3733 3734 4013 4717 4753 4754 4770 4771 4866 4868 4904 4905 4921 4922 4989 121 122 468 469 1848 1849 1911 1912 2651 2652 2704 2705 4274 4275 4313 4314 4605 4606 4638 4639 5020 5021 5023 5024 5057 5058 5060 5061 5450 5451 5452 5453 5486 5487 5488 5489 5567 5568 5569 5570 5609 5610 5611 5612 5756 5757 5819 5820 3304 3305 3810 3811 4803 4804 4959 4960 3275 3276 3855 3856 4828 4829 4944 4945 5700 5701 49 65 66 70 71 96 77 78 82 83
163 164 165 166 388 389 390 391 970 971 972 973 2382 2383 2384 2385 2445 2446 2447 2448 2556 2557 2558 2559 4111 4112 4113 4114 4148 4149 4150 4151 4217 4218 4219 4220 241 246 324 326 327 329 2245 2247 2248 2250 490 491 694 695 774 775 1252 1253 2615 2616 2678 2679 2857 2858 2880 2881 4244 4245 4292 4293 4400 4401 4407 4408 3060 3061 3062 3063 3095 3096 3097 3098 3178 3179 3180 3181 3627 3628 3629 3630 3674 3675 3676 3677 3749 3750 3751 3752 485 486 487 488 784 785 788 789 2185 2187 2188 2190 2233 2235 2236 2238 2929 2931 2932 2934 3496 3498 3499 3501 3314 3315 3458 3459 3789 3790 3970 3971 3221 3222 3425 3426 3823 3824 3999 4000 2919 2920 15 16 26 27 39 40 24 25 36 37
167 168 279 280 281 282 480 481 482 483 1178 1179 1415 1416 1743 1744 1745 1746 2126 2127 4037 4038 4152 4153 4154 4155 4221 4222 4223 4224 4417 4418 428 429 432 433 446 447 450 451 462 463 466 467 5041 5042 5050 5051 5525 5526 5668 5669 573 574 756 757 780 781 1186 1187 1801 1802 1883 1884 2083 2084 2105 2106 4246 4247 4294 4295 4398 4399 4409 4410 2978 2979 3477 3478 3547 3548 4016 4017 5054 5059 5072 5073 5691 5770 5849 5850 107 110 223 224 227 228 247 248 251 252 613 614 617 618 910 911 2942 2943 2944 2945 3515 3516 3517 3518 21 22 41 42
173 174 175 176 378 379 380 381 1050 1051 1292 1293 2270 2271 2455 2456 2457 2458 2538 2539 2540 2541 2886 2887 4428 4429 4517 4518 4519 4520 4556 4557 4558 4559 4713 4714 263 265 266 268 834 836 837 839 2246 2249 2602 2603 2674 2675 2848 2849 2869 2870 4581 4582 4620 4621 4698 4699 4706 4707 2984 2985 3111 3112 3113 3114 3170 3171 3172 3173 3475 3476 3545 3546 3666 3667 3668 3669 3737 3738 3739 3740 4014 4015 5425 5426 5467 5468 5529 5530 5531 5532 5560 5561 5604 5605 5656 5657 5658 5659 457 458 459 460 808 809 812 813 2168 2169 2170 2171 2204 2205 2206 2207 2964 2965 2966 2967 3525 3526 3527 3528 3302 3303 3429 3430 3787 3788 3997 3998 3227 3228 3460 3461 3820 3821 3972 3973 19 20 44 45 32 33 34 35
195 196 197 198 419 420 421 422 974 975 976 977 1549 1550 1551 1552 1618 1619 1620 1621 1747 1748 1749 1750 4480 4481 4482 4483 4511 4512 4513 4514 4562 4563 4564 4565 264 267 348 349 352 353 1390 1391 1394 1395 533 534 710 711 1174 1175 1256 1257 1803 1804 1887 1888 2088 2089 2107 2108 3064 3065 3066 3067 3103 3104 3105 3106 3182 3183 3184 3185 3631 3632 3633 3634 3670 3671 3672 3673 3745 3746 3747 3748 542 543 544 545 1073 1074 1075 1076 1307 1308 1309 1310 1355 1356 1357 1358 2 3 17 18
203 204 330 331 332 333 502 503 504 505 1184 1185 1417 1418 1640 1641 1642 1643 1733 1734 1735 1736 2132 2133 2161 2166 2209 2214 835 838 581 582 776 777 782 783 1189 1190 1806 1807 1889 1890 2090 2091 2109 2110 10 11
217 218 219 220 412 413 414 415 1060 1061 1296 1297 1419 1420 1636 1637 1638 1639 1729 1730 1731 1732 2128 2129 2957 2962 3530 3535 185 186 187 188 518 519 520 521 1858 1859 1860 1861 1925 1926 1927 1928
237 238 239 240 452 453 454 455 980 981 982 983 1545 1546 1547 1548 2963 2968 3524 3529 561 562 742 743 778 779 1180 1181 0 1
253 254 255 256 442 443 444 445 1176 1177 1294 1295 1421 1422 1644 1645 1646 1647 1737 1738 1739 1740 2130 2131 2272 2273 2459 2460 2461 2462 2542 2543 2544 2545 2889 2890 357 358 359 360 583 585 586 588 829 830 831 832 1808 1809 1885 1886 2086 2087 2111 2112 2605 2606 2676 2677 2851 2852 2867 2868 3107 3108 3109 3110 3174 3175 3176 3177 3678 3679 3680 3681 3741 3742 3743 3744 205 206 209 210 854 855 856 857 1330 1332 1333 1335 1378 1380 1381 1383 2180 2181 2182 2183 2222 2223 2224 2225 4 5 29 30
288 289 290 291 475 476 477 478 988 989 990 991 1557 1558 1559 1560 2386 2387 2388 2389 356 361 430 431 5147 5149 5150 5152 5195 5197 5198 5200 271 272 273 274 565 566 567 568 1862 1863 1864 1865 1929 1930 1931 1932 2647 2648 2649 2650 2706 2707 2708 2709 171 172 177 178 748 749 826 827 1302 1303 1346 1347 1410 1411 1412 1413 2157 2158 2199 2200 2251 2252 2253 2254 5257 5259 5260 5262 5293 5295 5296 5298
512 513 514 515 904 905 906 907 1086 1087 1088 1089 1423 1424 2010 2011 2276 2277 2789 2790 4041 4042 4360 4361 4430 4431 4675 4676 283 284 952 953 5038 5091 5092 5095 5096 5140 5143 5651 5652 5653 5654 5828 2990 2991 3373 3374 3549 3550 3912 3913 4718 4719 4847 4848 4869 4870 4974 4975 308 309 310 311 589 590 591 592 221 222 764 765 941 942 1215 1216 5111 5112 5115 5116 5125 5126 5129 5130 5579 5580 5581 5582 5627 5628 5629 5630 5729 5730 5731 5732 5788 5789 5790 5791 50 51 89 90
676 677 912 913 1127 1260 1505 1506 1672 1673 1694 1969 2338 2339 2495 2496 2507 2744 4089 4090 4091 4092 4180 4181 4182 4183 4184 4185 4342 4343 4997 4998 5008 5009 5010 5027 286 287 908 909 2145 2146 4030 4031 5148 5151 5159 5160 5305 5306 5362 5375 5376 5511 5512 3028 3029 3131 3132 3149 3334 3595 3596 3706 3707 3728 3881 4732 4733 4759 4760 4761 4840 4883 4884 4910 4911 4912 4967 269 270 340 341 1842 1843 1937 1938 2633 2634 2718 2719 4266 4267 4268 4269 4333 4334 4335 4336 5018 5019 5025 5026 2901 2902 3482 3483 4026 4027 4028 4029 5240 5241 5242 5243 5288 5289 5290 5291 5455 5457 5458 5460 5503 5505 5506 5508 5543 5544 5547 5548 5706 5707 5779 5780 3320 3321 3796 3797 4830 4831 4942 4943 3261 3262 3853 3854 4793 4794 4961 4962 67 68 69 86 79 80 84 85
678 679 1008 1009 1090 1238 1483 1484 1561 1787 1788 2036 2328 2329 2330 2331 2394 2395 2588 2589 2590 2591 2806 2807 4458 4459 4484 4683 4995 4996 5001 5015 5016 5032 302 303 766 767 2243 2244 2255 2256 5064 5081 5082 5196 5199 5309 5310 5338 5339 5664 5665 3010 3011 3070 3210 3211 3385 3585 3586 3637 3773 3774 3930 4730 4731 4740 4778 4779 4849 4881 4882 4891 4929 4930 4976 2635 2636 2637 2638 2720 2721 2722 2723 4603 4604 4644 4645 5228 5229 5230 5231 5282 5283 5284 5285 5341 5342 5350 5351 5590 5592 5593 5595 5638 5640 5641 5643 5734 5735 5801 5802 54 55 60 91
696 697 698 699 916 917 918 919 1132 1133 1265 1266 2344 2345 2346 2347 2491 2492 2493 2494 2505 2506 2745 2746 4466 4467 4468 4469 4529 4530 4531 4532 4540 4541 4659 4660 157 158 159 160 494 495 496 497 3020 3021 3022 3023 3137 3138 3139 3140 3150 3151 3335 3336 3597 3598 3599 3600 3708 3709 3710 3711 3718 3719 3884 3885 4607 4608 4609 4610 4640 4641 4642 4643 2162 2163 2164 2165 2210 2211 2212 2213 2958 2959 2960 2961 3531 3532 3533 3534 5246 5247 5248 5249 5276 5277 5278 5279 5461 5463 5464 5466 5497 5499 5500 5502 5541 5542 5545 5546 5708 5709 5771 5772 3281 3282 3283 3284 3316 3317 3318 3319 3816 3817 3818 3819 3857 3858 3859 3860
702 703 704 705 1010 1011 1012 1013 1093 1094 1239 1240 2332 2333 2334 2335 2399 2400 2594 2595 2596 2597 2803 2804 4077 4078 4117 4374 464 465 555 556 896 897 2239 2240 2263 2264 304 305 306 307 374 375 376 377 2643 2644 2645 2646 2728 2729 2730 2731 3016 3017 3018 3019 3068 3069 3212 3213 3214 3215 3383 3384 3587 3588 3589 3590 3638 3639 3783 3784 3785 3786 3933 3934 4264 4265 4327 4328 2925 2926 2973 2974 3494 3495 3542 3543 3326 3327 3328 3329 3806 3807 3808 3809 3271 3272 3273 3274 3865 3866 3867 3868
716 717 718 719 922 923 924 925 1271 1272 1298 1299 1507 1508 1509 1510 1678 1679 1680 1681 1697 1698 1967 1968 4093 4094 4095 4096 4176 4177 4178 4179 4186 4187 4344 4345 316 317 320 321 1392 1393 336 337 338 339 404 405 406 407 1844 1845 1846 1847 1943 1944 1945 1946 3030 3031 3032 3033 3145 3146 3147 3148 3152 3153 3337 3338 3591 3592 3593 3594 3712 3713 3714 3715 3716 3717 3882 3883 4270 4271 4272 4273 4323 4324 4325 4326 1325 1326 1327 1328 1367 1368 1369 1370 2948 2949 2950 2951 3509 3510 3511 3512 3267 3268 3269 3270 3330 3331 3332 3333 3802 3803 3804 3805 3861 3862 3863 3864
722 723 724 725 798 799 800 801 1211 1212 1213 1214 1425 1426 1427 1428 1793 1794 1795 1796 1978 1979 1980 1981 4432 4433 4434 4435 4576 4577 4578 4579 4661 4662 4663 4664 5097 5098 5101 5102 5134 5137 5650 5655 5825 3339 3340 3886 3887 4841 4842 4968 4969 1838 1839 1840 1841 1939 1940 1941 1942 4599 4600 4601 4602 4646 4647 4648 4649 123 124 161 162 700 701 1182 1183 1304 1305 1342 1343 1396 1397 1398 1399 2904 2905 3485 3486 4423 4424 4425 4426 5105 5106 5109 5110 5119 5120 5123 5124 5716 5718 5719 5721 5781 5783 5784 5786 87 88
744 745 746 747 928 929 930 931 1138 1139 1277 1278 1519 1520 1521 1522 1686 1687 1688 1689 1695 1696 1972 1973 2348 2349 2350 2351 2501 2502 2503 2504 2514 2515 2749 2750 229 230 231 232 547 548 549 550 2653 2654 2655 2656 2714 2715 2716 2717 149 150 720 721 890 891 1203 1204 2155 2156 2197 2198 2259 2260 2261 2262
751 752 753 754 1018 1019 1020 1021 1221 1222 1223 1224 1429 1430 1431 1432 1974 1975 1976 1977 4665 4666 4991 4992 5028 5029 169 170 629 630 874 875 370 371 372 373 438 439 440 441 1834 1835 1836 1837 1933 1934 1935 1936 2980 2981 2982 2983 3341 3342 3343 3344 3551 3552 3553 3554 3892 3893 3894 3895 2953 2954 3520 3521
760 761 762 763 932 933 934 935 1144 1145 1283 1284 1511 1512 1513 1514 1682 1683 1684 1685 1692 1693 1965 1966 2352 2353 2354 2355 2497 2498 2499 2500 2512 2513 2747 2748 325 328 350 351 400 401 402 403 470 471 472 473 2639 2640 2641 2642 2724 2725 2726 2727 2159 2160 2201 2202 2265 2266 2267 2268
768 769 770 771 840 841 842 843 1234 1235 1236 1237 1437 1438 1439 1440 1797 1798 1799 1800 1982 1983 1984 1985 2282 2283 2284 2285 2753 2754 2755 2756 1850 1851 1852 1853 1955 1956 1957 1958 2986 2987 2988 2989 3216 3217 3218 3219 3345 3346 3347 3348 3555 3556 3557 3558 3779 3780 3781 3782 3888 3889 3890 3891 141 142 145 146 211 212 215 216 1336 1338 1339 1341 1372 1374 1375 1377
870 871 1039 1040 1441 1442 2290 2291 2396 2805 4051 4052 4053 4054 4118 4119 4362 4363 4364 4365 4375 4376 4993 4994 5030 5031 5047 5075 5076 5207 5208 5355 5356 5829 5830 2996 2997 3563 3564 4720 4721 4871 4872 4276 4277 4278 4279 4315 4316 4317 4318 5173 5174 5177 5178 5181 5182 5185 5186 5345 5346 5347 5348 5736 5737 5799 5800 52 53
876 877 878 879 1068 1069 1070 1071 2292 2293 2294 2295 2795 2796 2797 2798 4436 4437 3087 3088 3089 3090 3396 3397 3398 3399 5443 5448 510 511 3559 3560 3561 3562 3926 3927 3928 3929 526 527 5179 5180 5217 5218 5340 5761 5762 5839 5840 5841 3522 3523 5444 5447 3538 3539
884 885 886 887 1041 1042 1043 1044 1103 1104 1241 1242 1447 1448 1449 1450 1564 1565 2024 2025 2026 2027 2034 2035 4438 4439 4440 4441 4485 4486 4677 4678 4679 4680 4681 4682 2992 2993 2994 2995 3071 3072 3375 3376 3377 3378 3386 3387 3635 3636 3931 3932 5163 5164 5215 5216 5349 5360 5361 5680 5681 5684 5763 5837 5838 5842
892 893 894 895 1000 1001 1002 1003 1109 1110 1243 1244 1443 1444 1445 1446 1562 1563 2016 2017 2018 2019 2032 2033 448 449 584 587 1866 1867 1868 1869 1917 1918 1919 1920 2998 2999 3000 3001 3379 3380 3381 3382 3565 3566 3567 3568 3922 3923 3924 3925
898 899 900 901 1082 1083 1084 1085 1115 1116 1245 1246 1451 1452 1453 1454 1566 1567 2020 2021 2022 2023 2039 2040 4059 4060 386 387 1172 1173 1250 1251 1386 1387 2135 2136 2142 2143 5167 5168 5171 5172 5187 5188 5191 5192 5723 5724 5725 5726 5794 5795 5796 5797
996 997 998 999 1099 1100 1101 1102 1121 1122 1150 1151 1553 1554 1555 1556 1570 1571 1994 1995 1996 1997 2751 2752 4188 4346 4347 516 517 1384 1385 5079 5080 5161 5162 5311 5313 5314 5316 5337 5353 5354 5549 5550 434 435 436 437 498 499 500 501 1300 1301 1344 1345 1404 1405 1406 1407 5251 5253 5254 5256 5299 5301 5302 5304
1014 1015 1016 1017 1105 1106 1107 1108 1267 1268 1269 1270 1489 1490 1491 1492 1584 1585 1586 1587 2079 2080 2081 2082 4460 4461 4462 4463 4489 4490 4491 4492 4692 4693 4694 4695 5085 5087 5088 5090 5312 5315 5411 5412 5415 5416 5843 3077 3078 3408 3409 3640 3641 3955 3956 4741 4742 4854 4855 4892 4893 4981 4982 5221 5222 5267 5268 5317 5318 5319 5320 5365 5366 5383 5384 5419 5420 5421 5422 5685 5686 5764 5765 5844 5845 5846 5847 61 62 92 93
1022 1023 1024 1025 1111 1112 1113 1114 1273 1274 1275 1276 1485 1486 1487 1488 1572 1573 1574 1575 2067 2068 2069 2070 4487 4488 4696 4697 5002 5003 5033 5034 3024 3025 3026 3027 3079 3080 3081 3082 3418 3419 3420 3421 3581 3582 3583 3584 3646 3647 3648 3649 3961 3962 3963 3964 101 102 105 106 115 116 119 120 179 180 183 184 680 682 683 685 2955 2956 2975 2976 3540 3541 5234 5235 5236 5237 5270 5271 5272 5273 5377 5378 5381 5382 5385 5386 5389 5390 5745 5746 5747 5748 5804 5805 5806 5807 3310 3311 3312 3313 3812 3813 3814 3815 3285 3286 3287 3288 3849 3850 3851 3852
1026 1027 1028 1029 1117 1118 1119 1120 1279 1280 1281 1282 1497 1498 1499 1500 1588 1589 1590 1591 2075 2076 2077 2078 2336 2337 2401 2402 2834 2835 4120 4121 4387 4388 3073 3074 3075 3076 3410 3411 3412 3413 3642 3643 3644 3645 3965 3966 3967 3968 5369 5370 5373 5374 5391 5392 5395 5396 5739 5740 5741 5742 5810 5811 5812 5813
1030 1031 1032 1033 1034 1035 1036 1037 1247 1248 1493 1494 1495 1496 2037 2038 4174 4175 2508 2509 2510 2511 5527 5528 1921 1922 1923 1924 5537 5538 5539 293 294 295 296 3492 3493 5817 5818
1056 1057 1058 1059 1285 1286 1287 1288 1289 1290 1455 1456 1457 1458 2071 2072 2073 2074 2844 2845 2846 2847 318 319 394 396 397 399 5193 5194 5357 5358 5823 5824 1854 1855 1856 1857 5760 5826 258 259 260 261 864 866 867 869 1319 1320 1321 1322 1361 1362 1363 1364 5692 5693 5750 5751
1066 1067 1205 1206 1433 1434 1435 1436 1789 1790 1791 1792 2286 2287 2288 2289 2598 2599 2600 2601 2765 2766 2767 2768 193 194 384 385 2241 2242 2657 2658 2659 2660 2710 2711 2712 2713 392 393 882 883 5596 5598 5599 5601 5632 5634 5635 5637 5710 5712 5713 5715 5773 5775 5776 5778
1078 1079 1080 1081 1207 1208 1209 1210 2278 2279 2280 2281 2757 2758 2759 2760 4043 4044 4045 4046 4239 4240 4241 4242 4348 4349 4350 4351 828 833 4280 4281 4282 4283 4319 4320 4321 4322 506 507 802 803 847 848 2899 2900 3480 3481 4032 4033 4034 4035
1091 1092 1258 1259 1568 1569 2065 2066 2274 2275 2411 2412 2413 2414 2840 2841 2842 2843 4039 4040 4122 4123 4124 4125 4389 4390 4391 4392 772 773 5039 5040 5070 5071 5397 5398 5677 5827 611 612 859 860 862 863 978 979 2191 2193 2194 2196 2227 2229 2230 2232 2935 2937 2938 2940 3502 3504 3505 3507 5675 5676
1095 1096 1097 1098 1261 1262 1263 1264 2340 2341 2342 2343 4079 4080 4081 4082 3229 3230 3231 3232 3431 3432 3433 3434 3798 3799 3800 3801 3980 3981 3982 3983
1123 1124 1125 1126 1580 1581 1582 1583 2028 2029 2030 2031 2415 2416 2417 2418 5239 5244 5287 5292 5405 5410 726 728 729 731 2913 2914 2969 2970
1622 1623 1624 1625 1755 1756 1757 1758 2441 2442 2443 2444 2560 2561 2562 2563 151 152 153 154 3877 3878 3879 3880
1626 1627 1628 1629 1751 1752 1753 1754 2390 2391 2392 2393 2451 2452 2453 2454 2552 2553 2554 2555 103 104 681 684 5432 5433 5434 5435 5474 5475 5476 5477
1632 1633 1634 1635 1690 1691 1963 1964 4107 4108 4109 4110 4162 4163 4164 4165 4535 4658 322 323 950 951 4024 4025 5307 5308 5363 5364 5509 5510 155 156 665 666 736 737 1254 1255 5540 5557 5558
1674 1675 1676 1677 1723 1724 1725 1726 4207 4208 4209 4210 651 652 653 654 3012 3013 3014 3015 233 234 235 236 3414 3415 3416 3417 727 730 5245 5250 395 398 5471 5472 5535 5536
1970 1971 2300 2301 2302 2303 4055 4056 4057 4058 4115 4116 964 965 966 967 492 493 914 915 5201 5202 5205 5206 5682 5683 5758 5759 5833 5834 945 946 2911 2912
2304 2305 2306 2307 2397 2398 2799 2800 2801 2802 2812 2813 108 109 249 250 456 461 810 811 1312 1317 1348 1353 2936 2939 3503 3506 5678 5679 5694 5695 5752 5753 5815 5816
2403 2404 2405 2406 2791 2792 2793 2794 4126 4127 4128 4129 4366 4367 4368 4369 4377 4378 1134 1135 1136 1137 1515 1516 1517 1518 786 787 5417 5418 4932 4933 5704 5705
2467 2468 2469 2470 2548 2549 2550 2551 2891 2892 4158 4159 4160 4161 4415 4416 1152 1153 1154 1155 1527 1528 1529 1530 5445 5446 5573 5574 5575 5576 5754 5755
2592 2593 4047 4048 4049 4050 4235 4236 4237 4238 4370 4371 4372 4373 257 262 865 868 1337 1340 1373 1376 5103 5104 5117 5118 5153 5154 5155 5156 5564 5565 5606 5607 5670 5671 5672 5673 5831 5832
2836 2837 2838 2839 4083 4084 4085 4086 4341 199 200 201 202 1576 1577 1578 1579 298 299 300 301 1759 1760 1761 1762 5371 5372
4211 4212 4213 4214 4393 4394 4395 4396 275 276 277 278 1467 1468 1469 1470 2320 2321 2322 2323 2419 2420 2421 2422 4454 4455 4456 4457 4493 4494 4495 4496 143 144 181 182 601 606 1360 1365 602 605
4533 4534 364 365 366 367 1531 1532 1533 1534 2680 2681 2682 2683 4383 4384 4385 4386 593 594 595 596 1128 1129 1130 1131 1699 1700 1701 1702 1899 1900 1901 1902 2364 2365 2366 2367 2822 2823 2824 2825 4193 4194 4195 4196 4305 4306 4307 4308 5169 5170 5269 5274 5578 5583 5782 5785
569 570 571 572 1459 1460 1461 1462 2423 2424 2425 2426 4225 4226 4227 4228 97 98 99 100 1998 1999 2000 2001 2568 2569 2570 2571 2785 2786 2787 2788 4061 4062 4063 4064 4142 4143 4144 4145 137 138 2203 2208 5233 5238 5387 5388 5479 5484 136 139 1313 1316 5480 5483
575 576 577 578 1541 1542 1543 1544 2524 2525 2526 2527 3237 3238 3239 3240 643 644 645 646 1168 1169 1170 1171 1719 1720 1721 1722 1818 1819 1820 1821 2372 2373 2374 2375 2475 2476 2477 2478 3050 3051 3052 3053 3115 3116 3117 3118 225 226 853 858 1072 1077 1306 1311 5189 5190 5437 5442 5439 5440
635 636 637 638 1604 1605 1606 1607 2356 2357 2358 2359 4229 4230 4231 4232 607 608 609 610 1523 1524 1525 1526 1771 1772 1773 1774 2431 2432 2433 2434 2617 2618 2619 2620 4138 4139 4140 4141 4248 4249 4250 4251 5127 5128 5227 5232 5393 5394 5566 5571 1349 1352
655 656 657 658 1703 1704 1705 1706 2312 2313 2314 2315 4352 4353 4354 4355 424 425 426 427 1230 1231 1232 1233 1656 1657 1658 1659 1986 1987 1988 1989 2483 2484 2485 2486 2781 2782 2783 2784 4069 4070 4071 4072 4189 4190 4191 4192 5121 5122 5379 5380 5572 5577
661 662 663 664 1660 1661 1662 1663 2296 2297 2298 2299 3825 3826 3827 3828 804 805 806 807 1471 1472 1473 1474 2463 2464 2465 2466 2576 2577 2578 2579 3690 3691 3692 3693 3765 3766 3767 3768 541 546 615 616 1366 1371 5107 5108 5175 5176 5473 5478 5614 5619 5616 5617
667 668 669 670 1668 1669 1670 1671 2625 2626 2627 2628 3569 3570 3571 3572 712 713 714 715 1226 1227 1228 1229 1479 1480 1481 1482 1826 1827 1828 1829 2479 2480 2481 2482 2761 2762 2763 2764 3698 3699 3700 3701 3896 3897 3898 3899 117 118 5449 5454 5717 5720 603 604 1350 1351
686 687 688 689 1707 1708 1709 1710 2376 2377 2378 2379 4166 4167 4168 4169 529 530 531 532 1140 1141 1142 1143 1535 1536 1537 1538 1652 1653 1654 1655 2534 2535 2536 2537 2629 2630 2631 2632 4197 4198 4199 4200 4256 4257 4258 4259 1354 1359
738 739 740 741 1783 1784 1785 1786 2407 2408 2409 2410 3573 3574 3575 3576 1596 1597 1598 1599 2808 2809 2810 2811 3939 3940 3941 3942 213 214 5275 5280
790 791 792 793 1763 1764 1765 1766 2487 2488 2489 2490 3002 3003 3004 3005 131 132 133 134 631 632 633 634 2316 2317 2318 2319 2688 2689 2690 2691 3127 3128 3129 3130 3186 3187 3188 3189 2167 2172 5113 5114 5608 5613 135 140 1314 1315 5481 5482
814 815 816 817 1810 1811 1812 1813 2471 2472 2473 2474 4101 4102 4103 4104 557 558 559 560 1146 1147 1148 1149 1648 1649 1650 1651 2700 2701 2702 2703 4309 4310 4311 4312 207 208 5485 5490
984 985 986 987 1830 1831 1832 1833 2572 2573 2574 2575 4170 4171 4172 4173 2621 2622 2623 2624 2740 2741 2742 2743 4260 4261 4262 4263 4337 4338 4339 4340 5504 5507 5584 5589 5633 5636 5586 5587
1046 1047 1048 1049 1891 1892 1893 1894 2584 2585 2586 2587 4097 4098 4099 4100 2669 2670 2671 2672 4284 4285 4286 4287 4297 4298 4299 4300 5252 5255 5597 5600
1156 1157 1158 1159 1874 1875 1876 1877 2769 2770 2771 2772 4474 4475 4476 4477 647 648 649 650 2665 2666 2667 2668 4505 4506 4507 4508 4615 4616 4617 4618 1324 1329 5258 5261 5722 5727
1160 1161 1162 1163 1990 1991 1992 1993 2661 2662 2663 2664 4525 4526 4527 4528 1715 1716 1717 1718 1870 1871 1872 1873 4546 4547 4548 4549 2173 2178 5462 5465 2174 2177
1199 1200 1201 1202 1907 1908 1909 1910 2607 2608 2609 2610 4570 4571 4572 4573 818 819 820 821 2100 2101 2102 2103 2853 2854 2855 2856 4587 4588 4589 4590 4634 4635 4636 4637 5620 5625 5803 5808 5622 5623
1217 1218 1219 1220 2012 2013 2014 2015 2814 2815 2816 2817 3083 3084 3085 3086 551 552 553 554 706 707 708 709 3365 3366 3367 3368 3388 3389 3390 3391 484 489 5281 5286 5431 5436
1947 1948 1949 1950 2777 2778 2779 2780 3006 3007 3008 3009 4379 4380 4381 4382 2006 2007 2008 2009 2041 2042 2043 2044 2736 2737 2738 2739 3361 3362 3363 3364 3392 3393 3394 3395 4329 4330 4331 4332 2930 2933 5793 5798 2175 2176
2045 2046 2047 2048 2732 2733 2734 2735 3091 3092 3093 3094 4356 4357 4358 4359 1592 1593 1594 1595 1951 1952 1953 1954 2818 2819 2820 2821 4130 4131 4132 4133 1318 1323
2057 2058 2059 2060 2863 2864 2865 2866 3154 3155 3156 3157 3656 3657 3658 3659 1608 1609 1610 1611 1711 1712 1713 1714 2516 2517 2518 2519 3447 3448 3449 3450 3947 3948 3949 3950 3988 3989 3990 3991 2186 2189 2215 2220 5491 5496 5498 5501 5591 5594 2217 2218 5492 5495
2096 2097 2098 2099 2692 2693 2694 2695 3158 3159 3160 3161 4885 4886 4887 4888 1903 1904 1905 1906 2859 2860 2861 2862 3054 3055 3056 3057 3451 3452 3453 3454 4913 4914 4915 4916 4955 4956 4957 4958 2234 2237
2117 2118 2119 2120 3162 3163 3164 3165 3577 3578 3579 3580 4521 4522 4523 4524 3462 3463 3464 3465 3686 3687 3688 3689 4009 4010 4011 4012 4450 4451 4452 4453 4536 4537 4538 4539 1379 1382 5300 5303
2830 2831 2832 2833 3241 3242 3243 3244 3652 3653 3654 3655 4402 4403 4404 4405 2435 2436 2437 2438 2611 2612 2613 2614 3404 3405 3406 3407 3957 3958 3959 3960 3992 3993 3994 3995 4252 4253 4254 4255 3508 3513 5711 5714
2876 2877 2878 2879 3245 3246 3247 3248 3660 3661 3662 3663 4470 4471 4472 4473 3042 3043 3044 3045 3466 3467 3468 3469 3605 3606 3607 3608 4001 4002 4003 4004 4501 4502 4503 4504 4583 4584 4585 4586 2192 2195 5728 5733
3249 3250 3251 3252 3720 3721 3722 3723 4734 4735 4736 4737 111 112 113 114 732 733 734 735 3034 3035 3036 3037 3601 3602 3603 3604 3694 3695 3696 3697 4766 4767 4768 4769 4795 4796 4797 4798 2941 2946 5183 5184
3253 3254 3255 3256 3724 3725 3726 3727 4667 4668 4669 4670 3046 3047 3048 3049 3353 3354 3355 3356 3613 3614 3615 3616 4550 4551 4552 4553 4591 4592 4593 4594 508 509
3257 3258 3259 3260 3729 3730 3731 3732 4411 4412 4413 4414 1822 1823 1824 1825 3038 3039 3040 3041 3470 3471 3472 3473 3609 3610 3611 3612 4201 4202 4203 4204 3514 3519 5639 5642 5744 5749
3289 3290 3291 3292 3829 3830 3831 3832 4566 4567 4568 4569 1062 1063 1064 1065 3400 3401 3402 3403 3761 3762 3763 3764 4611 4612 4613 4614 4622 4623 4624 4625
3293 3294 3295 3296 3833 3834 3835 3836 4684 4685 4686 4687 1878 1879 1880 1881 1895 1896 1897 1898 3141 3142 3143 3144 3935 3936 3937 3938 5738 5743 5774 5777
3297 3298 3299 3300 3841 3842 3843 3844 4755 4756 4757 4758 822 823 824 825 3123 3124 3125 3126 3206 3207 3208 3209 3682 3683 3684 3685 3769 3770 3771 3772 4809 4810 4811 4812 4820 4821 4822 4823 5456 5459
3837 3838 3839 3840 4774 4775 4776 4777 342 343 344 345 2113 2114 2115 2116 3757 3758 3759 3760 4005 4006 4007 4008 4743 4744 4745 4746 1331 1334 5626 5631 5809 5814
3845 3846 3847 3848 4671 4672 4673 4674 189 190 191 192 2092 2093 2094 2095 3908 3909 3910 3911 4446 4447 4448 4449 292 297
3869 3870 3871 3872 4688 4689 4690 4691 4843 4844 4845 4846 621 622 623 624 3951 3952 3953 3954 4542 4543 4544 4545 4654 4655 4656 4657 4762 4763 4764 4765 4836 4837 4838 4839 3497 3500 5787 5792
3873 3874 3875 3876 4850 4851 4852 4853 522 523 524 525 690 691 692 693 1463 1464 1465 1466 1959 1960 1961 1962 3918 3919 3920 3921 4722 4723 4724 4725
4701 4702 4703 4704 4906 4907 4908 4909 597 598 599 600 1191 1192 1193 1194 1664 1665 1666 1667 4442 4443 4444 4445 4630 4631 4632 4633 4873 4874 4875 4876 5493 5494
4708 4709 4710 4711 408 409 410 411 794 795 796 797 2049 2050 2051 2052 2872 2873 2874 2875 4626 4627 4628 4629 2221 2226 5585 5588
4861 4862 4863 4864 625 626 627 628 1195 1196 1197 1198 2053 2054 2055 2056 2324 2325 2326 2327 2427 2428 2429 2430 4726 4727 4728 4729 5294 5297
4925 4926 4927 4928 639 640 641 642 849 850 851 852 1600 1601 1602 1603 1814 1815 1816 1817 2368 2369 2370 2371 4898 4899 4900 4901 4934 4935 4936 4937
4970 4971 4972 4973 537 538 539 540 1475 1476 1477 1478 3753 3754 3755 3756 3914 3915 3916 3917 4877 4878 4879 4880 4894 4895 4896 4897
4977 4978 4979 4980 992 993 994 995 1767 1768 1769 1770 2061 2062 2063 2064 2564 2565 2566 2567 2826 2827 2828 2829 4963 4964 4965 4966 5131 5132
4985 4986 4987 4988 956 957 958 959 2002 2003 2004 2005 2121 2122 2123 2124 2308 2309 2310 2311 2528 2529 2530 2531 4917 4918 4919 4920
672 673 674 675 1004 1005 1006 1007 1775 1776 1777 1778 2580 2581 2582 2583 4650 4651 4652 4653 5077 5078 5327 5328 2216 2219
960 961 962 963 1913 1914 1915 1916 2882 2883 2884 2885 4134 4135 4136 4137 4301 4302 4303 4304 5165 5166
1052 1053 1054 1055 1164 1165 1166 1167 2360 2361 2362 2363 3617 3618 3619 3620 3900 3901 3902 3903 4288 4289 4290 4291
2520 2521 2522 2523 2696 2697 2698 2699 3119 3120 3121 3122 3369 3370 3371 3372 354 355 920 921 1388 1389
2684 2685 2686 2687 3133 3134 3135 3136 3190 3191 3192 3193 3702 3703 3704 3705 4065 4066 4067 4068 2179 2184 2228 2231
2773 2774 2775 2776 3943 3944 3945 3946 4073 4074 4075 4076 4497 4498 4499 4500
3194 3195 3196 3197 4595 4596 4597 4598 334 335 579 580 5045 5046 5321 5322
3198 3199 3200 3201 3984 3985 3986 3987 535 536 5065 5066 5145 5146 4781 4782 4783 4784 4813 4814
3202 3203 3204 3205 3357 3358 3359 3360 3775 3776 3777 3778 3904 3905 3906 3907 659 660 926 927 5157 5158
3349 3350 3351 3352 3623 3624 3625 3626 880 881 954 955 5335 5336
3443 3444 3445 3446 4747 4748 4749 4750 4789 4790 4791 4792 5325 5326 872 873
4816 4817 4818 4819 5052 5053 5083 5084 5099 5100 2137 2138 2927 2928 3439 3440 3441 3442 3974 3975 5688 5689
4938 4939 4940 4941 4951 4952 4953 4954 2947 2952 5219 5220 2139 2140 3976 3977 3978 3979
4946 4947 4948 4949 5086 5089 5513 5514 3306 3307 3308 3309 3455 3456 2915 2916
382 383 417 418 5067 5068 5329 5330 3233 3234 3235 3236 3792 3793 3794 3795 5696 5697
758 759 943 944 2149 2150 4018 4019 5093 5094 5423 5424 5223 5224 5263 5264 3423 3424 3427 3428
844 845 1400 1401 5203 5204 5343 5344 5615 5618 5821 5822 3263 3264 3265 3266 3322 3323 3324 3325 4799 4800 4801 4802 4832 4833 4834 4835
1402 1403 5323 5324 5367 5368 5438 5441 2894 2895
1408 1409 2257 2258 5413 5414 5554 5555 5055 5056 5062 5063 2896 2897 2971 2972 3536 3537
2147 2148 5515 5516 5517 5518 5519 5520 3277 3278 3279 3280 4805 4806 4807 4808 4824 4825 4826 4827
5551 5552 5644 5645 2906 2907 2923 2924 3487 3488 5767 5768
5646 5647 5835 5836
5648 5649 5427 5428
5621 5624
