0 1 2 7 12 13 14 15 16 21 24 27 28 29 30 63 64 93 117 118 123 124 139 140 143 144 154 155 160 161 167 168 179 180 184 185 214 215 221 222 358 359 360 363 368 393 410 435 438 445 452 453 454 455 456 465 468 479 492 493 494 495 496 499 506 513 520 521 530 531 532 533 546 557 564 565 566 571 572 577 580 583 584 585 586 589 590 591 592 593 596 629 630 633 634 635 650 651 652 653 660 661 662 663 664 665
3 4 10 11 17 18 25 26 35 42 65 74 75 141 142 149 162 174 190 191 212 213 216 219 226 244 245 328 329 336 337 344 361 362 364 365 366 367 371 372 373 374 425 426 427 428 433 434 436 437 443 444 457 458 477 478 497 498 518 519 534 535 562 563 599 600 603 604 607 608 609 610 613 614 654 655 656 657 658 659
5 6 19 20 31 32 33 34 220 227 228 237 238 239 240 266 267 268 269 314 315 338 339 355 356 385 386 500 501 575 576 615 616 625 626 627 628
8 9 22 23 36 37 59 60 61 62 76 77 119 120 121 122 181 182 186 187 188 189 202 203 208 209 210 217 218 225 243 299 300 313 357 402 403 466 467 511 512 578 579 587 588 636 637 644 645 646 647 648 649
38 39 40 41 229 230 231 232 233 234 463 464 618 619 620 621 623 624
43 44 45 46 241 242 281 282 320 321 322 323 369 370 391 392 594 595 631 632
47 48 57 58 82 116 169 183 211 235 236 301 302 303 304 330 331
49 50 51 52 280 283 284 285 286 484 485 486 487
53 54 55 56 129 130 133 134 145 146 147 148 398 399 400 401 459 460 461 462 639 640 641 642
66 67 68 69 87 88 89 90 131 132 246 247 248 249 347 348 349 350 469 470 471 472 617 622
70 71 72 73 125 126 127 128 193 194 195 196 254 255 256 257 553 554 555 556 558 559 560 561 638 643
78 79 80 81 94 95 96 97 192 197 332 333 334 335 377 378 379 380 404 405 406 407 605 606
83 84 85 86 250 251 252 253 375 376 423 424 573 574 581 582
91 92 102 103 287 288 289 290 408 409 450 451 540 541
98 99 100 101 381 382 383 384 480 481 482 483 597 598
104 105 106 107 170 171 172 173 272 273 274 275 291 292 293 294 526 527 528 529
108 109 110 111 150 151 152 153 223 224 270 271
112 113 114 115 163 164 165 166 262 263 264 265 394 395 396 397 446 447 448 449
135 136 137 138 175 176 177 178 276 277 278 279 316 317 318 319 507 508 509 510
156 157 158 159 295 296 297 298 419 420 421 422
198 199 200 201 411 412 413 414 488 489 490 491
204 205 206 207 324 325 326 327 429 430 431 432
258 259 260 261 305 306 307 308 536 537 538 539
309 310 311 312 415 416 417 418 502 503 504 505
340 341 342 343 387 388 389 390 473 474 475 476
345 346 439 440 441 442 551 552
351 352 353 354 514 515 516 517
522 523 524 525 601 602
542 543 544 545 547 548 549 550
567 568 569 570
611 612
