0 1 4 7 12 13 14 15 16 17 24 27 28 29 30 31 32 51 52 56 57 93 94 110 111 112 143 144 149 150 158 159 183 184 185 186 202 203 212 213 358 359 360 361 370 371 408 425 438 445 450 453 454 455 457 458 470 479 492 493 494 495 496 498 499 513 518 521 530 531 532 534 535 557 564 565 566 571 572 573 580 583 584 585 586 593 605 606 607 608 609 610 611 612 613 614 650 651 652 653 660 661 662 663 664 665
2 3 5 10 11 18 21 25 26 39 50 53 119 130 131 132 137 138 157 195 196 201 211 228 229 230 231 235 236 237 238 241 242 285 286 326 327 328 329 331 332 342 343 353 354 362 363 364 365 368 369 392 393 426 427 428 429 430 431 432 433 443 444 456 469 477 478 497 506 519 520 590 591 592 594 595 630 631 632 633 634 654 655 656 657 658 659
6 8 9 19 20 34 35 36 37 58 59 61 62 87 88 89 90 91 92 113 114 120 121 164 165 166 206 207 216 217 223 224 225 226 266 267 280 319 330 337 355 383 384 385 386 413 414 451 452 463 464 504 505 597 598 615 616 623 624 625 626 627 628 629 635
22 23 33 38 44 45 208 209 243 258 259 260 261 366 367 507 508 636 637 646 647 648 649
40 41 42 43 60 222 227 232 589 596 617 618 619 620 621 622
46 47 48 49 55 63 64 67 68 160 161 162 163 250 251 252 253 345 346 347 348 465 466 467 468 546
54 65 66 69 70 71 72 167 168 169 170 244 245 246 247 349 350 351 352 480 481 482 483
73 74 75 76 233 234 239 240 254 255 256 257 313 314 356 357
77 78 105 210 272 273 274 275 381 382 391 575 576 577
79 80 81 82 171 172 173 174 276 277 278 279 287 288 289 290 484 485 486 487 599 601 602 604
83 84 85 86 133 134 135 136 204 205 423 424 540 541 562 563 581 582
95 96 155 156 262 263 264 265 409 410 411 412 551 552
97 98 99 100 179 180 181 182 268 269 270 271 281 282 283 284 522 523 524 525
101 102 103 104 214 215 372 398 399 471 472 514 515 516 517 533 587 588 644 645
106 107 108 109 139 140 141 142 218 219 299 300 320 321 400 401 402 403 639 640 641 642
115 116 117 118 187 188 189 190 305 306 307 308 322 323 324 325 459 460 461 462 638 643
122 123 124 125 197 198 199 200 309 310 311 312 315 316 317 318 500 501 502 503
126 127 128 129 248 249 373 374 375 376 600 603
145 146 147 148 291 292 293 294 419 420 421 422
151 152 153 154 338 339 340 341 344 377 378 379 380
175 176 177 178 295 296 297 298 446 447 448 449
191 192 193 194 333 334 335 336 415 416 417 418
220 221 434 435 436 437 558 559 560 561
301 302 303 304 439 440 441 442 473 474 475 476
387 388 389 390 394 395 396 397
404 405 406 407 574
488 489 490 491 509 510 511 512
526 527 528 529
536 537 538 539 553 554 555 556
542 543 544 545 547 548 549 550
567 568 569 570
578 579
