46 47 48 49 160 161 162 163 250 251 252 253 345 346 347 348 63 68 617 622 546 55 60 64 67 589 618 621 665 465 466 467 468 454 469 564 632 12 27 4 479 521
69 70 71 72 167 168 169 170 244 245 246 247 349 350 351 352 54 65 66 222 509 510 511 512 495 506 565 634 13 28
79 80 81 82 171 172 173 174 276 277 278 279 287 288 289 290 601 602 566 596 599 604 629 484 485 486 487 493 662
97 98 99 100 179 180 181 182 268 269 270 271 281 282 283 284 522 523 524 525 530 663
115 116 117 118 187 188 189 190 305 306 307 308 322 323 324 325 638 643 533 635 640 641 652 459 460 461 462 456 592
122 123 124 125 197 198 199 200 309 310 311 312 315 316 317 318 500 501 502 503 497 594
377 378 379 380 404 405 406 407 33 38 344 35 36 360 600 603 333 334 335 336 225 330
387 388 389 390 394 395 396 397 227 232 132 229 230 73 74 75 76 39 53
419 420 421 422 183 184 185 186 201 211 243 280 445 557 112 593 488 489 490 491 408 586 455 494 583 661
446 447 448 449 204 205 214 215 220 221 248 249 571 473 474 475 476 450 580 470 650
536 537 538 539 553 554 555 556 143 144 93 94 532 31 32 51 52 56 57 158 159 358 359 425 438 0 1 29 7 453 492 518 660
542 543 544 545 547 548 549 550 34 37 338 339 340 341 226 337
558 559 560 561 210 355 370 371 585 613 614 119 157 457 458 498 499 607 608 611 612 531 664 5 6 15 16 30
567 568 569 570 105 319 372 391 513 651 18 21 24
77 78 155 156 218 219 540 541 320 321 392 393 223 224 630 631 166 595 426 427 428 429 362 363 364 365 430 431 432 433 477 478 519 520 654 655 656 657 361 653 10 11 25 26
83 84 85 86 110 111 212 213 381 382 575 576 577 202 203 615 616 627 628 149 150 597 598 463 464 504 505 623 624 625 626 496 584 14 19 20 17
89 90 91 92 206 207 266 267 120 121 216 217 383 384 385 386 87 88 58 59 61 62 113 114 164 165 413 414 451 452 8 9
95 96 241 242 301 302 303 304 130 131 326 327 328 329 368 369 400 401 402 403 137 138 228 231 590 591 639 642 50 195 196 587 588 633 235 236 237 238 331 332 342 343 471 472 507 508 644 645 646 647 2 3 22 23
101 102 103 104 551 552 133 134 135 136 398 399 562 563 574 578 579 423 424 581 582 480 481 482 483
106 107 108 109 299 300 139 140 141 142 44 45 208 209
191 192 193 194 373 374 375 376 443 444 605 606 609 610
254 255 256 257 353 354 313 314 356 357 572 573 233 234 239 240
272 273 274 275 285 286 619 620
534 535 366 367 658 659
636 637 648 649 145 146 147 148
40 41 42 43 258 259 260 261
126 127 128 129 262 263 264 265
151 152 153 154 415 416 417 418
175 176 177 178 295 296 297 298
291 292 293 294 409 410 411 412
434 435 436 437 514 515 516 517
439 440 441 442
526 527 528 529
