66 67 68 69 87 88 89 90 246 247 248 249 347 348 349 350 131 132 617 622 546 130 133 169 225 589 618 621 665 469 470 471 472 455 465 564 629 13 28 2 479 521
70 71 72 73 125 126 127 128 309 310 311 312 324 325 326 327 638 643 533 635 640 641 651 459 460 461 462 456 592
78 79 80 81 94 95 96 97 258 259 260 261 305 306 307 308 605 606 566 82 129 134 208 604 607 484 485 486 487 493 661
104 105 106 107 170 171 172 173 272 273 274 275 291 292 293 294 596 603 608 630 526 527 528 529 495 530 565 663 12 27
112 113 114 115 163 164 165 166 283 284 285 286 351 352 353 354 639 642 502 503 504 505 499 591
135 136 137 138 175 176 177 178 276 277 278 279 316 317 318 319 619 620 507 508 509 510 506 633
377 378 379 380 404 405 406 407 194 195 344 192 197 360 332 333 334 335 216 336
387 388 389 390 394 395 396 397 229 234 149 231 232 43 44 45 46 35 174
419 420 421 422 183 198 199 200 201 220 243 280 445 557 93 590 488 489 490 491 410 586 454 494 583 662
446 447 448 449 184 185 190 191 221 222 244 245 571 473 474 475 476 452 580 468 650
536 537 538 539 553 554 555 556 154 155 123 124 532 63 64 139 140 143 144 179 180 358 359 435 438 0 1 29 7 453 492 520 660
542 543 544 545 547 548 549 550 193 196 340 341 342 343 219 337
558 559 560 561 211 357 368 393 585 42 162 531 664 3 4 16 21 30
567 568 569 570 116 313 375 376 601 602 457 458 497 498 599 600 609 610 513 652 17 18 24
47 48 102 103 223 224 551 552 328 329 369 370 212 213 594 595 65 634 425 426 427 428 361 362 364 365 433 434 436 437 477 478 518 519 654 655 656 657 363 653 10 11 25 26
53 54 55 56 117 118 214 215 398 399 400 401 366 367 636 637 648 649 160 161 587 588 408 409 450 451 466 467 511 512 644 645 646 647 14 22 23
59 60 61 62 186 187 299 300 121 122 217 218 402 403 572 578 579 181 182 188 189 119 120 36 37 76 77 202 203 209 210 496 584 8 9 15
91 92 266 267 268 269 281 282 141 142 320 321 322 323 381 382 383 384 391 392 74 75 230 233 631 632 57 58 226 593 597 598 235 236 237 238 330 331 338 339 463 464 500 501 623 624 625 626 5 6 19 20
98 99 100 101 540 541 145 146 147 148 385 386 562 563 575 576 577 167 168 423 424 581 582 480 481 482 483
108 109 110 111 270 271 150 151 152 153
204 205 206 207 371 372 373 374 443 444 611 612 613 614
241 242 301 302 303 304 314 315 355 356 227 228 239 240
250 251 252 253 345 346 573 574 658 659
534 535 83 84 85 86 415 416 417 418
615 616 627 628 31 32 33 34
38 39 40 41 254 255 256 257
49 50 51 52 287 288 289 290
156 157 158 159 295 296 297 298
262 263 264 265 429 430 431 432
411 412 413 414
439 440 441 442
514 515 516 517
522 523 524 525
