0 1 2 9 12 13 14 15 16 21 22 24 25 28 30 35 36 37 38 67 68 98 114 115 121 122 123 124 148 149 185 186 195 196 197 198 230 231 232 233 358 359 360 361 368 398 399 414 431 436 450 453 454 455 456 470 471 472 479 488 494 495 496 497 507 516 517 520 521 531 532 533 551 552 557 564 565 571 574 578 579 580 583 584 586 588 589 590 593 594 596 634 636 637 644 645 646 647 648 649 650 651 652 660 661 664
3 4 10 11 17 18 26 27 29 51 83 97 100 101 116 125 126 128 129 150 163 172 173 213 218 229 248 249 328 329 336 337 344 362 363 364 365 366 367 373 374 375 376 423 424 425 426 429 430 437 438 444 445 457 458 477 478 493 498 499 518 519 530 534 535 562 563 570 587 599 600 603 604 605 606 607 608 611 612 654 655 656 657 658 659 662 663
5 6 19 20 23 45 46 63 64 84 99 102 109 127 130 131 207 208 237 238 239 240 268 269 270 271 281 282 314 315 330 331 338 339 355 356 381 382 391 463 464 465 504 505 506 575 576 577 595 597 598 615 616 623 624 625 626 627 628 629 632 633 635
7 8 39 41 42 44 47 48 49 50 57 58 65 66 107 108 142 143 144 145 146 147 223 224 234 235 262 263 280 313 357 383 384 385 386 392 393 408 409 451 452
31 32 33 34 73 74 77 78 140 141 203 204 205 206 480 481 482 483 540 541 546 618 619 620 621 630 631
40 43 52 53 54 55 174 175 176 177 332 333 334 335 536 537 538 539 553 554 555 556 601 602
56 59 60 61 62 75 76 87 88 89 90 250 251 252 253 301 302 303 304 484 485 486 487
69 70 71 72 136 137 138 139 276 277 278 279 283 284 285 286 526 527 528 529
79 80 81 82 221 222 371 372 427 428 443 572 573 581 582 585
85 86 103 104 105 106 184 199 200 201 202 225 226 227 228
91 92 93 94 95 96 159 160 161 162 591 592 617 622
110 111 112 113 151 152 153 154 272 273 274 275 287 288 289 290
117 118 119 120 219 220 241 299 300 369 370 400 401 402 403 639 640 641 642
132 133 134 135 242 243 410 411 412 413 665
155 156 157 158 244 245 246 247 489 490 491 492 653
164 165 166 167 258 259 260 261 404 405 406 407 419 420 421 422 638 643
168 169 170 171 254 255 256 257 351 352 353 354 377 378 379 380 446 447 448 449
178 179 180 181 236 295 296 297 298 558 559 560 561
182 183 264 265 266 267 415 416 417 418
187 188 189 190 291 292 293 294 566 567 568 569
191 192 193 194 459 460 461 462 512 513 514 515
209 210 211 212 309 310 311 312 500 501 502 503
214 215 216 217 324 325 326 327
305 306 307 308 432 433 434 435
316 317 318 319 466 467 468 469 522 523 524 525
320 321 322 323 387 388 389 390
340 341 342 343 394 395 396 397
345 346 439 440 441 442 473 474 475 476
347 348 349 350 508 509 510 511
542 543 544 545 547 548 549 550
609 610 613 614
