604 603 659 658 600 206 203 562 204 563 205 599 79 221 534 82 570 535 222 80 81 98 68 67 587 612 611 572 371 443 585 372 573 37 36 38 35 360 532 148 495 565 233 149 232 606 498 122 185 186 121 454 564 663 662 493 530 457 608 607 605 499 458 428 427 582 581 431 436 584 496 359 583 455 358 478 477 657 656 655 654 519 518 652 361 29 18 17 14 1 0 27 26 15 9 453 660 520 488 13 12 28 25 479 2 521
315 356 144 142 124 115 649 588 648 637 596 636 118 219 198 231 308 243 197 307 117 57 45 590 589 634 95 94 74 73 41 39 403 401 402 400 370 369 339 238 107 234 594 497 223 65 331 131 593 456 472 646 517 644 471 647 645 516 409 408 452 451 430 437 438 365 364 363 362 429 507 470 664 661 531 494 651 650 22 21 16 7 6 30 24 11 10
571 557 123 114 665 609 614 613 653 610 367 366 78 77 375 373 445 444 374 376 483 482 481 480
592 591 639 640 642 325 125 326 126 327 324 641 242 305 183 182 236 306 46 163 368 574 579 399 578 398 63 239 84 99 240 64 237 338 83 229 213 51 130 330 5 4
143 145 314 355 628 615 635 629 627 616 50 268 269 31 147 49 140 281 32 58 598 595 597 381 575 382 576 577 391 86 226 108 235 626 505 66 224 463 624 506 623 625 464 633 632 465 504 414 586 580 450 23 20 19 8
621 620 619 618 630 329 199 201 200 202 328 631 48 146 280 47 263 262 97 44 42 101 100 393 392 383 385 386 384 150 337 116 336 426 425 424 423 3
109 102 313 357 207 127 546 540 208 541 173 172
111 273 155 320 279 72 166 318 552 252 303 61 90 175 53 254 309 617 75 602 76 509 529 527 511
390 70 421 164 113 275 157 322 244 177 311 422 165 406 158 323 59 40 643 500 296 258
277 543 316 558 388 419 196 128 404 301 553 91 343 189 169 515 180 160 335 476
447 378 134 89 545 560 246 300 151 542 317 351 379 43 502 298 168 341 522 418 461 294 159 333 489 413
350 253 569 539 191 567 52 537 141 110 559 156 319 561 278 544 622 96 171 170 295
193 54 354 257 132 449 380 87 55 256 194 353 88 133 448 508 292 466
286 138 312 176 551 103 227 276 441 513 264 434 474
407 60 62 405 249 344 389 69 71 387
174 554 556 304 34 33 555
154 550 284 548 348 230 283 547 568 153 549 566 347 92 638 260 261 188 187
395 290 288 397 352 129 377 446 93 184 190 181
152 302 251 346 119 538 349 139 601 528 439 459 486 161 432
136 310 255 270 228 135 394 274 216 524 416 266 211 411 491
248 105 104 106 56 85 225
220 247 345 299 285 420 297 340 503 523 417 332 462 485 293 412 490
271 241 120 137 526 415 525 162 267 484 487 492 410
218 245 533 287 192 536 501 217 214 440 514 212 460 291 209 433 475
195 282 272 321 250 215 210 469
396 289 112 259 512 467
167 510 342 178 179
442 265 473 435
334 468
