0 1 31 32 33 34 35 36 37 38 67 68 114 115 121 122 123 124 140 141 148 149 185 186 232 233 14 98 360 454 495 532 540 541 546 557 564 565 571 9 15 358 359 381 382 391 414 431 436 450 455 496 575 576 577 580 583 584 586 19 24 361 464 470 506 507 595 597 616 623 625 627 629 650 651 652 20 463 505 598 615 624 626 628 23 30 465 494 504 531 632 633 661 664 635 12 28 453 488 520 660 13 25 2 479 521
3 4 51 56 83 84 97 99 102 109 116 127 150 163 184 207 208 213 229 262 263 280 313 336 337 357
6 7 39 41 45 47 48 57 65 94 95 107 131 142 144 146 223 234 238 270 271 282 315 331 339 356 73 74 10 11 362 363 364 365 383 384 385 386 392 393 408 409 429 430 437 438 451 452
40 52 53 76 172 174 175 252 253 303 304 5 130 237 330 338 345 61 62 86 89 90 536 537 553 554 29 493 530 588 602 603 662 663 600 601
59 60 64 85 87 88 96 78 222 332 333 211 212 367 379 380 406 407 538 539 555 556
69 70 75 100 136 137 173 274 275 289 290 276 277 283 284 112 113 153 154 486 487 570 484 485 596 604 599
101 103 104 199 200 227 240 91 42 44 18 457 498 587 606 608 611 658 659 17 458 499 605 607 612 27 477 518 655 657 26 478 519 654 656
110 111 151 152 225 334 335 344 8 108 235 387 388 394 395
117 118 218 241 256 257 250 251 119 120 432 433 489 490 370 634
125 126 128 129 246 247 326 327 346 46 63 239 244 245 324 325 371 372 427 428 443 572 573 581 582 585 480 481 482 483
132 133 243 248 249 231 105 106 446 447 412 413 444 475 476 665
155 156 260 261 93 281 309 310 355 66 224 404 405 445 497 594 653
159 160 278 279 318 319 92 316 317 161 162 542 543 558 559 544 545 560 561 617 622 619 620
164 165 266 267 264 265 43 157 158 176 177 226 421 422 456 593 638 641 640 643
168 169 297 298 205 206 314 143 145 562 563 368 574 16
178 179 219 285 286 349 350 287 288 351 352 134 135 138 139 396 397 448 449 459 460 642 639
182 183 236 299 300 328 329 366 533 551 552 369 400 401 402 403 423 424 425 426 22 471 516 589 591 592 645 647 21 472 517 590 644 646
187 188 293 294 291 292 166 167 228 500 501
191 192 353 354 77 81 82 221 242 147 220 534 535 410 411 473 474
209 210 311 312 254 255 54 55
214 215 342 343 272 273 71 72 389 390 466 467
307 308 197 198 377 378 522 523 524 525
322 323 258 259 189 190 468 469 419 420
79 80 203 204 340 341 201 202 526 527 373 374 375 376
195 196 230 305 306 58 398 399 512 513 491 492
268 269 49 50 415 416 417 418
295 296 170 171 461 462 568 569
301 302 180 181 528 529
320 321 502 503 434 435
347 348 193 194 510 511 508 509 618 621
216 217 547 548 549 550
566 567 514 515
439 440 578 579 441 442 637 636
610 614 649 631 630
609 613 648
