0 1 14 7 17 32 31 12 15 16 29 27 24 30 51 52 56 57 93 94 110 112 111 13 28 143 149 144 150 158 159 184 183 186 185 203 202 212 213 358 359 360 370 371 361 408 425 438 445 454 453 455 457 458 470 450 492 493 496 495 498 499 513 518 494 530 531 535 534 557 564 565 572 573 566 585 593 571 580 586 605 606 613 607 608 609 612 610 611 614 652 650 651 661 664 665 662 663 583 584 653 532 660 4 479 521
2 3 5 10 11 39 18 23 22 25 26 53 50 96 95 119 130 131 137 138 157 195 196 211 228 229 230 231 241 242 235 237 236 238 302 301 304 303 327 328 326 332 329 331 343 342 362 363 364 365 369 368 400 403 401 402 426 429 430 427 428 431 432 433 456 472 471 477 478 497 507 508 519 520 587 588 590 591 592 594 633 639 644 640 645 646 647 641 642 654 655 656 657
6 9 8 36 34 20 21 19 37 35 58 61 59 62 88 87 91 89 90 92 113 114 120 121 164 166 165 206 207 216 217 225 223 224 226 267 266 280 319 330 337 355 383 386 384 385 393 392 413 414 452 451 464 463 469 504 506 505 595 597 598 615 616 627 628 623 624 626 632 625 629 634 635
33 38 45 44 208 209 243 259 258 261 260 366 367 630 637 638 636 631 648 643 658 649 659
40 41 42 43 60 201 227 222 232 589 596 620 621 617 618 619 622
73 48 49 67 68 74 155 190 189 252 251 250 253 306 307 308 305 380 379 406 407 522 523 600 603 602 601
46 47 55 63 64 160 161 162 163 345 346 347 348 465 466 467 468 546
54 69 70 66 71 72 65 169 168 167 170 244 245 246 247 349 351 352 350 480 483 481 482
75 76 79 80 156 172 171 239 271 276 270 277 283 284 287 288 525 524 544 545 549 550 599 604
77 78 105 210 233 234 240 273 274 272 275 285 286 313 314 356 357 382 381 391 576 575 577
83 84 81 82 205 218 282 281 354 489 488 490 491 540 541
85 86 98 97 204 219 289 290 353 435 436 437 434
99 102 103 127 125 152 297 316 335 388 387 542 533 543
101 104 100 124 126 151 298 315 336 439 440 527 526
107 106 108 109 132 263 264 262 265 411 412 409 410
116 115 117 118 173 174 278 279 291 292 324 325 510 509 558 559
128 122 133 147 180 310 317 442 462 487 517
129 123 134 148 179 309 318 441 461 486 516
135 136 139 140 191 192 257 256 373 374 375 376 444 443
145 141 142 146 214 339 338 424 423 581 582
154 153 175 176 295 296 420 421 419 422
177 178 187 188 215 311 312 474 473 476 475
182 181 269 268 293 294 485 484 511 512
194 193 248 249 321 320 344
197 198 199 200 333 334 372 377 378
220 221 254 255 341 340
299 300 389 390 416 415 514 515
322 323 405 404 503 502
394 396 397 395 446 447 448 449 574
399 398 459 460 528 529
418 417 551 552 578 579
501 500 547 554 567
537 539 536 538 553 555 556
548 562 569
563 561 568 570
560
