0 1 14 33 17 21 20 10 11 31 24 30 68 74 77 67 79 81 73 78 98 114 115 121 124 122 123 149 148 13 25 12 28 186 185 198 196 233 232 361 362 363 364 365 366 367 374 376 383 385 403 409 401 408 430 429 438 437 451 454 452 453 458 463 470 472 488 495 499 507 505 517 494 520 531 540 535 552 557 564 565 590 571 597 609 613 605 616 607 612 628 624 626 636 644 648 646 650 651 661 664 652 660 2 479 521
3 4 16 22 9 15 51 26 27 56 83 84 97 99 116 125 126 150 182 183 163 184 213 229 236 241 300 299 328 329 337 336 358 359 360 368 399 398 427 428 431 436 477 455 456 471 478 496 497 516 518 519 532 533 551 563 562 574 578 579 589 581 582 591 592 593 594 634 639 640 645 647 641 642 654 655 656 657 583 584
7 6 19 18 39 41 34 45 48 57 65 82 95 94 104 107 117 142 131 144 197 223 234 238 246 271 307 315 331 339 356 373 375 386 384 400 402 457 464 498 506 598 610 615 606 608 611 627 614 623 637 625 649
5 8 23 29 46 42 44 66 58 93 92 108 130 140 143 147 145 220 221 224 228 230 237 235 242 281 314 330 338 345 355 370 369 393 392 445 444 465 493 504 530 587 595 588 596 632 629 633 635 653 665 662 663
59 40 35 54 55 60 76 87 88 173 176 177 226 256 257 311 312 332 333 380 379 406 407 485 484 600 603 602 601
32 36 37 43 80 91 195 203 204 481 480 483 482 604 618 619
38 49 52 71 75 101 134 151 253 255 287 285 467 509
47 53 50 69 72 178 181 187 190 280 283 286 295 291 294 298 305 308 309 413 410 419 415 418 423 414 422 426 487 489 492 522 526 525 529 566 569 570 586
61 62 64 63 89 90 214 215
70 85 96 106 119 133 141 279 349 412 417 545 568
86 110 105 120 155 199 202 225 249 381 387 573 599 620
100 103 112 118 157 200 201 542 558
102 109 127 172 207 208 262 263 313 357 541 546
111 113 129 153 240 239 244 324 326 346 372 572 585 659
128 138 136 245 247 327 325 432 434 658
132 135 137 139 248 243 260 266 292 284 296 394 447 446 462 503 643
146 168 169 158 193 206 222 267 317 348 443 461 475 508
170 156 161 152 191 259 265 274 290 323 354 395 420 548 559 567 622 638
159 160 162 250 251 252 347 350 537 536 538 539 621 617
154 166 165 192 209 254 258 264 261 276 405 441 468 474 513 510 547 550
171 164 189 210 227 269 277 289 293 303 435 450 473 476 502 511 561 580
167 174 175 211 216 268 270 391 512 515
180 179 188 282 297 320 321 442 439 469 560
194 205 219 288 319 316 449 459 460 554 577
217 212 218 273 272 278 389 390 396 397 544 549
231 304 318 421 448 466
275 301 322 351 377 388 553
302 306 334 342 514
310 335 343 353 378 490 486 491 523 524 528
340 341 344 371 534
352 382 500 631
404 543 576
416 411 424 425 527
433 440 501 575
555 556
630
