52 191 255 352 321 309 175 156 41 99 658 193 539 54 158 555 561 469 511 177 643 600 615 649 569 43 246 74 239 260 266 75 617 481 482 2 479 521
59 547 110 379 381 144 573 257 203 370 447 400 545 198 315 563 162 171 333 341 318 480 483
69 536 192 422 53 389 165 134 253 275 322 350 157 292 296 89 113 566 40 76 508 622 281 466
111 152 288 273 60 87 251 119 302 544 256 278 377 353 446 601 161 170 486 528 96 319
133 250 84 78 70 164 73 316 347 88 279 135 591 546 659 72 252 349 468 510 56 627 616 467 509 90 166 277
91 142 310 543 407 538 125 420 293 297 71 194
45 326 200 478 519 654 656 57 68 64 205 85 576 398 371 382 225 603 206 327 619 199 307 572 197 36 37 604 117 618 641 34 48 104 642 82 271 240 516 647 589 598 611 65 107 121 131 148 186 223 233 234 238 331 339 471 645 358 359 431 436 455 477 496 518 583 584 655 657 1 22 9 26 27 578 427 457 464 498 506 582 606 608 623 625 6 7 18 19 15 428 581 361 652 453 488 520 660 12 13 25 28
58 145 355 114 67 46 35 585 226 443 368 391 38 596 147 345 143 577 123 574 230 588 634 220 242 314 63 629 635 665 140 653 595 66 108 122 149 185 224 232 235 456 493 497 530 593 594 662 663 0 8 29 221 228 86 587 237 338 414 465 504 586 632 633 470 494 507 531 650 651 661 664 30 130 330 450 580 5 16 23 24
98 562 490 523 380 406 360 33 378 404 128 196 344 218 248 372 476 515 31 535 612
155 174 320 462 503 132 136 284 247 541 348 55 285 311 491 524 638 568 485 527 180 189 411 416
201 356 124 328 39 413 418 401 47 374 383 118 590 103 597 20 21 17 10
324 357 204 42 301 151 106 354 402 560 373 384 50 362 364 429 437
434 109 366 554 312 405 129 609 340 505 626 258 4
473 512 126 163 97 100 640 403 329 621 552 540 385 172 367 249 207 14 183 262 376 599 432 439 3 11 300 423 426
532 567 571 317 399 553 286 636 178 551 181 236 313 187 190
283 548 210 215 579 325 388 120 639 138 245 394
390 421 537 306 274 61 112 303 289 153 602 517 646 472 644
449 397 558 231 265 323 549 259 263 335 343
559 474 513 254 137 448 195 550 62 154 346 159 168 276 334 342 487 264 529 441
94 173 95 92 365 438 282 386 102 393 628 268 93 463 624 208 270 127 392 51 213 269 83 229 363 430 408 409 451 452
489 522 44 396 272 202 105 395 244 139 209 214 410 415
287 412 417 648 351 176 556 243 630
435 442 620 542 32 575 49 179 188
77 613 445 614 222 557 375 79 458 607 115 610 534 570 81 444 454 495 564 565 80 499 605
305 304 308 290 332 291 298 484 440 514 424 425
631 101 167 116 336 592 146 369 150 337 219 280 241
184 160 459 387 500 169 637 299 533 216 211
492 525 419 227 261 267 526 141 295 461 502
433 475 460 501 182 212 217 294
