66 536 567 88 126 659 71 607 558 245 128 90 554 556 569 622 538 532 648 616 68 560 195 169 193 287 216 336 255 73 638 289 458 609 194 196 257 13 28 2 479 521
70 283 141 118 176 246 275 566 106 570 491 525 393 269 484 487 526 529 371 265 480 483
79 94 407 380 604 78 135 378 643 420 167 405 406 605 311 312 422 101 635 192 360 249 327 615 52 404 234 232 85 262 340 64 144 640 500 626 12 27
112 164 449 397 632 95 379 97 260 80 197 114 166 286 307 354 606 267 333 341 132 82 129 228 649 602 460 503 621
171 258 145 163 224 535 326 388 325 313 383 585 34 41 430 440 471 509
229 146 247 284 72 350 446 99 33 40 527 485 429 439 248 548 481 482
57 355 117 122 351 277 206 545 61 637 63 139 143 179 53 230 627 37 77 203 210 408 451 466 511 645 647 198 384 497 600 468 513 650 652 0 9 23 398 598 457 610 361 364 433 436 18 10 24 453 492 520 660
65 357 116 557 409 450 309 348 589 552 533 636 367 48 299 212 455 467 495 512 564 565 644 646 183 370 401 74 456 499 591 592 14 22 587 42 162 362 365 434 437 3 16 35 174 11
160 147 322 120 477 518 655 657 26 150 620 618 323 223 268 222 108 619 109 181 575 576 100 148 577 385 386 168 188 631 597 36 76 140 180 202 209 423 464 582 623 358 359 435 438 454 496 583 584 8 282 151 124 240 424 463 465 501 506 581 624 625 629 633 1 19 20 21 15 58 593 236 238 331 339 478 519 654 656 6 25 7 363 653
136 175 390 421 87 67 281 549 278 137 617 568 56 244 256 264 537 46 86 288 296 469 507 517 476
215 320 152 474 515 113 221 368 571 31 38 161 445 290 298 29
356 328 562 315 563 314 149 329 369 220 391 392 443 444 75 634 226 590 493 530 661 663
488 142 121 522 553 125 243 69 81 272 419 550 254 253
559 317 542 259 595 276 59 306 89 274 173 127 43 83 213 612
547 413 417 316 104 153 204 543 107 172 544 344 349 207 266 372 603 32 39 335 54 343 459 502 524 332 490 426 427
292 105 131 218 110 111 225 293 130 291 394 395 628 630 231 494 531 662 664 294 30
324 431 389 441 310 187 561 504 461 319 318 51 158 308 191 239 651
442 473 432 170 514 352 62 199 472 510 285 186 49 156 165 377 91 155 534 412 416 297
418 411 410 586 414 415 396 102 185 596 273 177 178 572 44 84 551
516 448 305 475 594 347 279 184 138 45 470 508
641 523 489 608 541 98 402 123 55 200 375 93 613
611 601 250 60 270 154 189 334 342 182 376 574 452 580 17
639 241 302 303 321 242 47 399 400 301 588 304 233 642 235 237 330 338 425 428 5
539 103 280 251 92 50 157 295
346 201 205 252 658 133 374 134 614 498 599 373
540 546 261 96 353 208
462 505 115 555 387 217 578 300 381 4
366 271 447 190 219 263 337 159
214 382 403 579 119 486 528
211 665 227 345 573
