458 325 67 178 599 622 348 104 520 331 171 27 231 125 236 479 13 253 387 166 17 168 609 137 453 608 74 238 131 195 658 660 628 395 2 492 292 638 188 272 498 420 521 114 636 28 12 447 6 339
431 151 1 576 497 625 181 252 19 358 598 429 496 417 18 144 269 578 148 15 204 100 76 600 59 25 501 209 582 120 108 160 573 438 240 415 200 647 58 55 607 323 613 655 584 587 8 519 64 619 511 423 303 477 656 23 642
433 651 315 356 499 364 633 202 36 16 30 444 24 391 186 155 215 10 635 121 133 593 465 652 531 629 369 140 592 409 493 450 11 102 634 134 29 233 21 589 361 665 443 494 192 451 506 513 185 180 434 437 664 650 217 530 193 346 591 661 630 436 408 223 596 370 242 365 282 362 232 653 118 456 468 590 663 662 392 222 363
482 227 419 136 9 377 627 326 594 659 213 163 349 388 95 275 480 248 224 446 175 277 616 617 483 258 351 481 234 316 167
321 353 445 583 154 51 207 654 77 505 235 250 5 66 478 123 509 454 145 610 318 210 126 330 40 239 457
329 402 470 467 273 406 3 641 225 421 246 162 42 485 572 644 243
255 164 201 146 129 267 441 33 426 472 657 524 518 354 381 621 99 552 427 516 260 413
525 540 65 141 517 220 455 463 618 541 20 564 428 336 328 546 425 366 280 91 212 442 562 624 464 93 382 174 4 26 92 632 620 216 226 414 14 35 597 271 75 623 270
53 595 34 56 532 424 0 418 588 184 333 551 317 581 143 495 565 430 73 63 533
503 379 295 460 397 449 251 522 69 189 90 350 106 44 309 294 287 602 488 84 132
115 566 268 177 574 302 142 411 266 359 191 344 534 435 439 603 614 244 113 82 304
404 372 327 312 500 78 203 111 300 205 94 306 378 604 401 640 150 37 626
124 79 257 579 107 606 526 173 484 283 265 276 548
96 343 510 291 459 512 432 247 601 452 580 109 298 43 529 646
153 241 281 568 221 119 130 127 338 196 237 139 559 320 103 179 230
605 264 553 81 405 71 80 340 537 256 643 615 554 87 182 194 70 332
313 491 176 386 557 208 45 586 7 337 157 219 393 360 410
32 289 355 46 416 575 558 285 380 297 412 86 39 544 48
542 290 49 170 394 314 561 461
198 571 384 649 612 214 373 371 637 400 398 645 367 161 98 466 117
399 490 535 390 187 286 101 319 352 159 301 462 112 54 555 52 507 469 135
279 228 165 149 296 368 83 473 514 288
218 403 284 293 156 407 324 199 538 68 147 502 476
261 278 471 527 523 61 486 60 259
567 158 549 389 334 550 229 342 172 440
307 305 487 545 299 190 116
577 385 152 211 341 263 57
249 648 374 504 536 515 245 85 22 474
422 274 38 31 508 122 110 89 357
383 631 585 611 138
183 448 475 50 308 396 560 347 310
311 128 543 569 262 254 169
539 556 72 528 88 335
197 345 206 489 97
570 547 639 105
322 47 375
62 41 376
563
