52 53 54 55 174 175 176 177 254 255 256 257 309 310 311 312 75 76 601 602 570 74 77 99 184 588 600 603 635 484 485 486 487 454 493 564 662 13 25 2 479 521
59 60 61 62 87 88 89 90 250 251 252 253 301 302 303 304 56 73 78 84 526 527 528 529 495 530 565 663 12 28
69 70 71 72 136 137 138 139 276 277 278 279 283 284 285 286 596 599 604 629 14 29 480 481 482 483 453 488 520 660
110 111 112 113 151 152 153 154 272 273 274 275 287 288 289 290
132 133 134 135 347 348 349 350 617 622 546 618 621 665 466 467 468 469 465 632
155 156 157 158 320 321 322 323 638 643 533 640 641 653 459 460 461 462 456 593
164 165 166 167 316 317 318 319 534 535 571 613 614 587 457 458 498 499 605 606 607 608 494 531 661 664 17 18 30
191 192 193 194 351 352 353 354 557 609 610 470 507 650 651 24
377 378 379 380 404 405 406 407 40 43 344 39 44 360 332 333 334 335 116 336
387 388 389 390 394 395 396 397 91 96 218 93 94 209 210 211 212 51 213
419 420 421 422 79 80 81 82 127 236 241 280 443 98 489 490 491 492 414 586 455 583
446 447 448 449 128 129 140 141 230 231 248 249 473 474 475 476 450 580
536 537 538 539 553 554 555 556 221 222 37 38 532 121 122 148 149 185 186 232 233 358 359 431 436 0 1 9
542 543 544 545 547 548 549 550 41 42 340 341 342 343 150 337
558 559 560 561 102 357 368 391 585 83 229 497 504 594 633 3 4 16 23
566 567 568 569 109 313 371 372
31 32 33 34 540 541 114 115 123 124 381 382 575 576 577 35 36 615 616 627 628 67 68 595 597 598 463 464 505 506 623 624 625 626 496 584 361 652 19 20 15
47 48 49 50 146 147 262 263 142 143 144 145 383 384 385 386 392 393 100 101 57 58 97 65 66 107 108 223 224 234 235 408 409 451 452 362 363 364 365 429 430 437 438 7 8 10 11
103 104 105 106 227 228 199 200 201 202 328 329 373 374 375 376 444 445 658 659 611 612 423 424 425 426 477 478 518 519 654 655 656 657 26 27
117 118 119 120 219 220 299 300 369 370 400 401 402 403 591 592 639 642 589 590 634 471 472 516 517 644 645 646 647 21 22
182 183 242 243 305 306 307 308 125 126 324 325 326 327 398 399 574 578 579 63 64 239 240 45 46 163 130 131 237 238 330 331 338 339 427 428 581 582 5 6
195 196 197 198 551 552 203 204 205 206 562 563 366 367
207 208 268 269 270 271 281 282 314 315 355 356 92 95 172 173
244 245 246 247 345 346 572 573 410 411 412 413
85 86 225 226 619 620 630 631
636 637 648 649 178 179 180 181
159 160 161 162 258 259 260 261
168 169 170 171 264 265 266 267
187 188 189 190 291 292 293 294
214 215 216 217 432 433 434 435
295 296 297 298
500 501 502 503
508 509 510 511
415 416 417 418
439 440 441 442
512 513 514 515
522 523 524 525
