185 478 425 533 370 429 26 233 393 591 366 631 68 204 141 203 453 652 657 656 587 565 518 497 121 662 488 2 595 23 206 16 633 29 564 593 521 221 546 424 148 231 437 28 479 562 364 67 663 98 230 495 73 0 465 25 10 13 12 659 456 11 77 362 654 519 632 392 74 205 658 367 438 530 361 186 477 149 369 14 592 520 430 634 1 504 140 454 594 660 655 493 78 630 570 232 426 563 27 122 445 423 363 365 444 222
173 407 332 312 83 125 422 484 330 308 323 17 640 94 624 129 4 600 459 463 499 374 403 268 130 605 264 327 229
584 179 202 278 496 585 266 412 432 228 86 5 15 338 582 427 239 8 52 281 147 325 108 237 345 577 235
553 178 608 251 416 417 65 457 307 240 311 649 259 104 216 354 160 567 356 158 223 578 414 586 467 34
243 45 402 391 664 51 400 470 588 331 661 401 131 236 6 531 596 46 24 102 355 651 314 109 30 443 339 650 494 213 507 242 238 163 315
111 244 581 322 599 483 428 334 550 514 113 126 552 566 151 342 489 153 509 99 272 529 487 346 475 522 372 262 480 258
351 415 318 622 627 135 469 90 192 72 75 254 172 36 53 273 468 466
616 421 157 506 455 625 501 341 123 379 527 49 55 143 269 35 635 226 583 381
639 42 340 199 547 118 150 260 644 472 543 7 505 337 626 41 105 21
628 409 539 112 646 413 460 396 132 517 300 193 207 343 296 69 451 535 298 383
373 217 114 647 614 554 197 615 156 542 257 32 170 295 516 405 387 386 534 571
637 110 279 306 579 22 471 645 440 636 66 441 580 224 187 120 261 450 119 305
218 458 84 604 97 603 498 249 336 344 611 56 360 328 116 128 18 371 573 431 248 532 184 606 612 436 572 607 358 9 359 3 329
253 544 556 304 302 537 159 210 161 92 95 91 561 276 317 319 601 96 559 182 212
397 420 200 81 190 399 326 20 174 557 349 181 291 575
225 536 525 548 175 40 267 263 275 404 134 395 377 333 152 602 492 610
54 166 169 115 388 482 201 321 283 80 384 569 481 406
376 320 390 252 313 234 61 452 408 44 613 107 101 145 214
188 71 48 64 642 180 350 449 285 485 398 473 82 292 491 288 568 87 512 189 524
165 378 167 62 461 183 434 301 245 270 502 299 60 389 410
560 540 220 526 303 513 227 474 208 89 357 280 209
551 146 574 255 439 335 486 435 196 442 528 508
127 619 100 653 620 274 419 168 63 162 558 316 617 171 277
155 641 198 462 411 555 503 490 310 523 117 211 50
103 176 541 137 638 448 286 138 76
380 215 446 394 93 294 618 139 609 287 43 643
154 538 347 70 133 85 545 297 194 88 37 510 284 250 136
246 31 309 177 511 19 464 256 515 623 191
33 282 290 352 629 289 382 124
58 590 57 142 47 648 39 144 385 597
353 106 447 576 433 418
219 241 368 589 476
164 59 265 195 375
38 598 621 324
79 348 271 500
549 665
293 247
