0 513 2 1 7 520 521 12 13 14 15 16 530 531 532 533 21 24 27 28 29 30 546 557 564 565 566 571 572 63 64 577 580 583 584 585 586 589 590 591 592 593 596 93 117 118 629 630 633 634 123 124 635 650 139 652 653 140 143 144 651 660 661 662 663 664 665 154 155 160 161 167 168 179 180 184 185 214 215 221 222 358 359 360 363 368 393 410 435 438 445 452 453 454 455 456 465 468 479 492 493 494 495 496 499 506
640 3 5 6 10 11 266 141 142 268 639 17 399 401 20 22 25 26 425 426 427 428 302 48 304 57 58 191 320 321 322 323 74 75 588 597 603 604 92 480 481 482 483 226 230 231 232 233 614 620 621 381 372 374 251 253 383
4 518 519 8 9 18 19 23 36 37 59 61 65 587 76 77 598 600 607 608 610 613 618 619 108 110 623 625 119 120 641 642 645 647 654 655 656 657 150 151 152 153 192 193 196 197 202 203 204 206 209 210 212 213 216 219 244 271 299 328 329 336 337 361 362 364 365 371 373 382 384 398 400 433 434 436 437 457 464 466 477 478 497 501 511
515 262 525 270 529 276 408 411 541 31 415 545 34 38 423 41 431 559 53 441 62 318 448 451 582 70 200 460 205 334 81 342 474 346 220 350 487 106 491 113 241 246 503 378 254
256 259 517 263 264 137 523 528 273 404 278 409 413 32 417 421 549 39 551 429 46 439 568 450 68 198 79 469 86 476 223 100 486 103 104 489 243 248 507 255
514 390 136 524 269 537 412 416 33 544 288 292 424 40 296 43 300 47 432 306 442 319 67 581 459 462 335 80 207 83 343 473 349 490 107 109 505 502 377 250
257 516 265 522 138 149 405 279 534 281 283 414 542 287 418 163 550 295 44 45 430 309 55 440 60 69 461 84 85 470 475 98 488 111 242 245 504 249 379 508 125
512 385 644 646 648 403 162 35 169 42 174 314 315 574 575 579 458 330 331 463 82 467 211 338 339 599 601 609 611 227 228 355 356 616 235 236 237 238 239 624 240 498 626 628 500 116 376 636
132 260 526 536 286 543 548 553 170 177 307 182 194 333 594 341 88 345 602 605 606 97 484 114 632
129 131 643 261 135 649 658 539 159 164 555 305 561 52 181 570 317 78 208 472 94 352 354 615 617 234 510
128 389 133 272 407 156 289 422 297 556 173 560 49 310 189 195 324 325 199 73 612 229 622 367 638 127
406 282 157 158 290 547 294 298 171 172 50 51 308 183 447 471 95 96 351 509
387 293 394 554 332 397 175 274 340 316 87 538 91 348
224 99 485 102 552 72 201 267 527 115 277 247 252 446
225 130 419 66 291 326 71 105 347 659 631 312 187 188 637 126
134 391 392 366 145 146 563 147 148 562 595 369 370 443 444
449 396 303 112 176 178 402 285 573 190
576 121 386 357 313 218 627 280 217 122
353 165 327 311 186 284 540
258 558 275 567 90 375
101 301 54 535 344 380
89 578 395 388
420 166
56
569
