0 8 32 34 35 52 57 58 61 66 67 85 86 88 89 90 111 113 120 149 159 164 205 206 213 216 3 195 230 231 236 238 274 275 286 314 332 343 357 10 11 362 363 364 365 383 384 385 386 392 393 413 414 430 431 432 433 451 452 12 21 27 453 469 492 504 505 513 518 531 597 598 625 626 629 632 635 651 660 664 19 24 361 464 470 595 616 623 627 650 653 20 463 615 624 628 506 634 13 28 494 661 30 4 479 521
2 5 39 50 53 54 55 77 78 105 119 157 196 201 210 233 235 237 239 272 273 285 313 331 342 356 234 240 7 17 358 359 381 382 391 408 425 438 450 455 496 575 576 577 580 583 584 586
6 9 36 37 59 62 87 91 92 114 121 165 166 207 217 223 224 225 226 266 267 280 319 330 337 355
38 45 48 49 138 162 163 291 292 208 367 538 539 569 570 33 69 70 167 168 293 294 379 380 448 449 617 621 665 618 622 589
42 43 60 63 222 228 229 44 232 64 65 461 462 26 456 592 659 25 658 29
68 71 72 137 169 170 209 295 296 465 466 46 47 94 160 161 246 247 351 352 536 537 567 568
75 76 132 227 244 245 309 310 366 377 378 404 405 73 74 252 253 307 308 553 554 530 601 603 663 600 602
81 82 173 174 268 269 281 282 14 93 454 495 532 564 565 566 1 31 51 56 143 158 202 585 604 599 596 493 662
95 96 130 131 211 241 301 302 326 327 242 303 304 328 329 372 398 399 423 424 574 578 579 581 582 480 481 482 483 22 587 633 639 640 23 588 641 642 18 590 591
99 100 181 182 276 277 287 288 155 203 484 485 126 127 270 271 283 284 389 390 396 397
108 109 141 142 219 243 299 300 320 321 106 107 139 140 218 368 369 400 401 402 403 426 427 428 429 472 497 507 519 520 594 644 647 656 657 471 508 645 646 477 655 478 654
117 118 156 248 249 191 192 204 214 421 422 445 490 491 488 489 593 652
124 125 199 200 258 259 360 419 420 122 123 197 198 260 261 406 407 638 643
128 129 250 251 305 306 555 556 187 188 311 312 486 487
147 148 315 316 344 509 510 546 145 146 317 318 511 512
153 154 262 263 446 447 571 110 443
177 178 322 323 353 560 561 151 152 297 298 502 503
189 190 333 334 500 501 533 335 336
193 194 254 255 215 115 116 150 324 325 434 435 444
220 221 338 339 522 523 256 257 370 371 475 476 473 474 16 614 15 613
345 346 144 394 395 557 175 176 264 265
349 350 459 460 40 41 347 348
103 104 112 135 136 551 552 562 563 101 102 133 134
185 186 534 535 183 184 212 411 412 572 573 409 410 499 607 610 498 608 609
387 388 79 80 171 172 278 279 289 290 524 525
540 541 83 84 354 417 418 516 517
544 545 549 550 97 98 179 180 340 341
467 468 441 442 528 529
542 543 547 548
558 559 436 437
415 416 514 515 375 376 457 612 458 611
439 440 526 527 606 605
373 374
630 631 636 648 637 649
619 620
