0 1 2 516 517 520 521 9 12 13 14 15 16 531 532 533 21 22 24 25 28 30 35 36 37 38 551 552 557 564 565 571 574 578 67 580 68 579 583 584 586 588 589 590 593 594 596 98 114 115 121 122 123 124 634 636 637 644 645 646 647 648 649 650 651 652 660 661 149 148 664 185 186 195 196 197 198 230 231 232 233 358 359 360 361 368 398 399 414 431 436 450 453 454 455 456 470 471 472 479 488 494 495 496 497 507
3 7 8 10 11 17 18 658 659 26 27 29 423 424 425 426 39 41 42 44 57 58 444 445 199 328 329 200 201 202 587 227 599 600 344 603 604 480 481 482 483 97 100 101 612 103 105 611 104 106 228 248 373 374 375 376 249
4 5 6 518 519 19 20 23 45 46 51 83 595 597 598 92 93 94 95 618 619 620 621 623 624 625 626 630 631 632 633 125 126 127 130 131 654 655 656 657 163 172 173 207 208 213 229 237 238 268 269 270 271 281 282 324 325 326 327 330 331 338 339 362 363 364 365 383 384 385 386 392 393 429 430 437 438 463 464 465 477 478 504 505 506
513 129 389 137 140 525 526 408 536 410 540 286 415 159 34 419 294 168 298 427 300 175 434 181 54 312 441 569 190 321 452 582 72 333 461 341 345 474 347 220 484 492 117 246 502
515 307 523 527 528 280 409 284 412 417 289 292 421 293 296 297 303 432 48 306 179 52 561 310 439 567 49 570 180 188 189 446 451 70 79 82 90 476 485 486 490 236 112
512 259 263 265 511 524 147 277 534 407 153 411 416 161 544 164 548 170 428 47 435 308 182 442 61 319 191 581 459 335 81 210 469 343 215 473 221 353 491 242 500 377 255
128 514 388 522 138 141 529 283 539 413 541 31 418 291 162 422 295 299 171 176 433 178 53 566 309 440 187 322 69 460 334 342 346 475 219 350 487 489 245 501 120
653 142 143 144 145 530 662 663 150 665 56 184 313 443 572 573 65 66 457 458 585 336 337 85 86 605 606 607 608 609 610 223 224 613 614 357 225 226 234 107 108 493 235 498 499 371 372 116
641 390 273 406 279 538 160 545 169 555 560 183 318 64 320 591 211 216 602 91 96 616 617 239 367 379 252 254
258 261 134 133 264 267 395 396 272 275 156 157 32 33 546 553 556 209 467 212 468 214 217 218 247 241 244 118 119 253 250 509 510
640 643 260 266 404 405 420 165 166 167 43 301 302 59 60 317 62 63 316 73 75 462 84 243 503 635 638
257 274 537 158 542 40 554 174 559 305 323 332 76 77 592 466 340 601 99 615 622 110 240 508
576 577 355 356 102 391 109 627 628 629 314 315 381 382 575
642 74 203 204 205 206 78 400 369 562 403 563 366 370 401 402 639
256 352 194 549 262 80 146 50 278 535 152 380 222 543
449 132 71 136 139 397 558 177 55 285 155 311
192 288 351 550 111 113 151 568 154 287
547 387 394 276 89 378 251 348 447
448 193 354 304 87 88
349 135
290
