0 1 14 12 17 18 29 27 13 28 63 64 7 15 26 25 93 123 124 140 139 143 144 145 146 154 160 147 148 155 161 168 167 179 180 198 199 200 201 358 359 360 375 376 363 424 423 435 438 445 455 453 454 457 458 478 477 492 493 496 498 497 495 518 519 520 530 534 535 563 564 562 565 573 574 566 585 590 599 581 582 600 609 610 603 604 607 608 614 613 658 659 661 663 654 655 656 657 583 584 653 532 660 2 479 521
3 4 16 23 22 35 42 47 48 65 10 11 24 30 75 74 116 162 174 183 212 211 226 216 219 213 243 300 299 313 337 336 361 362 364 365 366 367 370 369 357 400 399 398 401 408 409 433 434 436 437 451 450 456 467 466 468 499 512 511 513 494 531 533 551 552 557 587 588 589 571 596 591 592 634 637 636 648 649 644 645 646 647 650 652 662 664
5 6 33 31 20 19 32 34 220 227 228 239 240 237 238 266 267 268 269 314 315 338 339 356 355 385 386 410 465 452 500 501 576 575 593 580 586 616 615 627 628 626 629 625
8 9 21 37 36 76 77 102 103 119 120 121 122 182 181 186 187 189 188 202 208 203 223 210 209 217 218 225 224 280 344 368 393 506 572 577 630 635 633 651 665
43 40 41 44 222 234 232 233 295 296 594 595
39 38 45 46 221 229 230 231 297 298
49 50 51 52 235 236 282 281 321 322 320 323 330 331 346 345 391 392 425 426 427 428 443 444 631 632
53 55 56 54 117 118 129 134 130 133 184 185 214 215 480 483 481 482
58 57 82 92 91 141 142 169 464 463 597 598 623 620 618 619 621 624
59 60 61 62 149 246 247 248 249 429 432 431 430 546
67 66 68 69 87 89 88 90 131 132 347 348 349 350 470 469 472 471 617 622
70 71 72 73 127 125 126 128 194 193 195 196 255 254 257 256 553 555 554 556 558 560 559 561 638 640 641 643
80 81 83 84 96 97 197 261 260 307 308 309 310 380 379 406 407 527 526 605 606
85 86 78 79 95 94 192 259 258 306 311 305 312 377 378 404 405 528 529
98 101 99 100 381 382 383 384 507 508 510 509
106 107 108 109 241 270 271 397 396 488 489 490 491
110 111 104 105 242 292 291 394 395 525 524
114 115 112 113 163 164 165 166 262 263 264 265 447 446 448 449 639 642
135 136 137 138 175 176 177 178 276 277 278 279 318 316 319 317
150 151 152 153 204 206 207 205 244 245 329 328 371 372 373 374
156 158 159 157 283 286 285 284 351 352 353 354 547 549 548 550 567 568 569 570
170 171 172 173 273 272 274 275 294 293 485 486 484 487
190 191 250 253 251 252 413 412 411 414 611 612
288 287 290 289 388 387 389 390 420 419 421 422
301 304 302 303 402 403 473 474 475 476
324 325 326 327 439 440 441 442 461 459 460 462
332 333 334 335 502 503 504 505
340 341 342 343 415 418 416 417 543 545 542 544
514 515 516 517 540 541
522 523 539 538
537 536
578 579
602 601
