0 1 53 54 55 56 63 64 117 118 123 124 139 140 143 144 160 161 167 168 179 180 184 185 214 215 14 93 360 455 495 532 533 551 552 557 564 565 571 12 23 27 358 402 438 453 454 456 467 468 492 494 511 520 578 583 588 592 634 637 644 647 649 650 660 662 22 403 466 512 579 587 636 645 646 648 13 28 359 435 496 499 513 531 584 591 652 664 16 368 572 589 596 7 30 363 410 586 653 15 452 580 24 2 479 521
3 4 35 42 47 48 65 74 75 116 162 174 183 211 212 213 216 219 226 243 299 300 313 336 337 357 366 367 361 362 398 400 433 434 399 401 364 365 436 437 369 370 11 409 450 10 408 451
6 8 36 58 59 60 76 120 121 181 186 188 202 209 217 228 236 238 240 242 303 304 315 331 339 356
31 32 132 208 223 225 232 233 133 134 182 189 229 469 470 465 500 501 518 519 625 626 629 656 657 20 593 620 621 19 618 619 26 25
38 39 220 234 248 249 349 350 40 41 227 258 259 351 352 536 537 567 568 377 378 446 447 506 633 617 665 622
43 44 102 244 245 282 206 207 222 484 485 493 590 661 412 413 523 524 426 427
49 50 264 265 9 37 61 62 122 196 197 203 218 5 230 231 235 301 302 314 330 355
66 67 87 88 131 169 193 289 290 68 69 89 90 195 239 246 247 347 348 471 472 538 539 569 570
70 71 125 126 194 256 257 72 73 127 128 237 338 553 554 558 559 635 641 643 638 640 651
78 79 82 94 95 192 334 335 344 80 81 96 97 332 333 379 380 406 407 404 405 604 606 605 607
83 84 149 252 253 280 85 86 250 251 546 416 417 489 490 530 663
91 92 141 142 268 269 322 323 57 266 267 281 320 321 21 391 392 463 464 477 478 597 598 623 624 631 632 654 655 381 383 382 384 425 428
104 105 170 171 274 275 293 294 45 46 103 130 272 273 291 292 486 487 387 388 394 395 603 630 608
108 109 150 151 270 271 328 329 33 34 119 224 385 575 386 576 424 581 423 582
112 113 163 164 285 286 353 354 51 52 77 129 187 210 283 284 504 505 549 550 642 639
135 136 175 176 278 279 318 319 137 138 177 178 276 277 316 317 509 510 507 508
156 157 297 298 147 148 155 562 563 566 29 443 444 658 659
190 191 326 327 346 421 422 17 372 457 498 599 610 611 18 371 458 497 600 609 612
204 205 342 343 152 153 241
260 261 307 308 305 306 528 529 526 527
311 312 100 101 221 345 540 541 473 481 482 514
98 99 106 107 396 397 393 480 483 488 491 522 525
110 111 145 146 287 288
114 115 154 254 255 547 548 459 460 577 439 442 440 441
158 159 295 296 448 449 445
165 166 198 199 534 535 376 601 375 602 585
172 173 324 325 389 390 544 545 560 561
200 201 419 420 374 373
262 263 502 503 429 432 476
309 310 461 462 555 556 411 414
340 341 542 543 415 418
574 613 430 431 573 614
474 475 515 516 628 627
517 595
616 615 594
