350 204 384 506 557 141 469 158 56 625 13 10 421 12 430 31 19 538 327 453 597 505 27 65 521 385 479 392 432 518 28 4 51 83 21 634 660 464 364 632 492 182 623 362 213 1
552 210 418 259 550 458 383 30 516 20 261 510 78 611 249 138 225 422 295 451 525 414 330 628 297 5
342 123 443 279 652 461 165 413 612 122 509 237 457 148 468 291 153 114 194 452
85 478 84 136 631 463 86 553 52 532 134 577 425 520 654 626 562 0 359 621 548 424 381 32 624 57 7 159 504 546 112 581 382 93 25 555 619 656 358 595 94 438
449 499 276 126 447 607 167 43 563 248 475 488 177 258 360 298 290 101
556 49 616 105 332 228 635 70 336 118 285 236 356 462 275 393 310 309 487
212 609 637 584 273 172 187 59 614 91 513 301 235 576 647 17 615 209 9 650 150 578 471 23 312 313 507 2 121 651 470 109 24 239 455 645 62 184 270 450 370 496 580 583 331
220 439 311 333 484 417 662 603 493 485 54 353 582 199 334 72 197 257 293 131 423 380 503 572
618 252 567 549 160 283 292 617 482 33 568 232 296 665 46 481 537 161 377
528 629 44 593 490 87 88 408 319 372 45 166 219 18 489 243 29 207 633 445 120 156 206 6 586 218 589 155 222 280 527 8 391 344
198 508 600 363 14 367 602 22 431 246 168 66 247 433 403 69 103 649 352 454 646 11 644 565 495 564 472 365
369 323 409 434 390 36 61 300 477 655 73 181 41 522 107 58
639 529 92 272 97 643 265 480 233 491 483 98
373 245 405 289 135 35 486 524 476 192 303 517 349
416 420 269 569 315 151 152 154 346 543 201 278 227 558 251 119 264 523 157
304 560 318 34 592 147 531 322 63 456 664 116
511 95 317 302 620 467 640 426 137 429 195
561 541 79 661 81 355 266 494 337 55 226 559
68 37 622 117 164 189 316 127 113 174 554 601 48 542 253 591 224 465 268 240 308 325
230 144 590 404 202 307 406 530 76 606 75 663 379 397 613 395 179 339 388 338
277 566 133 608 444 374 427 149 534 659 64 610 67 287 519 657 604 498 375 185 599 173 428 16 82 143 26
234 371 180 255 238 575 329 399 124 130 50 15 343 3
571 80 267 60 415 587 627 412 96 129
77 244 39 328 641 175 400 254 231 466 53 74
110 574 102 545 636 544 196 596 398 108 241
341 351 142 539 40 573 547
347 306 221 419 579 648 502 345 145 540
186 411 256 203 410 394 191 354 357 585
139 125 386 223 512 90 320
183 366 437 38 446 536 442 99 299 171 169
551 271 473 514 214 396 47 128 288
217 653 497 229 208 594 588 361
282 132 170 460 515 474 89 284 535 501
263 286 215 140 658 115 570 262 178
324 193 435 71 106 440 441 340 436 250 335
638 598 448 630 162
100 389 111 104 401 242
163 376 314 188 500 459
305 200 260 146 205 378
216 42 402 368 281 387
348 176 642 321 526 211
190 274 533
605 294
407 326
