348 357 312 134 105 124 141 81 241 115 98 553 448 399 578 392 444 501 460 262 258 483 480 479 4 521
603 405 308 407 197 635 600 589 253 378 380 69 144 252 377 404 307 406 379 70 198 230 35 202 360 232 33 601 602 338 333 76 128 482 481
570 571 568 649 319 282 606 284 551 248 77 246 555 244 370 222 532 177 175 74 53 39 625 505 586 408 13 28
217 170 189 131 110 324 328 273 389 47 385 259 263 523 485
630 658 590 142 140 321 591 631 139 320 659 219 218 207 243 206 156 280 344 155 166 88 87 595 593 633 574 372 445 585 577 391 209 45 60 208 44 61 58 113 164 337 226 330 225 62 59 165 114 594 497 592 456 469 634 506 632 663 662 493 530 424 423 582 581 438 496 359 584 583 455 358 425 478 477 657 656 655 654 520 519 653 361 29 21 18 6 8 9 26 25 17 7 518 453 492 660 12 27
277 171 599 279 173 604 79 288 596 629 290 566 172 276 287 80 82 289 278 174 67 64 55 68 63 524 522 525 565 495
640 621 563 136 639 562 135 133 620 84 552 183 101 535 540 185 103 86 150 149 112 610 588 597 367 366 66 65 403 401 383 374 376 564 454 31 51 56 158 159 52 57 32 626 624 463 504 607 499 458 611 508 472 646 644 429 428 427 426 431 430 433 432 365 364 363 362 22 20 15 1 14 0 11 10
269 179 619 181 271 317 315 122 613 652 641 534 316 123 311 200 309 318 125 54 617 643 510 466 502 461
543 346 449 120 130 538 162 420 182 227 294 298
390 310 554 118 560 637 569 549 38 176 264
642 447 168 350 665 618 605 71 245 256 446 169 281 394 100 349 167 233 468 512 260
213 212 648 628 111 557 616 636 575 381 579 573 371 93 203 94 580 450 470 661 531 664 494 651 650 513 30 24
356 210 614 314 313 615 627 254 301 220 275 96 303 50 196 195 587 598 609 572 382 576 398 240 234 239 342 237 235 331 343 238 332 236 119 157 498 457 612 608 471 507 647 645 623 464 23 16 19 3 2 5
355 216 327 397 558 393 443 147 148
199 163 326 419 550 257 83 268 547 375 265 261 126 511 467 515 474
556 187 306 121 48 91 188 117 305 34 335 340
352 161 548 99 143 194 255 351 72 160 536 465 509
545 97 116 322 541 49 190 283 270 487 491 529
388 421 89 92 186 384 296 292 486 297 178 293 411 476 417 517 414 451
329 539 46 251 304 274 154 43 439 434
247 395 249 242 104 106 132 285 542 129 75 291 295 415 488 418 409 412 526
537 201 102 78 184 266 559 561 435 436 437
85 192 211 546 302 193 180 396 345 334 146 339 516 475 440
300 205 90 286 108 544 73 127 459 500 442 473 410 528 514 490 416 413 452
191 204 214 533 323 441
272 299 95 387 137 462 503 527 489
215 221 354 422 325 41 152
353 267 107 37 36 373 484
109 347 250 229 386 151 40
567 231 228 402 369 42 153
223 224 138 400 368
638 622 145
341 336
