277 596 175 279 177 603 620 637 316 136 138 318 552 276 283 113 176 285 115 278 178 134 129 82 208 617 132 606 131 527 508 529 510 495 565 646 512 12 27 479 2 521
628 627 635 214 571 215 117 616 615 557 118 630 101 541 100 222 221 98 546 540 99 93 161 160 598 597 593 386 393 577 576 575 385 124 168 123 167 360 532 63 143 144 64 501 625 140 180 564 455 179 139 623 464 500 626 463 624 629 506 633 465 586 410 580 452 438 435 584 496 359 583 358 454 662 468 531 664 494 652 650 513 653 363 21 20 19 14 1 0 30 24 15 7 453 492 660 520 13 28
153 151 329 607 642 619 618 641 328 152 608 150 204 206 271 299 59 108 244 110 61 119 120 65 587 613 213 212 197 196 193 192 373 371 400 398 382 384 219 337 209 76 77 210 336 216 203 37 202 36 511 466 647 645 497 600 457 610 428 427 426 425 437 436 434 365 364 362 361 433 478 477 657 656 655 654 519 518 23 18 4 9 8 26 25 11 10
312 405 648 306 554 631 659 558 419 326 183 547 349 446 567 394 293 351 366 240 227 638 234 643 229 52 51 50 49 42 162 499 591
308 556 612 407 310 640 595 539 261 247 380 47 389 272 422 325 561 319 544 367 228 239 605 622 40 85 38 83
665 611 217 218 357 313 601 651 121 122 602 207 205 344 245 102 103 590 614 574 376 375 573 445 585 182 189 225 181 188 599 498 458 661 530 493 663 609 29 17
142 563 621 604 141 639 562 48 191 535 92 300 270 226 588 403 579 169 174 35 467 644 424 423 582 581 22 3
649 348 67 570 69 658 106 550 104 292 632 636 242 555 72 125 127 70 309 133 195 265 264 504 505 339 238
146 164 170 211 315 281 248 68 370 443 507 296 295 338 237
81 148 172 145 126 53 246 369 485 487
323 390 568 395 114 80 404 84 262 254 44 483 480
73 166 447 589 87 537 553 88 536 194 343 341
321 273 352 322 421 220 538 353 420 274 572 383 41 39
543 449 356 314 116 250 190 58 311 235 330 5
350 545 397 112 251 90 95 379 163 448 75 342 503 525 287 460 334 491
388 275 354 284 548 542 317 559 31 33
79 378 96 560 128 54 396 305 258 523 335 32 489 482 481
71 89 147 566 60 303 185 173 297 528 517 442 289 486 476 432
594 324 320 282 62 57 368 592 456 16
355 286 249 111 266 105 135 374 399
294 252 280 301 187 91 201 291 66 298 526 440 516 515 441 461 158 484 290 430 431 474 475
94 259 346 551 97 634 439 159 429
186 56 224 55 304 171 387 514 473
154 184 109 241 345 107 391 524 413 417 490
243 149 253 533 165 74 444 411 412 408 451
198 155 223 199 534 137 86 340 46 332 409 450
302 268 260 569 347 156 256 416
267 269 78 232 230 522 45 488 415 6
200 307 406 402 288 34
377 549 578 381 392 263 255
327 231 130 372 401
233 502 459 43
509 414 157 471 257 333 470 418
462 469
472 236 331
