0 513 1 4 518 7 521 12 13 14 15 16 17 530 531 532 534 535 24 27 28 29 30 31 32 557 51 52 564 565 566 56 57 571 572 573 580 583 584 585 586 593 93 94 605 607 606 610 611 608 613 609 612 614 110 111 112 650 651 652 653 143 144 660 661 149 150 664 662 663 665 158 159 183 184 185 186 202 203 212 213 358 359 360 361 370 371 408 425 438 445 450 453 454 455 457 458 470 479 492 493 494 495 496 498 499
640 641 2 3 130 5 131 642 137 10 11 138 400 401 18 402 403 22 23 25 26 426 427 428 429 301 302 303 304 50 195 196 326 327 328 329 587 588 590 591 211 95 480 481 482 483 228 229 230 231 96 368 369 241 242 633 639
6 519 8 9 520 19 20 21 34 35 36 37 58 59 61 62 595 597 598 87 88 89 90 91 92 618 619 620 621 623 624 113 114 625 626 630 631 632 634 139 140 141 142 654 655 656 657 164 165 166 206 207 223 224 225 226 266 267 280 320 321 330 337 362 363 364 365 383 384 385 386 392 393 430 431 432 433 463 464 469 477 478 504 505 506
258 515 262 268 525 529 152 409 153 413 541 415 545 423 41 42 559 436 441 188 317 191 448 452 582 199 201 460 335 81 340 474 348 98 354 102 487 491 108 378 501 250
128 259 387 517 263 524 527 277 151 538 411 156 540 414 417 162 289 421 293 40 297 434 439 568 311 192 451 197 459 76 204 79 85 476 486 489 500 245 249 125
256 512 514 260 264 523 528 145 278 407 154 410 416 420 548 424 552 43 171 175 437 569 442 322 581 69 200 333 82 338 468 214 473 221 350 353 485 104 490 246
516 522 396 526 272 147 276 155 412 286 418 290 294 167 551 553 298 173 560 177 435 440 312 447 193 71 74 77 467 215 475 484 101 488 115 244 248 126 511
644 645 646 647 648 649 398 399 157 39 53 54 55 313 314 574 578 579 456 331 332 589 592 210 594 596 342 343 471 472 356 357 233 234 235 236 237 238 239 240 105 497 508 372 119 507 636 637
643 269 271 148 281 282 283 284 543 547 549 550 178 567 73 78 599 601 349 222 351 227 232 627 629 127
261 265 404 405 536 33 419 38 554 44 558 47 187 72 334 209 339 602 603 616 366 116 377 635 124 638
389 270 658 285 291 422 295 168 170 180 182 318 449 65 68 466 352 615 617 622 628 247 123 380 510
390 394 275 537 288 161 292 296 555 300 49 310 462 336 465 341 219 347 107 503 122 509
388 273 274 533 539 542 316 189 194 324 198 461 80 344 345 99 103 502 379
129 546 323 257 70 395 556 172 75 109 176 146 406 118 279
133 134 135 136 659 562 563 443 444 64 66 67 600 604 367 373 374 375 376
576 577 121 355 391 45 575 120 208 216 217 60 381 382 319
544 169 299 397 46 174 561 179 117 346 315 446
160 163 132 106 83 243 86 253 254
325 48 305 306 307 308 251 190 63
287 205 84 309 218 220 255
97 100 181
570
252
