46 346 179 269 315 82 200 63 251 617 174 72 552 246 278 289 311 68 602 466 468 485 161 487 472 644 122 454 564 12 27 4 479 521
69 449 171 156 540 77 558 183 218 254 293 297 169 410 416 117 283 307 377 459 500 288 310 544 76 128 145 175 292 296 486 524 437 442 473 490 514 528 103 280 303 424 581 413 452 481 482
81 545 199 102 98 268 541 317 188 559 250 348 108 448 191 378 201 241 354 41 42 152 153 258 262 335 340 460 501 409 415 491 529 186 266 525 474 515 436 441 423 582 480 483
99 271 90 189 253 323 353 551 172 560 70 349 547 214 220 406 447 257 146 176 334 339 484 467 511 522 435 440 267 261 265 475 516 427 428 207 450 580
78 131 130 221 326 302 255 272 304 327 579 381 640 573 575 274 328 329 371 399 54 234 239 240 599 620 621 588 458 499 508 607 611 646 15 22 95 55 233 600 639 50 195 196 597 610 39 53 119 157 235 237 331 342 463 504 624 626 2 5 236 238 332 343 358 359 425 438 455 477 478 496 519 520 583 584 654 655 656 657 3 20 7 17 25 26 361 653 453 492 518 660 13 28
85 568 79 548 33 638 407 421 177 147 538 197 387 555 394 232
91 350 97 322 40 151 187 206 537 184 301 476 517 125 162 270 549 434 439 390 404 144 260 264 333 338 465 462 503 509 252 242 535 426 429
96 210 614 105 273 275 314 357 256 313 356 370 576 382 578 606 615 398 572 627 637 649 587 598 470 513 650 651 24 609 408 457 464 471 498 505 507 586 608 612 623 625 645 647 494 531 661 664 16 19 23 30
101 388 124 163 167 244 276 86 286 109 553 312 539 396 294 298 115 132 412 418 290 74 75 126 129 488 526 89 248 414 451
106 279 118 170 247 160 104 389 287 309 556 536 83 291 295 285 534 249 395 461 510 502 123 92
652 593 215 110 213 324 205 571 546 325 143 533 391 372 585 93 202 360 635 150 456 469 497 506 592 594 632 634 14 21 596 32 52 57 159 495 565 0 18
659 603 185 134 135 136 133 604 562 563 376 375 443 444 374 373 64 65 366 367 658 149 493 662 29 566 66 67 112 31 51 56 158 530 663 1 362 363 364 365 430 431 432 433 10 11
219 107 543 120 217 542 419 182 336 341 181 80 116 300 574 44 209
605 84 100 245 281 567 405 180 630 71 38 601
397 277 379 622 173 345 347 590 227 49 45 230 73 127 60
211 355 305 306 589 47 308 48 577 523
198 216 282 316 111 168 570 208 636
140 141 190 380 192 321 155 344 193 58 61 113 164 8 87 225 226 330 337 6
139 142 320 554 299 194 222 618 641
616 121 212 628 204 383 228 384 385 392 393 229 386 36 37 629 595 59 62 114 165 9
665 642 351 352 284 550 569 532 94 148 178 643 34 231 259 263
631 420 422 445 591 203 613
43 318 446 561 154 489 527 512 411 417
633 319 557 369 137 138 368 401 403 243 400 402 223 224 648 166
88 619 35
