447 753 799 448 434 510 769 768 55 93 325 241 914 707 545 74 218 54 90 495 547 1024 537 65 68 868 857 858 695 696 944 710 673 672 867 2
572 590 281 349 883 750 614 757 625 904 641 132 120 982 1078 971 972 1067 18 40
508 761 805 460 452 524 798 779 296 196 238 930 665 418 190 158 71 80 394 426 1046 408 104 875 660 657 872 671 952 646 674
731 402 760 432 388 451 735 755 548 302 110 331 592 358 53 199 137 116 49 654 357 598 701 968 1085 993 712 647
217 48 213 43 216 335 253 95 248 383 546 327 505 504 298 374 372 274 46 433 509 45 382 326 373 503 502 247 252 212 273 215 214 334 94 951 699 947 939 615 578 932 675 953 1028 963 966 1023 1022 957 956 1075 1074 1065 1064 303 540 313 193 312 192 304 541 876 1083 964 833 1076 866 842 1025 670 669 946 945 855 854 1073 1072 698 950 563 832 1063 565 29 41 37 22 8 6 7 5 21 11 36 35
311 366 89 126 123 277 278 124 421 420 339 558 483 308 340 88 415 476 346 446 445 555 345 414 139 166 283 284 75 318 117 630 628 603 631 629 604 602 601 981 979 984 1020 1002 1051 1031 1019 1001 1050 1030 279 206 314 534 1018 843 844 1017 845 1049 846 1048 648 711 1084 853 877 1061 575 574 693 692 30 26 31 25 9 12 15 14 42 32
520 771 737 380 466 406 813 729 552 490 423 391 294 194 351 177 108 622 63 684 370 151 905 148 911 1037 1003 983
256 365 140 286 77 221 259 189 230 229 58 174 376 443 413 489 488 367 309 515 249 718 794 793 727 766 744 561 168 122 276 321 810 606 938 948 678 626 940 933 581 1013 1047 954 974 973 1005 1004 1069 1066 1036 1035 815 716 207 280 328 533 1080 864 988 834 28 39 13 16 4
519 738 381 222 908 138 354 118 147 770 379 399 461 517 906 150 257 165 913 892 585 681 980 1059 992
459 732 403 200 161 119 319 307 167 804 464 404 338 337 557 482 287 270 182 128 599 597 637 635 1016 994 1038 1056 836 1010 1054 852 33 24
544 748 385 333 236 747 264 263 900 899 239 240 697 694 856 859
416 722 417 895 285 645 821 79 530 478 449 898 237 121 330 267 896 51 642 847 136 850 512
621 791 111 251 830 724 891 780 917 1053 1012
501 348 364 144 500 282 347 271 290 205 272 112 204 289 255 881 916 920 880 577 576 169 320 85 84 919 586 584 583 683 682 680 970 969 1071 1068 831 925 157 176 535 315 835 987 1079 865 38 27 20 10 1
556 792 477 201 343 386 405 203 202 125 310 596 936 959 990 985 1009 837 23
566 360 232 160 567 317 344 362 361 316 359 96 888 231 234 955 1032 1077 1058 1034 1033
715 828 782 714 560 506 100 375 101 564 907 931 902 878 901 98 69 99 633 943 942 632 1039 1057 814 713 1055 851 34 19
651 47 87 807 610 341 50 266 86 1052 976 995
184 185 130 129 407 465 498 401 458 400 499 457 159 198 228 227 188 57 595 935 1042 1041 997 996 1044 1043 999 998
323 170 171 322 389 523 518 378 219 220 258 949 679 582 934 1082 1060 1081 991 977 978
260 76 721 773 474 783 480 778 484 468 570 653 643 243 784 485 822 553 481 706
781 571 730 143 568 827 363 250 450 173 387 109 107 301 113 262 700 960 986 989 1014 967 1062 717 816 175 156 17 0
795 796 562 736 719 745 430 211 516 734 743 181 305 209 261 605 937 962 1026 1007 1006
746 52 528 268 486 470 83 442 72 812 543 887 419 926 521 723 620 772 609 149 61 293 195
687 438 64 532 371 324 384 720 826 62 369 115 172 437 531 624 686 368 1021
131 691 809 759 526 440 569 623 685 233 306 591 725 471 390 589 640 774 155 102 3
152 655 425 785 336 776 342 244 479 656 613 786 751 1000 762 224 411 105
397 429 775 608 726 619 242 918 811 909 422 788 704 862 818 861 225
594 393 639 431 472 733 332 59 618 708 439 616
922 689 444 292 377 912 663 573 924 661 291 246 662 915 890 664 607 1008 1070
398 462 752 475 777 703 97 903 600 634
559 588 412 829 767 245 297 141 871 742
494 114 154 210 44 797 179 300 269 78 1011
507 649 705 928 554 127 191 497 473 1045 511 839 803
299 436 889 886 823 353 825 73 808 758 435 756 806 529 1040 961
427 395 754 667 145 288 688 56 587 92 539 763 870 409 133 659 873
542 522 496 550 910 60 275 146 593 491 551 134 840 765 538
879 728 893 492 162 493 163 265 525 135
709 885 356 142 884 923 197 958 764 453 454
787 789 164 91 254 790 749 965 455 849 514 863
463 81 70 183 235 396 428 824 800 740
612 153 208 652 668 611
897 187 329 178 467 638 410 739 801
186 666 487 82 617 741 869 513 817 841 658
180 392 644 690 921 226 103 536
527 441 894 1015 67 820 223
882 350 927 929 702 1027
355 352 580 636 677 848
650 295 627 676 66 874
469 941 838
424 579 106 860
549 802 819
975 1029
456
