375 722 430 506 798 479 555 196 755 339 340 786 830 46 571 568 344 116 114 172 320 333 327 161 542 823 144 152 96 150 175 330 334 173 324 177 163 162 580 579 617 616 681 680 701 700 964 1027 965 1024 958 966 1077 953 1078 1085 1062 1058 1021 1029 1083 876 835 961 1076 856 844 1028 94 287 819 717 342 535 278 110 652 651 712 711 1084 847 877 1061 575 574 693 692 1063 565 37 41 29 21 19 5 4 8 13 12 42 34 17 40 867 0
190 217 407 406 357 799 720 54 169 167 166 564 878 165 359 358 186 141 185 321 1040 1045 1075 1074 1023 1022 1057 1033 1032 1056
381 732 380 520 803 501 500 731 346 338 149 793 794 343 98 562 719 713 519 802 729 730 801 792 791 561 718 183 57 184 58 60 59 61 170 800 948 682 949 683 934 582 933 581 983 988 987 984 1070 1069 1068 1067 975 972 971 976 1080 865 837 979 1079 866 980 836 818 716 298 260 946 945 674 673 855 854 1073 1072 698 950 563 832 38 39 24 23 18 1 22 11 36 35
347 350 374 369 478 218 556 475 437 413 510 159 421 507 432 559 93 202 293 412 292 420 189 154 294 295 207 51 594 938 593 937 615 939 947 675 1010 977 978 1009 1019 995 1020 996 1018 842 843 1017 536 363 534 372 952 944 646 710 26 25 14 10
752 417 452 398 739 769 82 83 188 273 457 269 774 279 242 253 89 88 599 601 629 627 636 634 598 596 982 991 962 1026 986 985 1044 1043 1036 1035 1005 1004 1001 1000 1055 852 1012 833 846 1048 671 670 669 672 28 33 30
399 740 458 451 768 775 270 274 187 416 751 254 280 241 628 626 602 600 597 595 637 635 963 1025 981 992 1015 993 1051 1031 1011 834 845 1049 1054 853 31 32 27
361 353 360 352 504 365 44 497 496 444 378 524 107 377 516 450 505 368 471 465 767 721 573 570 772 55 56 130 225 257 679 677 1053 954 1046 960 957 956
67 351 492 427 526 614 811 387 726 649 569 974 1066 997 1052
157 156 356 78 142 337 329 317 79 754 829 785 63 64 164 92 201 1082 1081 1060 1059 236 266 2
379 445 136 158 476 366 446 135 557 355 354 66 65 544 132 43 155 955 1050 1030 364 537 15
415 508 286 322 498 643 641 71 370 473 263 589 605 942 1047 1065
393 518 194 779 904 348 517 100 146 99 727 882
199 200 402 741 742 403 466 97 795 70 264 771 796 566 567 770 195 1042 1041 999 998 820 714 16
345 289 45 153 86 205 206 87 924 917 881 916 880 577 576 203 84 204 85 113 111 81 80 923 586 584 585 583 678 676 831 925 109 277 7 20
367 472 405 108 404 341 474 499 125 887 886 902 901 219 258 220 943 633 632 588 936 587 935
480 647 891 115 385 315 438 777 889 773 137 261 120 684 211 386 525 1002 994 869 455 763 122 841 873
728 813 572 216 883 687 920 592 105 382 549 191 131 908 650 903 644 305 784 778 234 1039 1064 533 371 235 265 9 3
590 783 685 212 384 748 306 119 223 414 550 822 888 62 493 303 467 433 308 232 118
390 391 101 907 691 753 392 918 126 180 259 181 688 910 129 123 861 864 857 694 697 860
610 760 440 90 174 436 229 821 267 527 529
449 744 255 659 434 746 612 193 828 448 73 275 824 441 702 240 454 655
805 724 443 178 147 233 208 750 766 522 383 490 53 77 316 312 609 495 224 990
243 423 780 429 282 325 296 743 349 362 608 227 531 95 288 6
331 397 470 425 759 281 797 899 138 222 209 72 489 545 426 973 1008
532 530 606 395 761 689 604 332 491 666 668 607 428 1016 765 124 246 806
528 389 494 244 176 543 885 922 657 112 725 613 620 776 213 228
482 462 148 468 645 102 373 909 906 915 487 664 892 424 1034
625 335 301 91 715 825 804 419 400 827 197 284 782 640
297 723 619 757 546 503 930 463 897 745 611 871 239 514 250
896 309 621 52 560 705 928 447 401 139 703 134 198 927 704 591 140 970 1007
256 460 781 523 431 558 639 276 459 638 1013 807 735
442 49 515 879 737 418 69 151 603 48 127 648 838 808 538 654
787 552 484 894 323 145 790 812 553 1003 968
709 912 663 464 509 376 268 160 326 302 50 461 959
488 667 738 661 182 336 76 328 394 967
285 900 911 931 272 291 192 631 941 408
502 914 554 623 226 551 660 300 951 736 863 251 733 656
665 477 898 548 318 485 439 708 699 252 734 249
707 75 893 311 422 179 686 809 850 456 696
486 789 231 117 435 758 826 547 840 511 839
926 749 313 103 47 299 521 618 310 411 868
128 307 214 319 921 106 410 512
221 210 304 662 622 215 230 905 483 848 513 814 817 851 874
168 68 283 262 919 630 1038 409
171 271 143 884 388 989
290 481 624 706 816 247 238 875
133 74 788 747 1071 1006 453
396 469 642 1037 539 849
756 913 104 540 862 762 695 858 859
890 895 969 541 245 121
314 658 1014 764 237
810 690 248
929 578 870
932 940 815 653
872
