49 485 1066 422 293 356 548 484 1058 52 611 295 358 746 1070 841 51 654 389 763 771 707 1000 432 172 1020 820 653 110 116 455 50 326 998 120 108 2 867
54 394 467 80 971 53 81 323 884 469 396 906 397 136 341 813 193 313 395 468 309 958 973 225 800 817 885 905 109 1029 864 1080 470 972 57 337 970 17 38
61 435 1039 355 547 248 177 490 200 201 95 437 789 492 549 733 879 758 775 1040 918 824 1056 349 1045 734 256 212 1022 963 345 1075 18 40
70 440 91 195 93 390 429 72 553 768 350 352 810 392 956 978 770 860 863 197 427 551 1008 1041 367 764 442 111 107 254 1019 112
145 478 150 472 992 71 439 73 441 152 474 480 428 92 90 147 827 748 740 426 919 870 1032 1031
162 787 366 499 86 82 923 267 642 421 400 621 406 505 961 844 1017 999 62 1005 304 541 836 1010 8 24 415 314 534 855 1072 25 9 35
178 491 529 123 720 530 436 528 689 881 497 527 888 662 776 160 955 232 368 1033 171 619 688 1067 85 316 1038 362 1068 1077 369 153
194 391 266 526 294 423 165 487 587 357 751 622 754 745 343 185 226 448 847 901 523 731 513 658 874 741 995
336 477 928 202 137 353 825 968 1046 118 959 985 719 87 793 44 975 299
344 781 705 60 59 78 237 552 929 704 1085 1021 755 842 1025 930 717 816 853 1061 373 573 29 32
572 114 488 186 489 251 187 1014 976 560 878 954 960 714 113 301 302 962 967 1011 1047 715 986 989 1026 1052 568 570 569 564 571 565 1063
660 670 945 45 498 96 354 74 414 939 332 937 360 1023 507 1006 1004 75 508 77 1012 76 46 417 229 947 58 1065 697 236 333 416 227 500 938 47 966 359 13 26 37 235 431 1024 10 563 698 695 36 12 21
856 671 674 173 912 139 4 709 376 257 399 199 638 516 170 130 322 778 983 859 282 694 28 220 710 944 6 23
475 780 138 281 365 412 121 276 122 275 125 310 601 603 630 631 829 285 767 628 604 1002 319 629 413 744 286 140 249 174 119 766 207 280 716 815 845 1049 444 743 559 602 981 982 984 361 1030 1050 843 1018 574 692 16 443 1001 846 1048 192 312 328 533 877 1084 979 84 5 1051 647 712 30 31 575 693 648 711 14 15 42
476 126 907 555 363 208 262 239 457 98 606 627 942 274 900 632 277 595 935 308 124 184 889 446 931 166 886 831 851 925 1055 311 1027 300 994 1016 1057 832 950 20 941 143 646 952 34 129 213 156 175 11 0
482 782 483 557 372 324 7 449 382 306 245 297 218 3 244 464 521 97 626 948 633 578 1060 131 298 932 760 1082 383 722 943 804 451 466 558 678 325 327 374 102 155 713 814 940 965 303 540 833 964 19 828 852 1054 22 33 39 132
663 409 823 387 375 94 305 133 625 904 786 180 424 241 641 802 757 896 284 401 410
667 454 386 203 408 270 288 661 949 686 838 217 562 812 795 934 1069 969 848 834 988 669 946 27
204 210 158 198 228 100 101 159 634 600 1044 636 735 402 1043 796 403 460 736 779 635 980 1042 315 535 211 459 501 597 598 599 637 255 347 348 157 176 206 279 837 1009 205 1028 996 997 672 673 854 1073 1 117
536 242 494 461 291 191 103 183 543 783 656 596 917 473 805 614 887 67 801 612 447
502 503 182 404 405 329 181 407 339 504 340 821 753 338
289 219 292 243 463 246 609 450 610 891 425 1059 752 493 890 486 913 908 651 317 664 785 567 790
331 144 334 272 169 168 271 79 215 581 675 933 582 951 974 1074 48 797 728 1064 510 388 364 990 718 546 43 1078 876 1083 214 727 794 953 154 561 866 1076 826 273 41 699 835 987
512 342 234 511 620 231 233 615 506 639 644 792 830 514
515 418 509 398 190 104 66 645 791 106 822 566 68 702
542 537 419 115 655 593 893 142 1035 761 189 554 458 765 839 875 151 519 538
433 263 321 240 247 99 522 385 899 696 747 307 167 659 222 738 902 657
756 287 209 517 807 594 724 924 977 892 687 1036 624 613 89 577 957 749 196 268
430 127 261 269 252 750 296 706 708 916 665 926 936 784 378 445
224 330 320 238 616 579 652 163 496 898 576 799 803 858
318 453 589 605 585 680 64 1081 524 164 379 742
65 223 679 676 909 230 897 83 806 668 377 819
134 128 69 545 462 903 608 640 726 135 290 868 882 914 456
683 583 586 723 643 682 773 518 221 260 865 1079 591 1071
690 921 922 88 685 55 371 592 56 691 590 883 370 539 684
677 617 700 580 216 556 495 550 798 721
264 283 1007 258 681 927 649 1034 381
351 993 479 148 481 471 811 393 149 1037 737 869 146 729 850 1003
532 531 915 701 730 438 384 849
911 607 650 588 703 346 253 161 105 762 871
809 623 808 265 788 894 465 544 777 818 857
910 991 772 584 179 920 732 861
63 380 774 880 420 452 873 618
1015 666 895 259 434 188
872 725 1053 278 335 520 525 759
1062 769 250 411
840 141 1013
739 862
