611 19 1005 256 55 1015 914 1027 815 313 692 563 426 39 842 755 137 246 2 1067 29 169 17 0 139 810 788 750 562 717 13 867
189 711 774 70 807 851 845 289 142 42 764 399 1055 819 14 870 51 489 186 647 668 397 415 910 238 507
185 405 347 916 318 1011 275 679 108 367 880 36 20 215 1071 596 581 251 946 198 565 302 978 669 37 382 998 887 554 5 987 221 920 24 540 526 25 324 875 855 9 954 496
591 801 709 438 783 509 610 265 513 945 121 98 888 440 448 721 296 529 856 872 134 670
418 45 500 356 876 1022 400 488 122 1013 1083 179 779 470 129 72 836 157 41 1000 455 1009 758
119 476 710 307 201 260 944 848 93 1025 1061 1030 444 91 227 956 537 831 950 942 56 380 1048 932 1081 33 366 964 370 295 21 369 1033 22 536 30 167 233 465 837 6 463 958 171 10 442 941 158 365 708 57 334 34 381 691 853 477
481 680 90 460 166 754 539 193 656 385 760 937 417 411 620 850 268 762 928
651 495 430 603 1059 44 765 683 598 1 354 486 277 276 931 304 1020 105 28 576 446 528 963 445
590 794 82 331 922 655 949 136 1068 790 809 459 450 740 813 515 287 432 266 913 719 148 249 695
150 773 437 505 690 854 653 84 26 744 68 1044 574 693 457
823 165 1023 363 882 421 860 456 123 392 469 991 168 113 40 371 713 145 901 816 43 173 533 545 797 16 1076 100 11 162 49 896 1077 972 976 891 975 361 959
73 621 1016 58 629 1019 279 830 170 204 835 731 652 785 962 844 623 989 140 86 311 1017 767 1057 87 935 278 938 748 27 648 561 986 202 952 253 658 877 1010 1084 3
558 229 104 988 615 504 471 982 585 1079 575 804 228 225 1080 567 172 682 15 393 723 206 833 584 862 694 333 7 85 38 861 805
219 247 258 107 330 511 274 1001 1074 894 564 138 71 210 917 236 154 407 798 951 218 926 699 35 323 886 1063 1029 211 878 968 595 1075 4 1014 939
118 200 152 243 214 827 308 436 76 552 983 146 524 485 1066 46 389 707 59 751 422 443 784 759 1002 614 359 1040 569
557 23 661 1078 464 352 99 996 846 341 637 96 969 32 383 1056 712 556 466 1046 834 981 224 149 160 979 646 586 514 677 1054
639 702 566 141 977 114 124 130 1047 449 587 78 75 31 824 588 451 736 127 344 534 12 1008 372 735 521 1004 161 847 523 777 1049 117
930 395 298 1085 191 111 491 852 911 993 549 551 305 929 1003 885 373 362 733 550
546 60 873 955 766 672 696 1026 1051 18 502 791 960 1035 452 135 859 1072 248 580 297 965 360 654 821 368 288 377 1050 701 626 50 627 673 239 1037 573
1041 192 568 704 973 187 188 416 863 747 864 8 343
902 390 327 519 625 1052 306 559 726 921 789 282 412 480 605 737
763 492 961 1045 109 732 346 115 1062 264 262 493 814 48 716 473 1043 47 494 263
355 624 94 616 261 1042 499 441 497 1038 697 525 83 527 635 353 840 1024
780 841 290 207 520 761 743 715 839 205 925 881 89 849 832
231 61 980 729 178 602 700 156 345 398 792 1073 632 232 858 309 53 326 342 535 1036
906 284 607 1031 608 453 351 781 182 756 966 112 871
294 79 402 908 688 409 479 742 1082 413 994 820 613 259
478 364 957 722 177 678 808 155 349 775 786 1053 240 943 190 348 940 280 622 948 578 283 1032 1060 768 376 226 110 633 237 272
419 782 427 286 741 379 645 869 727 270 447 315 698 706 257 303 332 217 787 434
609 883 340 924 483 728 420 314 281 321
799 312 674 904 884 634 310 912 671 793 638 818 665
242 714 518 144 484 822 423 997 769 771 159 874 64 391 919
510 431 164 439 592 126 131 271 995 103 662 664 594
252 503 642 599 433 1012 796 947 222 81 183 106
401 501 649 1007 320 999 990 572 250 208 203 560 985
745 895 425 1006 601 66 1018 335 843 292 255
666 63 890 387 388 317 52 879 667 893 474
394 749 475 583 686 866 116 97 285 180 600 498 67
176 404 897 1039 375 88 720 516 898 406 174 175 102 101 923 1021 120
542 234 812 582 953 92 338 800 220 378
468 865 826 547 241 570 657 597 194 403
757 915 196 675 95 684 718 80 410 685
829 357 992 806 300 213 350 630 301 971 435 725
199 197 899 903 322 644 74 62 384 577 544 659
1058 752 147 909 414 245 927 970 195 244 772
339 631 543 593 77 907 132 811 538 676
776 328 1028 571 643 1034 293 181 778
802 267 548 209 900 555 553 579 216 299
641 889 54 482 753 522 857 337 918 828 640
151 69 619 1064 184 487 532 506 125 905
153 681 230 724 530 428 795 974 967
934 612 738 325 660 868 589 739
467 490 128 838 1070 254 734 269
892 429 618 358 386 541 770 825 316 454 703
408 531 628 663 336 705 617
212 235 424 687 374 689
636 746 604 508 1065 461 606 273
730 472 933 396 984
517 163 462 65 1069
291 143
936 329 458
650 803 223 319 817
512 133
