0 1 4 55 56 57 58 59 60 125 130 260 289 298 323 339 340 341 342 345 375 430 500 501 519 520 535 20 98 576 577 713 831 879 894 916 917 923 924 925 16 566 567 714 720 753 795 796 804 805 820 12 29 35 565 574 579 617 669 672 676 677 692 844 855 953 956 1023 1025 1026 1028 1063 1067 1068 1072 36 670 671 854 957 1022 1069 1070 1073 13 575 580 616 678 679 693 38 866 962 1077 1079 39 865 963 1080 17 40 835 961 21 867
2 3 53 54 68 69 70 71 76 77 78 79 141 142 155 156 157 158 168 169 235 236 265 266 328 329 18 561 716 718 721 754 791 792 800 801 818 19 562 717 719 722 755 793 794 802 803 819 22 615 674 832 932 945 948 949 950 673 946 11 563 578 682 683 698 939
5 6 51 52 88 89 90 91 94 95 96 97 99 100 101 102 145 146 147 148 195 196 207 208 287 288 338 346 380 381 560 715 723 724 24 581 836 934 971 976 980 987 988 23 582 837 933 979 983 984 975 972
7 8 45 46 80 81 82 83 84 85 86 87 92 93 109 110 152 153 160 161 201 202 277 278 332 333 564 878
47 48 49 50 62 63 66 67 179 180 181 182 61 459 460 484 485 461 462 486 487 737 738 918 739 740 799 1029 1040 1045 1062 964 1042 1043
64 65 72 73 74 75 103 104 105 106 170 488 489 529 530 490 491 531 532 729 730 731 732 1071 1078 1066
111 112 113 114 115 116 9 371 376 431 477 509 533 549 558 10 372 377 432 478 510 534 550 559 42 877 966 1021 1024 1027 1084 1085 34 847 958 1058 1061 41 876 965 1083 37 856 1076
117 118 119 120 162 164 165 167 209 210 211 212 14 363 437 536 543 15 364 438 537 544 603 604 688 689 605 606 690 691 997 1001 998 1002
121 122 123 124 259 343 344 398 399 479 555 570 573 785 829 568 571 786 830 599 600 651 712 967 968 1015 1016 601 602 652 711 993 994 28 27
126 127 128 129 163 166 213 214 215 216 443 444 506 445 446 884 885 929 930 882 883 927 928 1003 1007 1004 1008
131 132 133 134 135 136 189 190 217 218 316 317 336 337 899 900 911 926 931 760 761 780 821 828 30 626 629 700 846 954 1030 1048 1051 1052 31 627 628 845 955 1031 1049 1050 1053 701
137 138 139 140 307 308 309 310 347 365 378 507 350 368 797 1041 1044 675
143 144 154 159 171 172 185 186 187 188 319 320 349 373 400 401 374 402 403 710 935 936 944 951 587 588 646 699 952 1013 1014 833 1012 834 1011
173 174 175 176 177 178 241 242 243 244 324 325 351 352 353 354 355 356
191 192 193 194 321 322 569 665 666 572 667 668 789 790 787 788 982 989 981 990
197 198 199 200 261 262 263 264 772 773 774 775 32 633 853 942 985 999 1054 33 632 852 943 986 1000 1055
203 204 205 206 326 327 357 358 359 360 361 362 970 992 969 991
221 222 223 224 299 300 301 302 367 369 515 516 370 517 518 973 974
227 228 229 230 312 313 314 315 422 423 480 481 366 465 466 607 608 657 658 823 770 771
231 232 233 234 303 304 305 306 408 409 410 411 822 903 904 907 908 778 779 783 784 1034 1039 1036 1037
237 238 239 240 433 434 475 508 523 524 618 619
245 246 247 248 386 387 525 526 388 389 527 528 921 922 919 920
249 250 251 252 318 382 383 502 503 348 392 393 498 499 1074 1075
253 254 255 256 279 280 281 282 404 405 471 472 496 497 406 407 473 474 634 637 635 636
267 268 269 270 394 395 396 397 861 862 863 864 1057 1056
271 272 273 274 290 291 292 293 416 417 451 452 888 889 595 596 697 875 1035 1006 860 656 25 26
283 284 285 286 542 622 623 624 625 758 759 812 813 756 757 810 811 1038
294 295 296 297 330 331 334 335 412 413 556 414 415 476 557 680 977 978 1019 1020 597 598 681 995 996 843 1009 1017 842 1010 1018
44 150 151 183 184 311 390 391 107 384 385 584 585 1081 1082 583 586 1059 1060
108 149 219 220 257 258 463 464 43 695 858 696 859
225 226 275 276 418 419 447 448 420 421 449 450 504 505 743 744 631 937 938 940 1005 630 941 593 594
426 427 439 440 424 425 435 436 868 869 609 610 747 748 814 815
453 454 379 428 429 848 849 659 660 798 647 648 745 746
457 458 838 839 840 841 684 685 686 687 1032 1033
467 468 492 493 469 470 494 495 638 639 640 641 735 736 733 734
511 512 441 442 553 554 706 707 708 709 808 809 824 825
521 522 455 456 850 851 589 590 591 592
538 539 482 483 880 881 816 817 649 650
545 546 513 514 897 898 895 896 702 703 806 807
551 552 547 548 766 767 768 769 655
540 541 886 887 642 643 644 645
749 750 751 752 857 872 1064 694 653
892 893 909 910 870 871 611 612 613 614
901 902 727 728 725 726 1046 1047
905 906 914 915 912 913 661 662 663 664
890 891 764 765 762 763
741 742 873 874 654
826 827 620 621 704 705
776 777 781 782
947 959 960 1065
