47 48 49 50 179 180 181 182 459 460 461 462 484 485 486 487 62 67 1040 1045 720 737 738 739 740 799 879 918 713 964 61 63 66 338 1029 1042 1043 1062 17 40 0 867
72 73 74 75 103 104 105 106 488 489 490 491 529 530 531 532 1066 1071 721 722 723 724 754 755 880 881 953 64 65 170 346 1068 1069 1078
117 118 119 120 209 210 211 212 386 387 388 389 525 526 527 528 997 1002 753 772 773 774 775 821 894 926 1027 958 998 1001
126 127 128 129 213 214 215 216 394 395 396 397 551 552 553 554 1003 1008 760 761 797 798 899 900 1024 1004 1007 1085
137 138 139 140 307 308 309 310 433 434 435 436 545 546 547 548 741 742 886 887 1021 1041 1044 714 820 831 833 834 925 1011 1012 16 20 27 28
221 222 223 224 299 300 301 302 426 427 428 429 439 440 441 442 973 974 800 801 802 803 1077 966 971 976 716 717 818 819 865 866 1079 1080 18 19 38 39
227 228 229 230 312 313 314 315 422 423 424 425 480 481 482 483 770 771 822 823 901 902 999 1000 1058
231 232 233 234 303 304 305 306 467 468 469 470 492 493 494 495 1034 1039 743 744 888 889 965 1036 1037 842 843 1017 1018 25 26
589 590 591 592 642 643 644 645 882 883 884 885 903 904 905 906 569 572 57 58 131 132 321 322 519 520 98 560 568 573 878 972 975
603 604 605 606 638 639 640 641 725 726 727 728 776 777 778 779 76 77 78 79 259 318 506 542 564 570 571 715
607 608 609 610 622 623 624 625 745 746 747 748 756 757 758 759 121 122 123 124 260 298 876 1083 4 37
611 612 613 614 618 619 620 621 890 891 892 893 895 896 897 898 249 250 251 252 856 1076 41
647 648 649 650 702 703 704 705 907 908 909 910 927 928 929 930 130 191 192 193 194 323 375 430 1067 1070
657 658 659 660 706 707 708 709 781 782 783 784 824 825 826 827 141 142 183 184 328 329 380 381
661 662 663 664 684 685 686 687 912 913 914 915 919 920 921 922 237 238 239 240 835 961 29
665 666 667 668 688 689 690 691 787 788 789 790 810 811 812 813 245 246 247 248 844 1028 21
112 115 357 362 155 158 289 345 954 955 977 978 984 987 1009 1010 1052 1053 847 877 1061 1084 565 1063 34 42
164 165 351 356 125 156 157 341 959 960 967 968 983 988 1013 1014 1046 1047 854 855 1072 1073 35 36
84 85 86 87 160 161 332 333 376 377 431 432 521 522 523 524 80 81 82 83 502 503 504 505 578 615 682 683 932 939 948 949 154 159 962 963 1025 1026 92 93 201 202 349 350 373 374 956 957 1022 1023 109 110 277 278 371 372 533 534 673 674 945 946 563 698 832 950 7 8 9 10 11 22
99 100 101 102 145 146 147 148 390 391 392 393 515 516 517 518 88 89 90 91 496 497 498 499 581 582 933 934 51 52 207 208 347 348 369 370 94 95 287 288 363 364 536 537 836 837 979 980 5 6 14 15 23 24
133 134 135 136 283 284 285 286 749 750 751 752 766 767 768 769 68 69 70 71 593 594 630 631 791 792 793 794 937 938 940 941 985 986 53 54 168 169 561 562 718 719 1005 1006 1035 1038 235 236 265 266 845 846 1048 1049 2 3 30 31
143 144 185 186 187 188 398 399 171 172 319 320 479 555 587 588 699 911 931 935 936 951 45 46 152 153 993 994 1015 1016 342 535 646 710 944 952
173 174 175 176 241 242 243 244 378 379 443 444 445 446 543 544 177 178 324 325 475 476 556 557 579 580 626 627 628 629 700 701 162 163 166 167 352 353 354 355 1030 1031 1050 1051 651 652 711 712 574 575 692 693 12 13
197 198 199 200 261 262 263 264 316 317 336 337 599 600 601 602 634 635 636 637 780 828 189 190 217 218 566 567 576 577 1032 1033 1056 1057 852 853 1054 1055 32 33
203 204 205 206 326 327 382 383 384 385 509 510 549 550 477 478 558 559 583 584 585 586 680 681 981 982 991 992 111 113 114 116 358 359 360 361 969 970 989 990
219 220 257 258 400 401 402 403 463 464 465 466 59 60 632 633 795 796 942 943 43 44 365 366 1
225 226 275 276 412 413 414 415 151 311 595 596 597 598 107 108 367 368 55 56 995 996 1019 1020
253 254 255 256 279 280 281 282 404 405 406 407 471 472 473 474 653 654 655 656
267 268 269 270 457 458 500 501 675 916 917 947 1064 1065
271 272 273 274 290 291 292 293 416 417 451 452 339 340 669 670 671 672
294 295 296 297 330 331 334 335 437 438 507 508 616 617
418 419 420 421 447 448 449 450 694 695 696 697
729 730 731 732 676 677 678 679 785 786 829 830 149 150 343 344 1059 1060 1081 1082
804 805 923 924 408 409 410 411
96 97 195 196 1074 1075
453 454 455 456
511 512 513 514
538 539 540 541
733 734 735 736
762 763 764 765
806 807 808 809
814 815 816 817
838 839 840 841
848 849 850 851
861 862 863 864
868 869 870 871
857 858 859 860
872 873 874 875
