0 1 4 11 16 17 20 21 22 29 34 37 40 41 42 61 98 125 130 151 170 259 260 289 298 311 318 323 338 341 342 345 346 375 430 479 506 535 542 555 560 563 564 565 578 615 646 675 698 699 710 713 714 715 720 753 780 799 820 821 828 831 832 835 844 847 856 867 876 877 878 879 894 911 918 925 926 931 932 939 944 947 950 951 952 953 958 961 964 965 966 1021 1024 1027 1028 1029 1058 1061 1062 1063 1076 1077 1078 1083 1084 1085
2 3 12 13 18 19 23 24 35 36 38 39 63 64 65 66 68 69 70 71 76 77 78 79 155 156 157 158 191 192 193 194 235 236 265 266 568 570 571 573 574 575 583 584 585 586 669 670 671 672 676 677 678 679 692 693 716 717 729 730 731 732 791 792 793 794 800 801 802 803 818 819 836 837 854 855 865 866 971 972 975 976 979 980 983 984 987 988 1067 1068 1069 1070 1072 1073 1079 1080
5 6 14 15 25 26 30 31 51 52 88 89 90 91 94 95 154 159 207 208 241 242 243 244 287 288 294 295 296 297 347 348 363 364 369 370 412 413 414 415 443 444 445 446 496 497 498 499 536 537 593 594 630 631 673 674 842 843 845 846 937 938 940 941 945 946 985 986 1004 1005 1006 1007 1017 1018 1035 1036 1037 1038 1048 1049
7 8 9 10 27 28 32 33 80 81 82 83 92 93 109 110 185 186 187 188 201 202 267 268 269 270 277 278 349 350 371 372 373 374 400 401 402 403 463 464 465 466 502 503 504 505 533 534 587 588 632 633 833 834 852 853 935 936 942 943 998 999 1000 1001 1011 1012 1041 1042 1043 1044 1054 1055
43 44 45 46 152 153 365 366 579 580 581 582 616 617 933 934 1059 1060 1064 1065 1066 1071 1074 1075 1081 1082
47 48 49 50 62 67 179 180 181 182 459 460 461 462 484 485 486 487 721 722 741 742 797 798 886 887 1040 1045
53 54 55 56 168 169 339 340 723 724 754 755 880 881
57 58 59 60 107 108 183 184 352 353 354 355 367 368 390 391 392 393 515 516 517 518 576 577 916 917 923 924
72 73 74 75 103 104 105 106 112 113 114 115 376 377 380 381 431 432 787 788 789 790 810 811 812 813
84 85 86 87 111 116 160 161 171 172 319 320 332 333 358 359 360 361 477 478 521 522 523 524 558 559 651 652 711 712 962 963 1025 1026
96 97 99 100 101 102 145 146 147 148 162 163 166 167 177 178 195 196 324 325 519 520 566 567 804 805 969 970 989 990
117 118 119 120 164 165 209 210 211 212 437 438 457 458 543 544 603 604 605 606 688 689 690 691 770 771 997 1002
121 122 123 124 343 344 398 399 500 501 561 562 718 719 737 738 739 740 967 968 1022 1023
126 127 128 129 213 214 215 216 394 395 396 397 551 552 553 554 760 761 899 900 1003 1008
131 132 133 134 135 136 141 142 189 190 217 218 316 317 336 337 626 627 628 629 700 701 954 955 1030 1031 1050 1051 1052 1053
137 138 139 140 307 308 309 310 378 379 507 508 622 623 624 625 706 707 708 709
143 144 203 204 205 206 326 327 357 362 981 982 991 992
149 150 219 220 257 258 599 600 601 602 634 635 636 637 772 773 774 775 785 786 829 830 993 994 1015 1016 1032 1033 1056 1057
173 174 175 176 275 276 351 356 433 434 435 436 525 526 527 528 756 757 758 759 888 889 1034 1039
197 198 199 200 261 262 263 264 569 572
221 222 223 224 299 300 301 302 426 427 428 429 439 440 441 442 806 807 808 809 973 974
225 226 321 322 328 329 451 452 589 590 591 592 702 703 704 705 882 883 884 885 927 928 929 930
227 228 229 230 312 313 314 315 422 423 424 425 480 481 482 483 762 763 764 765
231 232 233 234 303 304 305 306 408 409 410 411 776 777 778 779 781 782 783 784
237 238 239 240 447 448 449 450 549 550 795 796
245 246 247 248 386 387 388 389 545 546 547 548 725 726 727 728 824 825 826 827
249 250 251 252 382 383 384 385 661 662 663 664
253 254 255 256 279 280 281 282 404 405 406 407 471 472 473 474 475 476 556 557
271 272 273 274 290 291 292 293 416 417 595 596 597 598 995 996 1019 1020
283 284 285 286 618 619 620 621 684 685 686 687 895 896 897 898 919 920 921 922
330 331 334 335 488 489 490 491 611 612 613 614
418 419 420 421 509 510 642 643 644 645 857 858 859 860 1009 1010
453 454 455 456 607 608 609 610 657 658 659 660 745 746 747 748
467 468 469 470 492 493 494 495 638 639 640 641 733 734 735 736
511 512 513 514 665 666 667 668
529 530 531 532 653 654 655 656 743 744 822 823
538 539 540 541 647 648 649 650 890 891 892 893 907 908 909 910
680 681 682 683 838 839 840 841 948 949
694 695 696 697 749 750 751 752 766 767 768 769
814 815 816 817 903 904 905 906
848 849 850 851 956 957
861 862 863 864 959 960
868 869 870 871
872 873 874 875 901 902 1046 1047
912 913 914 915
977 978
1013 1014
