0 1 1024 1027 1028 515 516 1025 8 13 16 17 20 21 22 535 29 34 1059 1060 1061 37 39 1063 38 42 555 560 563 564 565 1077 1079 1080 1081 1082 1084 578 73 92 611 109 110 648 155 158 678 679 177 692 190 191 710 713 714 715 720 226 235 753 780 276 277 282 283 804 805 816 828 831 832 837 842 853 344 345 346 861 862 867 877 878 879 375 894 907 919 920 925 931 932 939 944 432 948 949 950 952 953 956 962 963 964 966 475 1021
513 2 7 9 14 15 1041 18 1042 1046 23 536 28 1054 32 35 36 40 1064 1065 45 47 1072 1073 1076 57 58 570 573 574 575 61 584 586 603 605 96 102 104 108 635 637 139 151 671 672 673 674 676 677 169 172 693 694 194 203 716 208 209 726 224 228 231 232 745 250 773 273 791 792 802 814 834 843 846 336 341 858 859 860 352 353 363 365 383 412 958 969 973 974 464 979 981 990 1006 1007 496 497 1012 1018
3 6 1031 10 19 24 537 25 1051 1049 1053 31 544 1062 41 557 48 50 52 568 571 1083 1085 62 583 585 598 600 97 99 101 107 624 626 646 647 140 170 171 700 701 197 711 712 717 207 727 732 223 227 233 768 272 786 279 288 294 815 306 822 312 830 833 836 330 847 354 355 364 876 366 384 407 954 443 968 972 982 477 992 993 1009 1013 1015
4 5 11 12 1035 1036 1043 1044 533 534 1048 26 27 30 1055 33 55 56 59 60 67 69 595 602 623 632 129 130 132 134 156 669 670 157 178 179 218 219 220 221 274 275 297 299 323 835 325 844 845 848 349 350 371 372 373 374 400 402 935 938 427 941 429 942 945 946 450 452 459 461 980 985 986 989 1000 1001 1004 1005 1010 500 501 502 503 1017
770 771 1029 136 653 654 655 656 401 278 154 1056 1057 295 168 936 558 943 53 54 310 311 961 199 460 85 86 984 987 733 734 95 1016 251
769 772 1030 774 1033 398 785 281 417 43 305 695 696 440 326 327 457 342 343 599 729 731 606 994 995 872 873 106 746 748 112 241 627 636 767
896 764 645 778 538 541 542 415 290 548 293 296 553 426 51 309 698 315 316 65 324 838 462 591 335 721 463 852 724 854 89 736 610 483 740 874 618 492 880 755 245 892 254
519 392 520 393 921 922 923 924 686 687 819 180 181 820 1078 572 71 589 590 348 997 998 361 1002 362 882 883 884 885 247
898 903 1032 263 776 1040 915 788 1045 666 410 411 930 173 1074 566 569 825 703 840 841 75 718 337 619 113 757 118 377 638 1023
256 644 905 394 914 895 408 287 418 302 818 434 308 821 438 697 314 313 317 704 448 322 707 331 466 851 470 855 728 856 88 91 608 738 868 742 744 378 380 255
390 1019 264 138 268 144 147 789 918 160 163 419 547 44 46 431 1075 826 959 447 78 480 737 996 1003 1008 752 119 762 763 125
385 528 149 793 414 289 292 809 1071 562 307 444 196 582 967 200 332 205 211 983 857 601 988 222 230 875 747 498 1014
897 517 904 777 1034 781 910 1039 1052 546 810 176 453 77 80 81 468 90 351 741 358 103 488 116 244 756 248 1022
643 133 902 779 909 141 784 658 927 1067 817 182 439 576 706 76 975 719 592 82 739 100 114 243 117
783 529 659 550 552 812 1070 690 435 827 319 709 455 850 94 356 357 869 484 490 111 369 630 758 249
258 259 131 1026 1020 409 539 284 285 1058 428 559 839 74 970 79 338 339 216 217 479 612 613 360 508
509 891 262 651 148 800 162 807 424 811 49 437 442 446 976 594 469 889 123 765 126
386 388 521 522 523 524 795 796 680 681 1066 682 1068 683 1069 567 188 318 320 977 978 83 723 359
801 98 471 164 195 260 387 201 234 265 893 663 664 474 699 797 798 799
899 1037 1038 525 527 916 917 1047 940 183 441 955 960 321 347 622 367 240 368 370 499 381
257 137 145 146 420 165 166 423 421 422 436 823 186 456 849 87 864 866 485 999 491
512 865 609 545 588 493 175 735 212 93 661 215 252 185 124 413 511
675 933 870 871 934 581 971 556 236 829 561 947 725 476 540 189 382 991
449 708 105 397 270 782 238 913 824 660 213 759 120 668 445 510 639
389 518 911 271 787 404 152 806 688 184 705 72 465 722 863 607 743 617 246 887 507
641 451 328 650 395 204 652 908 473 334 886 376 761 379 127
900 775 267 396 790 280 543 416 300 187 702 64 340 214 730 750 242 115 631 253
481 482 291 261 551 649 554 620 813 526 143 304 593 754 629 760 890 63
640 642 68 135 458 333 301 657 505 1050 957 766
577 579 580 965 198 329 298 237 206 625 926 153 286
266 587 684 685 494 906 881 530 531 532 150 665 667
514 803 229 454 937 403 628 1011 634 478
928 929 549 614 391 808 621 495 405 662
128 616 202 269 430 303 467 604 159
225 70 487 489 425 399 888 121
192 193 433 596 406 951 794
161 66 901 486 84 633
689 749 174 751
504 506 142 615
167 210 239
912
472
122
691
597
