0 1 8 13 16 17 20 21 22 29 34 37 38 39 42 73 92 109 110 155 158 177 190 191 226 235 276 277 282 283 344 345 346 375 432 475 515 516 535 555 560 563 564 565 578 611 648 678 679 692 710 713 714 715 720 753 780 804 805 816 828 831 832 837 842 853 861 862 867 877 878 879 894 907 919 920 925 931 932 939 944 948 949 950 952 953 956 962 963 964 966 1021 1024 1025 1027 1028 1059 1060 1061 1063 1077 1079 1080 1081 1082 1084
2 3 14 15 18 19 23 24 35 36 40 41 45 47 48 50 55 57 58 60 139 140 169 170 194 195 196 197 208 209 210 211 329 330 336 337 568 570 571 573 574 575 583 584 585 586 671 672 673 674 676 677 693 694 700 701 716 717 725 726 727 728 791 792 793 794 802 803 814 815 821 822 833 834 858 859 860 876 973 974 977 978 979 980 981 982 989 990 1064 1065 1072 1073 1074 1075 1076 1083
4 5 11 12 25 26 32 33 56 59 67 68 69 70 74 76 77 79 156 157 178 179 216 217 284 285 322 323 324 325 358 359 360 361 371 372 400 401 402 403 459 460 461 462 478 479 533 534 558 559 597 598 599 600 634 635 636 637 646 647 711 712 835 836 845 846 961 984 985 986 987 993 994 1009 1010 1015 1016 1029 1032 1033 1054 1055 1056 1057
6 7 9 10 27 28 30 31 99 101 102 104 149 150 151 152 171 172 227 228 229 230 231 232 306 307 308 309 352 353 354 355 365 366 412 413 414 415 441 442 443 444 496 497 498 499 536 537 603 604 605 606 624 625 626 627 843 844 847 848 965 983 988 1004 1005 1006 1007 1017 1018 1026 1035 1036 1037 1038 1048 1049
43 44 46 49 86 87 111 112 137 138 721 722 723 724 754 755 880 881 1058 1062 1066 1067 1068 1069 1070 1071 1078 1085
51 52 53 54 84 85 93 94 95 96 135 136 167 168 200 201 233 234 294 295 398 399 457 458 595 596 632 633 733 734 770 771 935 936 942 943
61 62 71 72 107 108 129 130 212 213 214 215 218 219 220 221 274 275 338 339 378 379 504 505 506 542 581 582 669 670 675 699 916 917 918 926 933 934 945 946 947 951
63 64 65 66 75 78 159 160 161 162 433 434 545 546 587 588 589 590 684 685 686 687 905 906 997 998 1001 1002
80 81 82 83 342 343 439 440 561 562 622 623 718 719 766 767 768 769 785 786 829 830 940 941 1030 1031 1050 1051 1052 1053
88 89 90 91 100 103 141 142 143 144 430 431 543 544 882 883 884 885 921 922 923 924
97 98 105 106 260 261 347 348 351 356 369 370 566 567 888 889 1022 1023 1034 1039
113 114 115 116 242 243 244 245 363 364 373 374 376 377 823
117 118 119 120 173 174 175 176 367 368 380 381 513 514 1040 1041 1044 1045
121 122 123 124 254 255 256 257 349 350 426 427 428 429 601 602 743 744
125 126 127 128 184 185 186 187 404 405 406 407 628 629 630 631 706 707 708 709 797
131 132 133 134 258 259 357 362 484 485 486 487 657 658 659 660 969 970 1019 1020
145 146 147 148 262 263 264 265 422 423 424 425 492 493 494 495 760 761 899 900 1003 1008
153 154 198 199 202 203 204 205 206 207 246 247 278 279 576 577 612 613 995 996 1011 1012
163 164 165 166 268 269 270 271 418 419 420 421 480 481 482 483 762 763 764 765
180 181 182 183 328 382 383 384 385 476 477 556 557 971 972 991 992
188 189 192 193 236 237 335 868 869 870 871
222 223 224 225 331 332 333 334 525 526 527 528 653 654 655 656
238 239 250 251 252 253 569 572 649 650 651 652 908 909 910 911 957 958
240 241 266 267 390 391 392 393 517 518 519 520 735 736 737 738 810 811 812 813
248 249 296 297 298 299 449 450 451 452 500 501 502 503 579 580 954 955 959 960
272 273 280 281 607 608 609 610 665 666 667 668
286 287 288 289 591 592 593 594 817 818 819 820
290 291 292 293 614 615 616 617 749 750 751 752 756 757 758 759 975 976
300 301 302 303 386 387 388 389 521 522 523 524 680 681 682 683
304 305 326 327 435 436 437 438 551 552 553 554 729 730 731 732
310 311 312 313 618 619 620 621 702 703 704 705 886 887
314 315 316 317 394 395 396 397 471 472 473 474 638 639 640 641
318 319 320 321 416 417 688 689 690 691 937 938
340 341 408 409 410 411 776 777 778 779 787 788 789 790 1042 1043
445 446 447 448 661 662 663 664
453 454 455 456 547 548 549 550 739 740 741 742 895 896 897 898 927 928 929 930
463 464 465 466 695 696 697 698 1046 1047
467 468 469 470 488 489 490 491 745 746 747 748
507 508 795 796
509 510 511 512 642 643 644 645
529 530 531 532 772 773 774 775
538 539 540 541 781 782 783 784 999 1000
798 799 800 801 890 891 892 893 912 913 914 915
806 807 808 809 854 855 856 857
824 825 826 827 838 839 840 841
849 850 851 852 1013 1014
863 864 865 866
872 873 874 875 967 968
901 902 903 904
