0 1 2 1025 1024 1029 1028 11 16 17 18 21 22 29 32 1058 1061 37 1063 40 41 42 43 44 1062 47 48 561 562 563 1076 565 1078 1077 1083 1084 1085 578 78 79 615 113 114 646 153 154 156 157 675 175 176 698 699 710 714 716 717 718 719 720 721 237 238 754 755 251 780 781 797 798 291 292 299 300 301 302 815 816 826 827 829 830 832 833 842 330 331 853 866 867 876 877 932 939 944 947 950 951 952 953 958 963 964 965 966 1021
1026 3 7 8 1035 1036 14 15 1041 1042 19 23 1049 26 540 541 1054 31 33 35 36 1072 1073 566 567 60 574 575 598 600 601 603 102 628 630 635 637 131 132 141 142 155 671 672 673 674 692 693 186 187 713 738 234 747 244 245 760 771 791 792 298 814 303 304 324 325 837 843 845 337 338 339 340 852 854 855 372 405 407 418 420 449 962 451 464 466 981 982 985 990 996 997 1006 1007 1009 502 503 504 505 1018
1027 4 5 6 1033 1034 1043 20 533 1044 24 25 1048 30 1055 34 564 595 606 627 632 122 124 127 129 669 670 182 184 192 193 212 213 214 215 216 217 255 256 273 274 275 277 281 282 309 312 313 831 836 328 844 846 851 878 367 886 889 900 901 398 916 917 925 413 935 938 941 942 945 946 444 961 461 986 989 998 999 488 489 1004 1005 1010 1017
517 518 519 520 9 10 12 13 534 535 27 28 1059 1060 38 39 555 556 45 46 1079 1080 1081 1082 583 584 585 586 96 116 117 118 119 647 648 137 138 680 681 682 683 711 712 206 207 219 220 221 222 257 258 259 260 279 280 314 315 318 319 834 835 345 346 347 348 864 865 354 378 379 380 381 977 978 979 980 983 984 987 476 477 988 991 992
769 385 522 778 140 143 657 658 659 660 1046 1050 1053 1057 297 172 557 813 305 949 955 959 448 450 459 463 218 360 363 365 243 373 246 382
1030 262 264 907 782 270 272 1052 926 166 167 307 308 821 694 695 701 960 577 967 599 732 737 98 994 100 872 873 107 110 881 1014 631 761
650 652 909 922 412 927 1064 1067 560 689 51 691 55 568 58 572 702 704 588 590 847 848 87 88 993 995 357 103 104 235 371 883
896 135 136 906 395 397 1045 800 801 1056 547 929 549 435 53 437 57 61 971 81 468 341 470 95 355 745 108 109 885 1022
388 263 523 271 144 276 1047 793 289 421 168 810 1069 174 697 570 954 321 968 204 974 85 727 602 859 744 875 364 112 241 1013 249 766
1031 655 785 550 424 552 426 1070 818 439 185 825 571 709 199 327 972 336 349 478 226 613 486 359 105 361 751 624 758 763 1020
266 268 401 914 915 788 787 409 924 802 163 162 165 164 807 1068 434 86 89 90 1016 92 742 749 1008 120 892 254 511
414 415 416 417 431 432 188 189 316 317 74 75 76 333 77 975 976 332 856 858 605 228 230 874 236 1011 1012 499 501 507 508
512 514 643 516 775 904 265 1040 912 789 150 537 921 539 665 808 171 684 569 576 195 973 591 84 725 1000 1002 882 115
133 779 1037 525 1039 531 663 296 425 427 690 179 63 65 198 838 969 344 861 610 1003 492 620 494 111 370 1015
261 389 145 786 430 688 817 436 441 446 706 67 594 469 472 94 736 225 739 123 369 891
640 390 776 532 919 408 288 422 686 178 183 696 447 707 68 201 342 857 93 350 862 224 480 868 233 753 756 759 762 765 510 639
513 899 644 134 910 152 538 287 170 685 64 722 723 211 726 730 733 223 608 609 495 894
641 387 391 905 148 158 803 423 553 177 306 840 460 351 863 735 741 101 493 622 757
548 293 933 521 106 202 748 543 269 428 654 849 734 662 442 62 286
352 481 66 161 452 290 484 231 839 770 526 335 625 180 823 506 445 638
908 527 403 920 536 666 159 295 687 819 191 453 197 200 457 724 487 248 764
773 911 400 151 667 160 928 546 294 190 194 731 860 607 870 621 239 497 247 253 509 767
353 897 930 805 70 72 841 1023 1066 479 146 149 471 440 410 411 383
130 902 784 528 530 661 1051 804 559 54 443 196 850 467 473 869 871 362 121
768 227 323 454 678 456 746 139 812 940 626 948 284 278 376 250 795 796
320 580 69 455 458 267 589 893 465 50 820 884 794 956 573
898 740 356 392 1065 649 554 394 587 368 529 728 703
700 579 676 677 931 542 616 617 334 879 310 311 918 475 252 125 126 375
545 482 97 483 326 806 936 329 715 750 752 433 404 181 406 59 828
384 705 642 358 651 653 366 399 80 82 1074 52 664 729
544 229 582 71 743 169 618 811 402 91 285 895
99 515 708 645 1032 1071 208 593 210 783 822 824 377
903 393 970 491 1001 592 913 374 474 799
772 934 774 203 205 240 209 242 888 633
614 173 597 629 790 634 283 668 604
322 485 777 429 558 623 49 147
551 656 498 1075 596 83 887
128 611 490 496 880 890 636
73 937 524 462 56
386 419 581 809 500
232 619 923 343
612 1038 943
1019 396 438
957 679
