0 1 2 11 16 17 18 21 22 29 32 37 40 41 42 43 44 47 48 78 79 113 114 153 154 156 157 175 176 237 238 251 291 292 299 300 301 302 330 331 561 562 563 565 578 615 646 675 698 699 710 714 716 717 718 719 720 721 754 755 780 781 797 798 815 816 826 827 829 830 832 833 842 853 866 867 876 877 932 939 944 947 950 951 952 953 958 963 964 965 966 1021 1024 1025 1028 1029 1058 1061 1062 1063 1076 1077 1078 1083 1084 1085
3 4 14 15 19 20 23 24 33 34 35 36 59 60 96 102 141 142 155 186 187 243 244 298 328 354 361 362 372 398 399 461 462 488 489 533 566 567 574 575 576 577 597 598 599 600 634 635 636 637 671 672 673 674 692 693 713 737 738 770 771 791 792 814 831 836 837 851 852 854 855 886 887 901 902 916 917 925 980 981 982 983 996 997 998 999 1009 1010 1041 1042 1043 1044 1054 1055 1072 1073
5 6 7 8 25 26 30 31 45 46 84 85 88 89 121 122 123 124 125 126 192 193 275 276 277 278 303 304 310 311 312 313 337 338 339 340 418 419 420 421 449 450 451 452 482 483 540 541 557 558 601 602 603 604 628 629 630 631 647 648 711 712 843 844 845 846 979 984 1001 1002 1017 1018 1019 1020 1030 1031 1048 1049 1050 1051
9 10 12 13 27 28 38 39 57 58 137 138 188 189 206 207 219 220 221 222 257 258 259 260 279 280 314 315 316 317 318 319 359 360 378 379 380 381 476 477 517 518 519 520 534 535 555 556 581 582 678 679 834 835 864 865 933 934 948 949 977 978 987 988 991 992 1059 1060 1079 1080 1081 1082
49 50 51 52 69 97 172 309 365 366 375 430 542 559
53 54 55 56 80 81 82 83 86 87 506 511 512 513 514 560 587 588 589 590 638 639 640 641 926 970 971 972 973
61 62 63 64 108 109 110 111 293 294 295 296 422 423 424 425 435 436 437 438 799 800 801 802 803 969 974
65 66 67 68 218 324 325 326 327 373 374 433 434 502 503 504 505 509 510 545 546 669 670 715 753 821 945 946 1022 1023 1064 1065 1074 1075
70 71 72 73 90 91 92 93 107 112 254 367 426 427 428 429 439 440 441 442 804 805 919 920
74 75 76 77 116 117 118 119 173 174 227 228 229 230 235 236 249 250 332 333 412 413 616 617 676 677 747 748 975 976 1004 1005 1006 1007 1011 1012
94 95 168 169 170 171 212 213 214 215 216 217 255 256 273 274 281 282 334 335 376 377 564 878 880 881 918 985 986 989 990
98 99 100 101 166 167 202 203 204 205 208 209 210 211 307 308 595 596 632 633 935 936 942 943
103 104 105 106 181 336 341 390 391 392 393 525 526 527 528 591 592 593 594 684 685 686 687 995 1000
115 120 145 146 147 148 149 150 151 152 384 385 543 544 903 904 905 906 908 909 910 911 1032 1034 1035 1037
127 128 129 130 182 183 184 185 404 405 406 407 463 464 465 466 657 658 659 660 1015 1016 1056 1057
131 132 190 191 297 305 306 386 387 388 389 521 522 523 524 583 584 585 586 680 681 682 683 731 732 782 828
133 134 135 136 344 345 346 347 348 349 879 898 907 931
139 140 233 234 245 246 443 444 475 568 570 571 573 743 744 745 746 766 767 768 769
143 144 329 363 364 400 401 402 403 431 432 498 499 500 501 700 701 967 968 1013 1014
158 159 160 161 198 199 200 201 457 458 459 460 694 695 696 697 993 994 1038 1039
162 163 164 165 265 266 267 268 382 383 722 1067 1068 1069 1070
177 178 179 180 368 369 370 371 408 409 410 411 661 662 663 664 688 689 690 691
194 195 196 197 350 351 352 353 445 446 447 448 882 883 884 885 927 928 929 930 1003 1008
223 224 225 226 394 395 396 397 467 468 469 470 723 724 725 726 772 773 774 775
231 232 283 284 285 286 342 343 579 580 760 761 956 957 959 960 1033 1036 1052 1053
239 240 241 242 261 262 263 264 569 572
247 248 252 253 320 321 322 323 515 516 856 857 858 859 961 962 1026 1027
269 270 271 272 287 288 289 290 727 728 729 730 793 794 795 796 810 811 812 813 1066 1071
355 356 357 358 453 454 455 456 649 650 651 652 702 703 704 705
414 415 416 417 507 508 605 606 847 848 849 850 937 938
471 472 473 474 478 479 480 481 642 643 644 645 653 654 655 656 739 740 741 742
484 485 486 487 547 548 549 550 762 763 764 765
490 491 492 493 529 530 531 532 787 788 789 790 806 807 808 809 838 839 840 841
494 495 496 497 607 608 609 610 860 861 862 863
536 537 538 539 611 612 613 614 622 623 624 625 749 750 751 752 756 757 758 759
551 552 553 554 618 619 620 621 1040 1045
626 627 817 818 819 820 890 891 892 893
665 666 667 668 872 873 874 875
706 707 708 709 783 784 785 786 822 823 824 825
733 734 735 736 776 777 778 779
868 869 870 871 940 941
888 889 899 900
894 895 896 897 921 922 923 924
912 913 914 915
954 955 1046 1047
