439 375 136 475 62 343 85 555 92 346 458 327 285 217 275 130 70 298 249 303 515 107 722 808 775 768 94 306 260 331 233 294 200 167 830 786 562 719 633 943 948 678 622 940 578 932 955 1050 957 1047 963 1024 956 966 1082 1060 1053 1031 1032 1056 535 345 815 717 157 179 171 227 861 1080 837 964 847 1049 1054 846 952 944 648 710 831 950 692 563 1084 853 877 1061 1063 564 31 38 32 22 19 8 5 6 21 13 42 34 39 17 867 0
477 502 548 472 364 103 126 46 114 795 1011 1009 836 1079 862 37 25
60 479 361 360 558 401 359 358 449 59 344 478 559 462 428 403 460 79 77 324 426 133 451 55 56 191 76 74 284 216 68 131 322 296 626 624 605 598 600 635 603 637 986 985 990 979 1015 993 1020 996 534 372 533 371 156 178 1018 843 712 647 711 646 574 693 694 575 28 12 11 4 15 14
506 379 504 158 917 926 880 881 714 916 505 112 111 577 576 73 276 542 378 918 797 823 723 724 188 189 335 328 796 567 566 193 192 44 43 586 584 585 583 701 700 677 676 1077 953 989 980 1074 1075 1065 1064 974 973 978 977 816 713 925 832 110 155 1083 876 860 1076 981 834 982 833 671 674 673 672 859 858 1073 1072 40 41 24 23 20 16 1 36 35
436 480 552 468 57 362 631 902 709 912 357 78 1045 1002 1040 983 961
498 527 431 501 376 349 373 522 342 381 500 367 499 348 370 433 237 272 521 528 326 755 809 226 282 235 283 794 793 177 109 949 679 939 611 962 1025 1069 1066 1071 1068 1023 1022 959 960 366 537 842 1027 670 669 946 945 29 10
398 399 829 754 718 561 821 135 785 108 730 432 201 168 234 295 54 267 98 53 729 61 84 274 129 71 323 258 951 699 596 936 595 935 1013 968 1014 967 1029 1016 994 1085 1062 1021 1028 814 716 172 228 1010 835 26 18 7
363 474 374 427 507 494 116 102 264 49 807 526 405 744 100 262 47 895 174 890 146 437 176 148 424 976 992 1033 1006
454 492 421 532 689 893 757 351 667 1039 1008
516 544 629 885 615 904 165 143 186 457 443 543 805 441 770 243 909 593 690 160 63 975 1051
198 350 470 910 659 490 645 205 312 743 525 380 734 254 122 45 915 483 469 121 269 644 664 903 1034 1037 1042 1059
417 687 792 573 924 393 377 175 252 225 766 747 310 281 665 301 620 551 897 1038 539 314 840 819 411 321 653 872
414 554 657 908 907 557 354 705 247 204 236 383 464 240 132 609 658 969 1058
465 444 931 889 900 905 415 154 565 878 368 253 207 279 87 138 313 289 406 886 199 297 67 602 938 623 941 942 632 1019 995 1057 1052 1030 170 140 844 1017 1055 845 1048 848 33 30 27 3
811 610 736 153 888 906 651 388 546 391 423 484 518 223 250 203 97 638 812 123 90 758 650 257 997
466 661 919 456 930 452 341 302 459 288 66 244 732 588 752 195 305 149 248 435 704 788 467 445 818 865 80 742 868 317 448 875 855 697
750 425 570 781 58 486 293 197 151 309 412 727 442 75 242 145 756 117 824 628 553 706 988
384 387 592 887 721 128 333 733 813 649 803 150 300 660 453 749 125 471 263 589 921 181 739 839 182 801 656
550 590 400 883 450 928 161 572 513 382 340 271 913 901 668 640 1003
914 806 520 791 503 691 787 239 524 923 810 318 764 319 765
898 767 894 407 643 397 389 330 270 120 95 783 685 238 105 630 652 164 481 142 851 798 850 696 856
725 879 482 617 641 152 292 356 268 789 185 519 455 838 183 763 510 841 698
773 745 594 891 395 419 215 72 488 530 531 684 778 618 491 784
772 438 707 440 147 214 261 760 731 106 485 616 882 517 762 509 83
922 726 896 50 196 619 194 291 568 587 927 702 682 984 972 1041 1081 1001 169 139 2
434 523 429 746 273 402 404 430 413 190 277 353 352 476 556 613 612 599 597 606 604 680 1012 536 365 9
461 385 124 663 210 91 822 394 933 863 820 447 870 740 655
355 777 104 232 308 545 256 782 625 965 1036
621 221 259 416 920 748 608 255 410 408 538 540
825 220 69 386 508 738 290 418 614 581 1044 512
231 334 224 569 759 184 99 688 686 958 1035 1007
211 48 337 802 728 118 329 208 495
134 339 463 304 202 336 703 497 347 892 852 854 874
96 299 514 804 286 222 827 422 390 871
325 639 769 51 280 93 547 493
899 779 761 332 828 715 144 601 864
774 753 311 89 278 137 911 420 409 857
720 771 241 780 560 529 947 1078 320 180
307 246 173 213 737 119 607 741 866 817 695 873
266 52 287 496 369 265 751 937 799 654
159 64 86 591 666 473 245 316 446
251 206 571 708 826 579 683 634 954
141 163 212 662 884 392 549 929 81
219 218 338 580 582 934 636 1046
209 790 162 113 1043 82
230 229 101 627 681
489 115 127 1070
396 642 776 735 991 800 315
65 187 88 987 971 998
166 675 1026 1005
487 970 1067 999
1004 1000 511 849
541
869
