63 64 65 66 159 160 161 162 390 391 392 393 517 518 519 520 46 49 997 1002 753 772 773 774 775 823 894 926 714 1029 45 50 92 177 956 998 1001 1078 17 39 0 867
88 89 90 91 141 142 143 144 394 395 396 397 529 530 531 532 754 755 770 771 821 822 905 906 47 48 109 346
113 114 115 116 242 243 244 245 471 472 473 474 484 485 486 487 1034 1039 720 745 746 747 748 879 965 1028 1036 1037 1058
117 118 119 120 173 174 175 176 435 436 437 438 551 552 553 554 1040 1045 721 722 733 734 802 803 886 887 961 1021 1041 1044 1085
121 122 123 124 254 255 256 257 467 468 469 470 488 489 490 491 743 744 888 889 713 816 832 843 844 925 1017 1018 16 20 27 28
125 126 127 128 184 185 186 187 453 454 455 456 547 548 549 550 729 730 731 732 797 918
145 146 147 148 262 263 264 265 422 423 424 425 492 493 494 495 1003 1008 760 761 899 900 1026 966 1005 1006 1062 847 848 1048 1049 30 31
163 164 165 166 268 269 270 271 418 419 420 421 480 481 482 483 766 767 768 769 716 717 814 815 18 19
587 588 589 590 638 639 640 641 882 883 884 885 901 902 903 904 569 572 975 976 282 283 329 330 336 337 515 516 73 1077 560 568 573 878 974 977
591 592 593 594 642 643 644 645 735 736 737 738 776 777 778 779 290 291 292 293 328 335 506 542 565 570 571 715
607 608 609 610 618 619 620 621 890 891 892 893 895 896 897 898 973 978 180 181 182 183 110 155 876 1083 8 40
614 615 616 617 628 629 630 631 749 750 751 752 756 757 758 759 314 315 316 317 860 1076 41
649 650 651 652 702 703 704 705 908 909 910 911 927 928 929 930 1067 1070 188 189 238 239 246 247 378 379 953 1066 1071
657 658 659 660 706 707 708 709 781 782 783 784 824 825 826 827 194 195 196 197 226 235 375 432
661 662 663 664 688 689 690 691 787 788 789 790 810 811 812 813 1068 1069 80 81 82 83 837 964 29
665 666 667 668 684 685 686 687 912 913 914 915 921 922 923 924 318 319 320 321 842 1027 22
75 78 357 362 57 58 191 344 954 955 969 970 984 987 1011 1012 1050 1051 853 877 1061 1084 564 1063 34 42
100 103 351 356 55 60 158 276 957 958 967 968 983 988 1013 1014 1046 1047 858 859 1072 1073 35 36
51 52 53 54 93 94 95 96 398 399 457 458 229 230 231 232 504 505 595 596 632 633 795 796 935 936 942 943 84 85 135 136 985 986 167 168 200 201 999 1000 1042 1043 171 172 227 228 345 535 835 836 845 846 1009 1010 1054 1055 669 670 945 946 563 692 831 950 6 7 25 26 32 33 13 21
67 68 69 70 248 249 338 339 376 377 459 460 461 462 507 508 216 217 284 285 478 479 558 559 578 675 932 947 56 59 129 130 274 275 349 350 373 374 1032 1033 1056 1057 156 157 178 179 371 372 533 534 648 710 944 952 4 5 11 12
71 72 105 106 433 434 439 440 653 654 655 656
97 98 222 223 224 225 340 341 382 383 384 385 513 514 543 544 233 234 294 295 476 477 556 557 581 582 699 933 934 951 979 980 989 990 347 348 369 370 971 972 991 992 365 366 536 537 833 834 981 982 9 10 23 24
131 132 133 134 258 259 416 417 218 219 220 221 601 602 611 916 917 937 938 939 61 62 107 108 1004 1007 1022 1023 1064 1065
149 150 151 152 266 267 412 413 414 415 430 431 496 497 498 499 603 604 605 606 612 613 676 677 99 101 102 104 352 353 354 355 671 672 673 674 574 575 693 694 14 15
202 203 204 205 286 287 288 289 206 207 278 279 622 623 780 828 907 931 940 941 153 154 198 199 86 87 137 138 995 996 1019 1020 1030 1031 1052 1053 139 140 169 170 2 3
212 213 214 215 300 301 302 303 386 387 388 389 521 522 523 524 500 501 502 503 583 584 585 586 680 681 682 683 74 76 77 79 358 359 360 361 861 862 1079 1080 37 38
240 241 304 305 400 401 402 403 190 277 597 598 599 600 634 635 636 637 272 273 363 364 43 44 566 567 993 994 1015 1016 646 647 711 712 1
250 251 252 253 310 311 312 313 208 209 210 211 791 792 793 794 561 562 718 719
260 261 306 307 308 309 380 381 441 442 443 444 579 580 624 625 626 627 700 701 959 960 1035 1038 1074 1075
280 281 426 427 428 429 449 450 451 452 192 193
296 297 298 299 545 546 695 696 697 698
322 323 324 325 475 555 111 112 576 577
331 332 333 334 525 526 527 528 678 679 948 949 962 963 1024 1025 1059 1060 1081 1082
404 405 406 407 463 464 465 466 236 237 367 368 854 855 856 857
723 724 804 805 880 881 919 920 872 873 874 875
725 726 727 728 806 807 808 809 785 786 829 830 326 327 342 343
408 409 410 411
445 446 447 448
509 510 511 512
538 539 540 541
739 740 741 742
762 763 764 765
798 799 800 801
817 818 819 820
838 839 840 841
849 850 851 852
863 864 865 866
868 869 870 871
