550 1031 729 705 3 23 985 482 303 978 968 155 363 1049 933 710 544 936 2 940 245 140 373 816 317 40 549 386 1009 1085 736 853 768 540 944 449 867 556 699 781 1061 719 132 60 950 717 405 959 993 102 704 31 834 97 845 17 21 7 191 18 32 988 172 28 837 832
847 952 524 254 384 305 716 22 316 9 678 679 754 306 815 42 297 1081 555 483 646 327 518 1025 948 144 11 38 1060 374 932 366 842 1078 8 961 762 962 523 763 39 1059 558 949 359 848 476 1082 383 131 965 565 218 958 517 578 1063
447 635 403 418 500 990 671 996 280 161 207 5 214 503 1018 674 501 1036 121 13 1026 1041 307 1072 692 36 1006 192 855 1007 637 276 46 1035 347 843 45 630 628 26 464 312 981 230 76 1054 215 84 348 603 128 982 1042 201 286 693 601 535 14 416 337 15 338 35 600 854 502 167 460 365 598 673 119 672 85 997 183 852 1073 10 33 118 229 315 575 574
758 241 541 406 1012 622 24 1016 569 1 421 176 1021 1010 1019 61 212 844 621 1080 567 86 759 864 289 561 100 877 1017 1013 116 174 836 157 302 620 623 62 1084 304 25
784 774 148 266 789 468 889 697 164 1037 786 869 220 89 772 133 376 454 87 1043 614 841 715 151 787 98 410
552 653 738 797 90 585 295 899 539 873 542 141 730 588 536
491 828 955 250 713 486 722 58 146 964 516 19 232 1055 770 283 34 814 851 78 1057 942 319 833 160
435 632 739 510 357 37 838 938 55 186 233 355 945 548 499 53 457 1044 727 703 670 1004 618
117 451 788 748 511 136 792 602 339 74 420 105 264 750 12 227 1048 846 166 662 504 1005 566 284 608
583 970 251 1079 576 175 953 835 1069 969 805 290 156 202 979 714 680 683 973 112 288 917 732 270 1068 987 110 272 831 204 974 271 107 681 27 804 1071 916 203 881 584 308 682 586 0 919 865 109 269 984 791 880 20 287 1066 205 920 980 731 983 577 925
599 642 6 113 711 688 802 812 387 401 409 901 392 870 994 648 427 694 195 145 928 185 480
572 342 147 378 73 868 875 930 806 408 411 765 686 1065 775 756 783 624 375 224 239 429 189 655 267
485 546 1029 492 467 82 65 344 240 231 1034 83 871 127 213 773 839 813 649 538 51 657 803 592
508 883 282 986 913 764 712 351 874 182 444 647 277 79 1001 907 398 223 666 129 380
626 551 1067 893 745 393 897 313 178 563 479 278 605 274 971 123 368 474 698 562 193
414 967 350 629 301 528 446 505 324 379 314 668 52 346 16 138 728 743 30 534 767 570
957 573 92 369 515 892 462 779 328 590 977 57 896 293 972 196 995 885 1052 609 120 533 691 142 924 4 268
54 519 645 821 415 906 59 931 197 354 644 417 597 399 617 905 50 898
960 790 665 872 246 490 143 381 796 448 326 402 190
724 63 265 210 675 1077 273 388 744 859 494 545 106 856 895 310 740 850 236 689 94 171 915 902 412 385
1058 989 1011 976 718 114 830 829 1047 954 992 299 776 1039 866 153 47 48 581 780 300 43 606 1076 208 947 154 746 44 798 778
526 428 769 611 660 356 321 341 68 664 124 818 904 507 469
677 371 463 93 927 125 785 596 471 926 187 456 430 749 466 453
640 878 1051 237 941 876 951 560 331 760 330 638 238 262 1030 966 41 1062 1083 879 900
362 298 654 1014 395 181 1020 481 29 747 753 336 234 909
633 360 498 557 862 582 595 935 225 228 975 943 934 221
734 636 470 811 361 390 320 667 249 489 332 179 799 396 75 472
522 631 634 912 382 903 1046 661 322 217 248 956 795 173 88 568 450 580
296 103 593 291 708 1008 56 706 817 275 512 443 455 564 459 478 591 612
751 709 261 211 610 343 514 1000 440 587 923 104 884
169 442 687 1064 757 72 334 613 807 158 656 625 111 1032
292 607 184 49 294 669 911 741 432 863 735 199 461 946 1028 659
253 1015 255 256 252 963 857 658 701 559 886 130 887 311 335 281 372
639 627 441 135 67 826 822 200 840 150 377 475
370 922 438 258 279 180 206 340 921 66 1033 529 532 1038 531 436 309 64 493 530
434 285 547 725 407 937 696 685 782 861 537 1002 723 695 260
554 235 1024 352 137 755 823 353 553 721
91 170 1053 525 425 349 808 108 126 752
194 433 115 165 809 487 737 226 177 445 513
571 209 991 810 509 95 1056 733
422 619 364 139 423 329 616 69
400 149 152 358 615 914 506
910 247 908 437 1050 690 651 641 1022 742 894
771 882 397 431 543 579 134 860
1023 801 96 394 495 700 473 800
663 257 263 594 527 824 404 484 81 70 820 891
761 998 389 458 707 849 188 413 1070
163 159 890 858 122 323 424 726 652
242 243 604 426 80 650
419 999 391 465 589 101 929
488 71 720 819 676 777 333 825 793
520 939 219 222 1027 318 477
702 1045 1040 367 496 918 439 162 1075
244 766 345 794 77 259
521 216 888 497
1074 99 452
168 684 1003
643 325 827
198
