63 517 83 161 147 152 214 243 146 485 160 920 910 470 703 438 789 689 462 770 822 431 390 762 864 871 422 1002 766 448 696 819 856 46 0 867
88 529 182 128 264 95 72 142 779 746 490 532 489 592 619 893 451 881 755 255 771 512 818 839 851 164 394 418 528 875 765 653
115 91 245 143 102 357 518 467 1039 195 738 784 414 909 813 725 922 78 997 149 883 466 391 329 94 990 352 1053 1064 778 901 821 974 993 57 138 719 17 39
119 123 176 271 64 75 621 242 114 184 781 758 638 666 777 826 401 1034 919 428 515 879 426 344 963 687 1045 375 403
148 82 162 133 225 530 667 825 631 163 902 141 519 642 702 897 449 488 226 772 487 894 310 132 817 452 506 510 527 775 823 222 790 81 820 511 852 695 857 313 526 849 655 873 647 711 669 946
257 54 90 316 339 594 891 811 122 552 480 173 281 607 437 469 706 737 246 213 651 915 412 545 293 389 457 722 733 807 741 447 538 841 443 889 319 799 869
73 787 663 690 645 735 593 292 810 684 196 996 884 904 1040 923 914 572 194 569 566 983 1069 439 587 639 665 106 280 290 417 577 718 977 562 1052
236 368 219 218 74 330 210 211 502 247 360 361 570 503 323 55 60 76 258 754 612 1022 402 546 729 573 597 598 599 600 613 967 71 791 792 434 84 135 1014 48 998 1023 1074 1013 322 730 700 701 968 1029 50 999 1001 1075 842 1027 4 18 29 312 961 1000 156 178 372 534 716 814 836 1009 574 693 12 25 140 170 835 876 1010 1083 575 694 859 1072 3 26 41 14 15 671 672 673 674 858 1073 35 36 564 1063
272 364 193 192 279 233 500 501 294 207 374 350 715 953 377 753 720 508 797 578 675 947 611 932 951 1077 560 699 939 1026 860 1076 40 837 964 22 965 713 816 831 950 16 21 563 692 13
309 321 124 175 259 620 481 776 551 189 51 522 425 131 921 924 543 393 827 238 385 657 80 252 411 865 660 808 918 656 539 872 648 952
333 7 231 172 228 232 96 224 53 201 209 86 137 208 496 58 347 369 311 273 497 525 363 1066 582 934 633 383 404 806 291 726 464 773 943 948 969 987 973 1041 1042 834 981 23 250 595 678 935 61 108 955 984 1012 1050 168 561 139 169 2 32 38 365 536 846 861 1054 1080 670 945 9
341 317 66 244 302 668 824 121 266 212 386 588 752 251 732 629 482 554 380 416 523 744 742 408 540 850 174 544 900 318
79 324 220 165 610 890 125 652 661 459 649 888 840 432 388 441 300 731 801 456 471 97 445 181 868
130 186 299 65 221 757 691 630 618 202 685 260 542 622 203 136 427 768 941 1035 1038 794
234 256 187 308 351 609 641 614 643 301 472 359 992 314 800 1031 27 180
270 303 120 98 913 708 686 697 113 241 615 486 885 205 782 520 398 376 382 514 524 761 185 286 798 855 759 710 944
157 179 5 217 285 69 70 249 77 278 45 47 206 556 353 153 635 576 336 1078 1056 513 1058 906 636 637 676 677 198 957 958 1046 1047 956 966 1032 463 905 476 579 580 634 907 931 1033 646 712 237 367 1057 845 1055 33 832 925 853 877 1061 1084 20 34 42
183 127 265 334 134 659 750 126 454 392 424 590 262 331 450 328 658 378 740 724 410 430 866 654 874 67 381 446 764 863
116 144 215 589 395 912 254 473 812 461 332 929 275 405 926 581 379 338 870 854 315 409
166 295 151 104 736 616 709 477 460 455 756 507 56 68 307 971 584 605 355 442 1020
320 267 298 423 159 145 548 751 420 483 396 802 492 553 1003 356 1008
261 325 617 118 468 1067 268 436 662 531 688 495 491 911 362 549 728 105 698 197 760
882 749 89 419 788 306 335 927 494 387
895 644 117 100 269 664 397 421 707 337 723 399 509 745 739 521
714 547 263 493 453 59 49 1070 975 954
928 705 640 287 908 240 223 591 567 204 783 838 1037
704 557 896 188 253 52 93 283 583 683 1081 727 354 972 786 568
92 555 475 216 129 284 785 829 296 297 721 346 248 1062 1085 440 767 623 940 274 1030 342 345 535 8 326 1051 847 1049 30 848 1048 31
230 229 99 504 101 85 793 774 340 803 150 604 606 1065 748 327 585 343 970 980 989 1011 111 112 978 1004 1005 1043 1044 505 107 571 171 227 833 982 6 24 62 717 815 844 1017 19
559 435 43 200 484 828 628 743 429 988 843 1018 103 87 28 985 1019
44 167 892 479 930 979 734 358 780 1024
177 235 190 109 277 349 830 478 558 373 406 433 400 1028 1060 371 533 11 1082 415 602 1021 938 962 1025 994 995 1016 305 348 370 110 155 366 537 10 1
154 916 288 608 384 650 880 899 626 498
191 276 886 474 550 304 887 795 632
199 903 976 898 991 804 805 679 959 862 1079 878 37
769 624 239 444 960 289 625 627 499 1036
1071 282 516 747 603 809 1006 1007 586 1068 763 681
682 796 458 601 937 596 680 917 936 541
565 465 413 986 942 158
1059 407 1015 949 933
