0 1 4 18 19 12 13 23 24 38 39 57 35 36 58 59 60 55 56 98 17 40 149 150 183 184 260 298 339 340 342 343 344 380 381 500 501 519 520 535 568 570 571 574 575 573 583 584 585 565 586 670 671 669 672 676 677 678 679 692 693 713 716 717 730 729 732 731 792 791 794 793 800 801 802 803 818 819 836 837 854 855 866 865 953 971 972 975 979 980 976 983 984 987 988 1072 1073 1067 1068 1069 1070 1079 1080 1077 1063 867
2 3 16 20 11 22 21 31 30 41 34 42 54 53 131 132 133 134 135 136 142 141 168 169 190 189 217 218 236 235 265 266 316 317 336 337 560 564 563 578 630 631 646 699 698 710 714 715 720 760 761 780 820 821 832 835 845 846 847 828 831 876 877 879 899 900 911 925 926 932 940 941 951 955 954 965 931 944 952 958 961 966 1030 1024 1031 1049 1048 1050 1052 1051 1053 1061 1062 1083 1085 1084 950 878
5 14 8 10 26 29 27 51 82 83 86 93 88 89 94 99 110 154 159 187 207 202 254 278 287 292 294 334 333 347 350 363 369 372 374 403 412 405 420 432 437 497 496 504 505 516 524 534 536 588 593 615 673 674 683 834 842 844 937 939 936 949 963 967 945 946 978 1006 998 999 1009 1007 1011 1014 1022 1018 1023 1025 1028
7 9 6 15 28 25 33 52 80 81 90 91 92 109 95 186 201 208 244 255 267 271 277 281 288 297 291 348 349 364 371 373 370 400 406 415 419 446 448 463 473 498 499 502 503 533 537 587 594 632 843 833 852 935 942 938 962 985 986 982 991 1000 1001 1012 1004 1005 1017 1026 1043 1035 1036 1044 1055
43 32 37 45 44 46 153 152 155 158 289 345 366 365 582 579 580 634 636 853 856 934 960 1032 1046 1054 1056 1058 1076 1078
47 48 49 50 62 63 61 67 66 179 180 181 182 338 459 460 461 462 484 486 485 487 721 722 741 742 797 798 886 887 964 1029 1040 1042 1045
64 68 69 71 76 70 65 78 79 77 156 157 191 192 193 194
72 73 74 75 103 104 105 106 114 113 115 112 170 375 382 384 383 385 430 787 788 790 789 810 813 811 812 894 1066 1071
87 84 85 116 111 160 161 172 171 319 320 332 360 358 359 361 376 377 431 478 477 523 522 521 559 558 617 616 652 651 712 711 1021 1060 1059 1081 1082
96 97 101 100 102 125 145 147 148 146 162 163 166 167 177 178 195 196 324 325 341 479 555 566 567 723 724 804 805 969 970 989 990
107 108 130 151 225 226 259 311 352 354 355 353 367 368 379 378 444 443 445 475 476 543 544 556 557 576 577 627 626 628 629 700 701
117 118 123 124 144 164 209 210 356 388 389 528 527 605 606 690 691 727 728 814 815 997 1002
121 122 119 120 143 165 212 211 351 387 386 525 526 604 603 688 689 725 726 816 817
126 129 128 127 213 214 215 216 346 395 394 396 397 553 554 551 552 753 762 765 764 763 918 1003 1008
137 138 139 140 307 308 310 309 399 398 507 508 622 624 625 623 706 707 708 709 1041
173 176 175 174 243 241 242 451 452 542 654 653 656 655
188 185 221 224 240 237 284 285 466 491 488 515 518 541 538 547 546 638 641 684 687 694 697 766 769 781 784 799 807 808 848 851 857 860 897 896
197 198 199 200 261 262 264 263 562 561 569 572 718 719 993 994 1015 1016 1027 1033 1057
203 204 205 206 323 357 362 482 480 483 481 545 548 908 910 907 909 927 928 929 930
219 220 257 258 401 402 464 465 600 602 599 601 635 637 771 770 795 796
222 223 239 238 253 256 283 286 472 490 489 540 539 644 643 696 695 759 756 858 859 862 863
229 230 227 228 312 314 313 315 422 425 423 424 754 755 823 822 902 901
232 233 234 231 304 306 303 305 409 410 408 411 777 778 776 779 783 782 1034 1037 1039
245 246 248 247 404 407 418 421 429 426 647 650 668 665
250 252 249 251 318 390 393 391 392 581 881 880 916 917 933 992 1074 1075
268 269 270 326 327 428 427 607 609 608 610 1047
273 272 274 293 290 416 417 595 596 598 597 888 889 996 995 1019 1020
275 276 413 414 438 658 659 657 660 675 873 872 875 874 977
279 280 282 330 331 458 457 506 589 590 592 591 947 943
296 295 335 493 495 492 494 649 648 839 869
299 301 300 302 439 441 440 442 531 532 529 530 734 735 733 736 1038
321 322 328 329 613 611 614 612 661 664 662 663 890 891 892 893 913 915 912 914
433 434 436 435 737 738 739 740 830 829 1013
449 450 447 549 550 745 746 747 748
453 455 454 456 667 666 702 705 883 884
468 467 470 469 639 640 744 743 1010
471 474 618 621 703 704 841 838 840
509 510 620 619 924 923 974 973
513 514 511 512 633 645 751 773 786 882
517 642 685 749 767 768 903 920
680 681 682 750 752 785 948 959
686 758 774 806 827 849 895
757 809 825 824 850 864 898
772 775 826 868 904
861 870 921 956
871 885 906 905
919 922
957 1064 1065
968 981
