0 1 11 12 16 22 32 33 40 43 14 15 44 36 35 17 39 110 155 191 192 193 226 240 241 272 273 335 344 358 359 363 360 361 372 364 371 376 377 459 460 462 461 502 503 500 501 507 508 534 533 566 567 574 575 579 580 564 634 635 636 637 671 672 673 674 676 677 693 694 713 720 771 770 795 796 797 816 837 845 846 859 858 860 957 961 958 959 960 964 1029 1041 1042 1046 1043 1044 1055 1047 1054 1064 1065 1072 1073 1076 1063 867
2 3 18 19 23 24 38 37 13 21 55 60 34 42 57 58 73 86 87 137 138 140 139 170 169 194 195 196 197 207 206 278 279 290 292 291 293 561 562 563 581 582 648 678 679 692 714 710 716 717 718 719 725 726 727 728 786 785 807 808 815 806 809 814 830 829 831 833 834 853 861 862 877 933 934 948 949 953 944 952 972 971 991 983 984 987 981 992 982 988 1060 1059 1061 1081 1082 1079 1080 1084 1077 950
4 5 8 20 25 26 29 41 61 62 71 72 74 77 79 76 108 107 111 112 157 156 178 179 217 216 259 258 284 285 322 324 325 323 345 398 399 432 475 535 542 555 576 577 597 598 600 599 612 613 646 647 700 701 712 711 835 836 842 832 876 887 886 894 907 925 926 967 931 968 993 994 1009 1010 1013 1016 1015 1014 1021 1027 1028 1062 1083 1085
6 7 9 10 53 27 30 51 56 59 95 93 99 101 102 104 150 152 158 172 171 227 228 229 230 231 232 276 307 309 354 352 353 355 366 365 404 406 413 415 444 442 463 465 496 497 498 499 536 537 604 606 625 627 844 848 962 985 986 980 989 1004 1005 1000 1001 1017 1025 1035 1036 1048
28 31 46 45 47 48 49 50 92 109 177 346 730 740 744 775 820 852 863 900 996 1020 1031 1053
67 54 65 68 84 97 161 168 266 390 392 505 518 520 595 670 753 772 773 823 883 921 936 945 998
52 63 66 78 116 159 410 416 408 540 538 620 664 685 779 843 1018
64 69 70 85 98 145 208 267 294 396 391 484 491 596 688 774 892 935
80 81 82 83 343 342 439 440 504 568 570 571 573 624 626 767 768 766 769 792 791 794 793 821 822 1026 1037 1038 1050 1051 1074 1075
88 75 90 91 89 103 143 144 141 142 430 434 457 458 543 546 735 736 810 811 884 885 924 923 956 997 1002 1078
96 94 106 189 260 261 347 348 351 356 370 369 847 880 889 1049 1066 1069
100 115 113 114 242 243 244 245 374 380 409 427 473 474 486 487 743 741 817 869 902 908 901 909 1034 1039 1058
105 118 120 146 148 277 367 368 383 385 466 464 476 477 513 514 601 878 881 906 918 947 943 969 979 1032
122 123 121 124 162 160 256 254 349 350 401 403 545 560 699 734 977 976
117 119 147 175 176 173 174 373 400 402 521 523 715 733 804 973 975 1012 1019 1045
125 126 135 129 184 185 201 341 375 506 578 675 721 758 759 802 826 827 1040
130 127 128 136 186 187 200 340 722 742 757 756 824 825 840 841
131 132 133 134 220 221 218 219 274 275 297 296 298 299 417 565 602 622 623 669 888 899 916 917 937 940 938 941 965 946 1006 1007
149 151 167 224 222 233 234 295 334 332 379 516 724 761 780 805 828 1030 1052
153 154 203 199 202 198 204 209 205 210 211 246 247 336 337 603 605 970 1011 1022 1023
163 165 164 166 257 255 268 270 419 418 420 421 482 480 489 754 760 755 966 999 1003 1024
180 181 182 183 328 357 362 393 395 394 469 470 471 472 593 594 644 645 904 903 974
188 190 236 237 281 282 412 414 528 526 557 556 584 586 681 683 920
214 213 212 215 235 478 479 524 522 558 559 680 682
223 225 306 305 308 397 407 411 481 539 551 652 656 696 703 789 798 819 856 872
238 239 250 252 253 251 569 572 649 650 651 911 910 1057 1056
248 249 300 302 301 303 437 438 436 435 628 631 629 630 963
262 263 264 265 382 384 405 441 443 873 874 875 954
269 271 381 378 428 433 446 454 590 642 655 663 684 695 800 849 870 905 1068
280 283 326 327 422 423 424 425 493 495 653 1008
288 286 289 287 329 330 587 588 589 882
304 314 316 388 386 449 451 583 585 723 978 990
311 312 310 313 611 618 621 619 868 871 927 930
315 318 317 320 426 429 450 452 995
319 321 387 389 609 607 667 665 666 668 687 1070
333 331 431 447 448 488 530 702 751 762 763 790
338 339 445 453 456 494 550 643 661 890 898
455 468 490 517 519 739 745 748 838
467 483 529 541 544 591 654 690 738 813
485 492 512 525 532 614 616 818 879
511 515 509 592 608 640 689 708 893 913
510 527 531 554 633 662 764 801
547 548 549 729 731 732 854 855 857
552 553 657 658 660 659 706 707 709 765 1067 1071
610 615 686 737 752 783 812 851
617 638 641 698 915 914 951
632 705 750 784 803 850
639 697 704 746 788 839 865
691 749 787 782 866
747 777 776 781 919
778 799 864 891 896
895 897 912 922 929 1033
932 942
928 955
939
