0 1 43 44 47 48 78 79 107 109 110 112 113 114 156 157 175 176 208 209 210 211 237 238 301 302 17 251 568 571 714 717 721 778 779 781 798 816 830 16 570 573 716 720 776 777 780 797 815 829 14 32 37 565 574 579 634 635 648 677 692 711 853 866 958 963 1038 1039 1046 1047 1061 1063 1076 1077 22 580 676 833 954 955 964 965 1058 15 575 636 637 647 693 712 34 851 1028 1055 1057 33 852 1054 1056 18 40 877 1084 42 2 867
3 4 59 60 96 97 102 141 142 155 181 297 298 328 329 354 361 362 372 398 399 430 475 533 542 559 19 566 567 713 737 738 753 782 814 821 828 20 576 577 831 886 887 898 907 925 926 931 23 597 600 616 700 837 967 994 1009 1013 1015 1021 1062 24 598 599 836 968 993 1010 1014 1016 617 701 29 842 1025 1029 876 1083 41 1085
5 8 45 46 84 85 94 121 122 125 192 252 304 310 312 339 340 420 421 434 483 510 541 558 6 88 89 95 123 124 126 193 253 311 313 7 303 337 338 418 419 433 482 509 540 557 601 602 1001 1002 1011 1012 1024 25 604 844 966 975 1017 1019 26 603 843 976 1018 1020
10 12 57 74 75 132 137 188 206 235 255 279 282 315 317 318 325 332 360 416 417 432 477 508 535 556 154 241 242 292 299 562 719 745 746 755 21 646 675 832 937 938 939 950 952 606 947 605 615 563 698 11 710 944
49 50 69 172 309 365 366 375 461 462 51 52 561 578 632 633
53 54 80 81 86 111 174 363 569 589 590 640 641 39 864 972 973 1078 1080 38 865 970 971 1079
61 62 108 116 212 293 294 513 514 13 343 326 345 422 423 435 436 751 752 758 759 800 801 611 612 622 623 969 974
65 66 218 327 341 347 348 364 374 67 68 9 431 476 507 543 555 572 718
70 71 90 91 115 117 254 506 519 520 72 73 92 93 118 120 517 518 799 878 890 891 894 895 892 893 896 897
103 104 349 367 392 393 527 528 105 106 336 346 390 391 525 526 587 588 688 689 593 594 686 687 826 996 999 995 1000
127 128 140 182 183 214 215 249 273 488 489 58 160 161 189 200 201 207 229 230 256 280 281 733 734 793 794 35 596 670 855 935 942 943 945 980 981 1042 1044 1072 36 595 669 854 936 946 982 983 1041 1043 1073 997 998
133 134 376 377 383 87 164 165 274 382 789 790 880 881 663 664 953
139 144 186 187 190 191 305 306 388 389 504 505 523 524 131 314 316 324 359 378 379 498 499 534 727 728 810 811 678 933 934 949 984 1068 1069 679 948 979 27 582 835 987 1071 28 581 834 988 1066
145 146 149 150 385 410 411 82 83 471 472 478 479 638 639 649 650 739 740 1032 1035 1034 1037
158 159 198 199 227 228 402 403 459 460 500 501 100 101 204 205 735 736 795 796 671 674 672 673
162 163 265 266 380 381 167 259 260 373 386 387 661 662 1070 1067
168 169 231 480 481 553 554 147 148 352 353 344 484 485 547 548 783 784 822 823
177 178 334 406 407 129 130 232 333 453 454 847 848 951
194 195 247 443 444 213 277 278 335 899 900 30 846 940 1048 1050 1052 31 845 941 1049 1051 1053
219 220 257 258 515 516 119 138 173 221 222 250 319 731 732 804 805 583 584 681 682 977 978 1059 1082 680 683 1060 1081 586 991 585 992
223 224 342 396 397 469 470 55 56 394 395 467 468 882 883 903 904 868 869
233 234 245 246 412 413 560 715 747 748 760 761 791 792 564 888 889 916 917 627 1005 1007 1033 1036 626 1004 1006
243 244 424 425 486 487 236 426 427 785 786 901 902 609 610 651 652
275 276 428 429 496 497 263 264 613 614 667 668 749 750 787 788 665 666 1008 1003
283 284 447 448 544 196 197 445 446 631 872 873 630
320 321 437 438 63 64 295 296 439 440 827 919 920 620 621
350 351 441 442 135 136 384 862 863 756 757 706 707 1045 1040
355 356 451 452 248 308 918 658 660 657 659
368 369 455 456 76 77 331 414 415 690 691 684 685
465 466 166 184 185 216 217 400 401 457 458
473 474 151 152 153 404 405 545 644 645
492 493 531 532 170 171 300 494 495 722 729 730 914 915 923 924
538 539 546 267 268 529 530 725 726 808 809 870 871 723 724 806 807
549 550 271 272 330 802 803 699
98 99 179 180 291 307 490 491 912 913 694 695
202 203 225 226 261 262 449 450 502 503 768 769 817 818 628 956 959 629 957 960
239 240 285 286 743 744 766 767 856 859 857 858
269 270 287 288 289 290 812 813 874 875 697 696
322 323 143 408 409 618 619 624 625 838 839
357 358 511 512 702 703 708 709 754
370 371 463 464 741 742 840 841
521 522 607 608 849 850
536 537 774 775 655 656 772 773 642 643 653 654
551 552 764 765 879 704 705 591 592
770 771 908 909 910 911
819 820 921 922 884 885
824 825 927 928 762 763
860 861 932 1022 1074 1023 1075
905 906 962 961
929 930 985 986
1027 1026 989 990
1031 1065 1030 1064
