0 1 8 43 44 105 106 110 111 112 155 158 190 191 235 276 277 335 344 345 416 417 432 475 506 535 555 16 73 566 567 713 714 743 744 753 780 797 816 828 20 576 577 832 888 889 894 907 918 925 931 14 15 574 575 603 604 605 606 612 613 646 647 676 677 693 694 711 712 28 40 843 860 965 970 996 1011 1018 1020 1026 1058 1076 1078 27 844 969 995 1012 1017 1019 42 564 877 1028 1063 1084 29 842 1021 1027 17 39 853 1061 34 867
2 3 45 47 48 50 55 57 58 60 139 140 169 170 194 195 196 197 206 207 278 279 290 291 292 293 19 568 571 717 727 728 786 808 809 815 830 18 570 573 716 725 726 785 806 807 814 829 583 584 585 586 680 681 682 683 24 37 833 862 953 972 982 983 988 992 1059 1077 1079 1081 23 38 834 861 971 981 991 1060 1080 1082 984 987
4 5 56 59 67 68 69 70 74 76 77 79 156 157 178 179 216 217 248 249 284 285 338 339 12 360 361 372 377 461 462 479 508 534 559 11 358 359 371 376 459 460 478 507 533 558 579 580 634 635 636 637 22 837 956 957 958 964 966 1046 1047 961 1056 1057 32 33 845 846 1032 1033 1054 1055 1029
6 7 51 52 53 54 84 85 93 94 95 96 99 101 102 104 135 136 171 172 227 228 229 230 231 232 398 399 457 458 504 505 733 734 770 771 795 796 597 598 599 600 671 672 673 674 25 36 836 858 985 999 1000 1009 1041 1043 1073 26 35 835 859 986 1010 1042 1044 1072 1001 998
46 49 63 64 65 66 159 160 161 162 92 177 392 393 519 520 390 391 517 518 755 764 765 821 851 852 997 1002 41
61 62 71 72 107 108 129 130 212 213 214 215 218 219 220 221 274 275 346 378 379 542 565 878 880 881 916 917 926 13 21 563 581 582 669 670 675 692 699 831 933 934 945 946 947 950 951 977 978 979 990 1064 1065 973 974 980 989 1075 1074 876 1083
75 78 88 89 90 91 141 142 143 144 109 434 447 448 545 715 737 738 812 813 735 736 810 811
80 81 82 83 10 226 342 348 364 370 431 477 514 544 557 349 367 373 433 562 719 803 822 611 648 710 939 944 952 1085 1062
86 87 137 138 153 154 198 199 202 203 204 205 208 209 210 211 246 247 336 337 560 601 602 937 938 1006 1007 1004 1005 1023 1022
97 98 167 168 200 201 222 223 224 225 233 234 294 295 340 341 366 384 385 537 9 347 365 369 382 383 476 513 536 543 556
100 103 113 114 115 116 242 243 244 245 375 410 411 408 409 823 903 904 910 911 901 902 908 909 1034 1037 1036 1039
117 118 119 120 173 174 175 176 343 368 374 402 403 363 404 405 718 729 730 935 936 1045 1040
121 122 123 124 254 255 256 257 350 428 429 412 413 561 745 746
125 126 127 128 184 185 186 187 381 380 628 629 706 707 630 631 708 709
131 132 133 134 258 259 362 486 487 357 484 485 657 658 659 660
145 146 147 148 262 263 264 265 424 425 494 495 422 423 492 493 760 761 754 802 899 900 1008 1003
149 150 151 152 266 267 354 355 356 351 352 353
163 164 165 166 268 269 270 271 420 421 482 483 418 419 480 481 768 769 766 767 31 847 1049 30 848 1048
180 181 182 183 328 388 389 502 503 386 387 500 501 723 724
238 239 250 251 252 253 569 649 650 572 651 652
260 261 306 307 308 309 439 440 665 666 667 668 872 873 874 875 954 955
286 287 288 289 329 330 587 588 720 589 590 578 940 941 1051 1053 1050 1052
296 297 298 299 396 397 553 554 394 395 551 552 591 592 593 594
300 301 302 303 437 438 435 436 614 615 879 616 617
310 311 312 313 618 619 702 703 620 621 704 705 886 887
314 315 316 317 414 415 498 499 426 427 747 748 793 794
318 319 320 321 406 407 400 401 731 732 595 596 993 1013 1016 994 1014 1015
322 323 324 325 455 456 549 550 453 454 547 548 897 898 929 930 895 896 927 928
331 332 333 334 469 470 467 468 741 742 739 740 948 949
188 189 192 193 236 282 283 327 523 524 273 496 497 525 526 791 792 678 679 1068 1071 1066 1069
240 241 272 304 305 326 465 466 237 774 775 632 633 854 855 856 857
280 281 443 444 441 442 661 662 663 664 932
451 452 546 449 450 607 608 609 610 1031 1030
473 474 471 472 638 639 640 641 838 839 840 841
490 491 430 445 446 721 749 750 892 893
511 512 463 464 772 773 865 866 942 943 959 960
515 516 722 751 752 756 757
527 528 521 522 758 759 890 891 976 975
531 532 529 530 684 685 686 687 849 850 1070 1067
540 541 488 489 778 779 783 784 776 777 781 782 642 643 870 871
509 510 789 790 787 788 863 864 644 645
538 539 819 820 688 689 690 691 1038 1035
800 801 798 799 884 885 882 883
804 805 919 920 653 654 655 656 963 1024 962 1025
826 827 762 763 701
817 818 868 869 921 922
824 825 622 623
905 906 695 696 697 698
914 915 923 924 912 913
624 625 626 627 700
967 968
