0 1 16 17 43 44 14 15 24 23 29 41 32 42 47 48 18 40 98 99 107 100 101 110 112 114 113 109 156 157 175 176 251 292 291 302 301 331 330 568 570 571 574 575 573 565 597 598 600 599 617 616 647 648 693 692 700 701 712 711 714 716 717 733 734 735 736 754 755 780 781 816 815 827 826 829 836 842 830 837 853 876 877 963 967 968 993 994 1010 1013 1015 1009 1014 1016 1028 1021 1025 1029 1061 1062 1083 1085 1084 1063 2 867
3 4 19 20 11 21 22 34 37 33 35 36 69 96 102 155 172 186 187 218 244 243 254 298 309 328 354 367 372 375 461 462 489 488 506 533 560 564 563 578 633 632 669 670 675 698 713 715 722 771 770 792 791 799 814 832 833 854 851 831 852 855 866 878 879 901 902 917 918 916 925 932 942 947 943 954 955 956 945 946 957 964 1043 1044 1041 1042 1047 1046 1055 1054 1064 1065 1072 1073 1076 950
7 5 6 8 25 28 31 39 46 45 84 89 85 88 124 126 122 125 170 168 192 193 278 276 303 304 310 312 321 311 313 323 339 340 337 338 388 386 419 421 451 449 482 483 521 523 541 540 557 558 583 585 602 604 628 630 680 682 834 844 845 864 979 984 978 988 1001 992 1017 1019 1031 1049 1051 1060 1082 1080
9 12 10 13 27 26 30 38 57 58 74 76 138 137 189 188 207 206 222 220 258 260 280 285 279 283 314 316 318 315 317 319 359 360 379 381 414 416 448 446 476 477 518 520 534 535 555 556 582 605 627 646 679 710 835 843 846 865 934 937 941 949 944 952 977 987 991 1002 1018 1020 1030 1048 1050 1059 1081 1079
49 50 51 52 80 82 81 83 86 87 383 382 413 412 545 546 638 641 639 640 649 650 652 651 888 889 966 1032 1035 1037 1034 1058
55 56 53 54 97 324 325 326 327 434 433 510 509 615 699 753 821 828 958 1024 1077 1078
59 60 78 79 237 238 399 398 562 561 566 567 576 577 569 572 718 719 1022 1023 1038 1039 1040 1045 1057 1056 1074 1075
61 67 68 62 108 116 153 232 341 355 356 362 435 441 442 436 553 554 547 548 622 623 706 707 840 841
65 66 63 64 111 119 154 231 336 357 358 361 437 438 439 440 549 550 551 552 624 625 708 709 838 839
70 71 73 72 91 90 92 93 115 118 117 120 508 507 516 515 544 543 804 805 891 890 892 893 895 897 894 896 969 965 972 971 974
75 77 158 160 173 174 198 200 229 230 227 228 249 250 444 595 606 737 748 761 935 938 961 986 989 981 982 998 999 1004 1005 1027 1033
95 94 121 123 169 171 183 185 213 216 212 214 215 217 256 255 273 274 282 281 377 881 975 985 970 990 1006 1007 1012
103 104 105 106 181 344 347 348 345 346 349 886 887 907 926 931
127 128 129 130 184 182 373 374 404 406 407 405 463 466 464 465 502 504 505 503 596 936 980 983 996 997
131 132 142 141 190 191 297 305 306 387 389 524 522 584 586 681 683 731 732 782 953
133 136 134 135 366 365 376 475 542 559 581 728 727 729 730 933 951
140 139 167 166 307 308 579 580 629 631 636 634 671 672 673 674 959 1053 1068 1071
143 144 233 234 245 246 364 363 415 417 445 447 498 499 500 501 601 603 899 900 1036
145 146 147 148 151 149 150 152 385 384 747 869 871
163 159 164 204 210 224 239 320 403 411 429 471 494 593 660 767 803 800 809 848 875 880 906
161 162 165 202 208 226 241 322 401 409 427 473 496 591 658 769 802 801 807 850 873 904
179 177 180 178 295 296 293 294 422 423 424 425 490 491 492 493 760 762 764 1008 1003
194 197 196 195 266 265 267 268 392 393 390 391 526 527 528 525 763 765 818 820 1000 995
199 201 236 235 343 342 394 396 486 484 723 725 785 783
205 211 203 209 240 242 263 261 299 300 626 726 724 738 808 806 1026
219 221 257 259 286 284 378 380 517 519 659 657 694 696 940 948 973 1066
223 225 329 395 397 468 469 470 467 485 487 773 774 772 775 786 784
247 248 252 253 335 334 430 653 655 656 654 872 874
262 264 270 272 290 288 587 589 661 663 884 882 912 914
269 271 287 289 588 590 618 620 691 689 702 704 883 885 922 924 927 929
277 275 410 408 512 514 594 592 644 642 668 666
333 332 426 428 472 474 495 497 607 609 662 664 919
352 353 350 351 400 402 432 431 443 856 857 858 859
368 369 370 371 418 420 619 621 688 690 1067
452 450 608 610 898
454 453 456 455 611 612 613 614 667 665 749 750 751 752 788 787 789 790
458 459 457 460 635 637 676 677
480 481 478 479 645 643 739 740 741 742
511 513 538 536 685 687 758 757 756 759 822 824
531 529 530 532 720 721 776 779 777 778
537 539 678 684 686 939 1069
695 697 744 743 746 745 766 768 793 795
703 705 847 849 861 863
794 796 797 798 976 1011
810 811 812 813 962
817 819 903 905 908 910 909 911
823 825 860 862 960
868 870
913 915 921 923 928 930 1070
920
1052
