0 1 1024 1027 4 1028 1029 11 16 17 20 21 22 535 29 542 34 1058 1061 37 1063 40 41 42 555 1062 560 563 564 565 1077 1076 1078 1083 1084 61 1085 578 98 615 125 130 646 151 675 170 698 699 710 713 714 715 720 753 259 260 780 799 289 298 820 821 311 828 318 831 832 835 323 844 847 338 341 342 856 345 346 867 876 877 878 879 375 894 911 918 925 926 931 932 939 430 944 947 950 951 952 953 958 961 964 965 966 479 506 1021
2 7 10 1035 12 13 524 1036 18 534 23 1046 1048 26 30 35 36 38 1068 1070 1072 1073 1079 570 573 574 575 65 66 70 71 584 586 78 80 81 595 84 597 97 107 109 111 113 627 629 135 156 669 670 671 672 157 677 679 692 693 194 195 716 204 730 236 749 767 266 271 277 791 792 285 801 290 818 837 842 846 854 855 866 360 361 368 372 385 420 960 450 967 971 972 979 983 988 1006 1007 1014 504 505 1018
3 8 9 521 1037 1038 19 533 1047 24 25 1049 31 39 1067 1069 562 53 1080 68 69 581 77 82 83 594 87 93 96 108 110 630 134 673 674 168 682 191 196 202 717 205 719 731 235 752 768 265 274 278 793 794 284 802 293 819 836 843 845 349 865 367 371 373 382 419 933 938 940 945 946 948 959 447 968 975 976 980 1004 1005 1013 502 503 1017
5 6 1032 1033 14 15 536 537 27 28 1054 1055 32 1056 33 1057 556 557 599 600 601 602 94 95 634 635 636 637 651 652 154 155 158 159 162 163 166 167 177 178 711 712 253 254 255 256 279 280 281 282 287 288 833 834 324 325 852 853 352 353 354 355 363 364 404 405 406 407 471 984 473 472 475 476 474 985 986 987 993 994 1011 1012 1015 1016
769 132 136 653 654 655 656 142 152 1050 1051 1052 1053 544 43 941 46 175 173 51 54 823 954 955 445 446 830 337 722 366 241 370 242 379
1025 516 153 283 412 924 1059 292 45 437 694 695 187 316 189 64 577 320 963 198 328 76 333 978 86 218 996 872 873 617 1009 116 887 888
258 394 395 529 530 812 813 686 687 688 561 689 567 569 591 592 465 727 728 603 604 351 997 998 359 1001 1002 369 245 247 121 123
512 389 139 140 1044 1045 895 927 928 547 164 548 300 435 52 310 56 67 969 723 212 214 861 862 1003 883 127 509 126 511
1026 519 398 276 149 150 800 417 676 55 568 697 58 60 962 977 339 596 343 344 219 860 737 739 1000 616 875 750 754 755 500 1010 1023
645 138 650 779 1040 400 784 148 789 663 1060 1066 47 1075 180 312 826 63 704 841 462 850 348 92 483 356 486 239 112 248
131 133 796 549 44 176 1074 190 192 448 197 582 587 208 724 982 217 857 90 859 991 741 874 365 244 631 761 383
387 904 906 913 1042 915 165 422 808 169 816 957 74 460 973 85 216 990 224 995 357 485 358 233 250 1008 885 122 892 890
903 908 270 1039 526 912 658 1043 532 920 665 160 1064 1071 815 576 459 340 469 481 484 362 490 495 374 763 638
641 643 647 1031 777 1034 781 659 538 295 428 566 441 572 974 79 470 609 611 745 618 494 624 124 756 252 1022
898 900 261 523 539 540 413 414 545 690 308 696 315 188 331 334 464 849 725 729 858 733 863 736 226 612 613 740 232 489 105 246 251 639
648 907 269 787 408 410 666 798 929 804 302 50 691 822 184 185 705 454 456 210 221 243 380
772 520 301 814 307 571 956 970 848 209 215 605 223 610 227 868 106 748 625 115 118 759 762
770 399 147 795 805 936 683 942 949 840 457 588 207 851 88 89 99 742 999 240 501 632
827 322 515 708 101 902 455 393 493 525 623 145 306 661 119 411 222 734
144 161 550 809 172 558 559 431 432 700 701 579 580 326 477 478 249 114 376 377
642 774 518 262 649 391 409 667 541 807 811 299 427 314 838 327 200 332 607 225 102 870 491 884 758 760 764
513 514 193 806 934 72 905 201 73 143 989 881 662 891 508 893 319
930 229 551 776 458 620 238 206 436 660 438 919 186 923 286 735
128 775 263 765 141 397 909 275 797 425 810 817 433 182 467 213 228 871 381
386 396 1041 146 546 553 554 434 824 825 442 702 703 839 589 347 619 237 757
321 707 100 453 451 104 329 744 463 528 882 914 788 309 402 439
388 773 869 392 522 267 492 778 273 305 120 889 443 732
257 901 390 916 917 415 680 1065 681 183 59 583 585 598 496 497 498 499 880 507
264 268 272 785 403 937 171 943 829 317 449 718 593 466 981 350 992 738 633 1020 766
231 621 622 461 910 336 751 531 626 117 174 378 543
803 452 294 137 234 746 527 783 721 786 468 790 668
416 384 608 296 685 782 303 335 590 657 179 664 922
896 129 230 487 424 103 330 488 614 181 726 313
897 482 771 291 709 552 203 921 1082
864 899 517 510 423 743 747 62
421 1030 935 628 1019 444
418 297 426 304 57 606
644 199 429 48 886
480 706 684 211 440
640 401 91 75
1081 678
49
220
