47 460 387 210 138 545 1056 209 386 604 728 727 243 465 603 639 706 102 445 162 1004 779 826 973 269 327 510 517 958 569 1047 349 975 1008 159 92 352 62 17 40 0 867
72 104 529 489 73 488 427 221 181 899 763 735 848 229 425 527 739 754 182 54 339 1005 1069 486 120 67 1003 723 56 168 864 487 1015 1062 1066
117 526 434 307 304 492 468 231 296 161 148 414 784 921 658 684 915 960 662 377 393 1034
127 824 158 70 475 112 794 325 48 644 849 411 1010 37 26
137 546 480 313 118 525 1082 179 783 74 306 128 812 730 729 894 385 106 879 953 115 438 169 384 485 827 368 55 1074 790 379 1059 1065 1071
227 423 484 180 214 395 552 126 761 244 741 547 666 897 929 435 638 798 1045 205 196 731 362 982 469 255 491
351 830 664 235 756 91 191 216 77 612 265 836 980 315 813 988 865 1080 3 433 24 39
357 172 394 498 605 60 336 895 869 808 108
572 555 496 69 497 479 68 319 171 983 165 564 878 1077 153 986 570 573 1027 202 964 965 985 1024 93 45 984 987 166 167 565 1063
697 669 672 43 71 189 218 2 89 795 504 656 97 616 998 200 743 99 78 595 805 285 329 294 420 753 65 524 978 1014 254 334 432 742 366 1025 566 1006 1023 1070 875 855 1072 403 600 677 195 963 967 361 860 5 16 29 38 575 693 10 1009 27 36 12
222 426 439 300 299 440 1016 530 103 976 1021 256 747 758 607 622 544 407 689 87 207 1038 293 176 623 759 974 421 523 1013 359 369 113
232 467 493 303 1040 174 906 914 101 707 308 1039 643 962 188 518 402 661
872 674 945 154 927 155 14 348 499 88 145 241 100 443 392 212 390 515 682 297 239 968 581 630 347 871 31 1067 859 341 15 11 35
557 556 931 107 367 354 125 151 911 311 476 651 652 711 712 1081 679 629 634 580 924 378 444 627 516 1026 579 257 901 1046 225 900 636 1053 831 925 57 473 576 577 1033 1057 866 1079 260 298 363 536 835 846 961 1048 130 446 954 355 966 1030 1050 21 33 471 353 364 537 574 692 847 1061 20 30 852 1055 877 1084 1 42 13 34
828 558 178 477 190 365 9 44 780 316 217 646 710 944 952 509 1078 1019 419 594 942 147 970 990 281 321 331 799 382 284 744 933 261 715 770 1058 463 632 675 959 53 560 938 95 288 714 820 25 947 96 991 52 208 373 995 843 856 1017 1076 6 371 533 563 698 832 950 22
829 337 559 317 157 478 785 156 1085 699 940 160 449 132 142 271 450 631 578 932 951 350 561 721 272 136 236 266 767 135 550 766 822 941 718 1031 845 876 1049 1083 143 955 201 374 1051 109 277 372 534 716 818 18 41 1052 7
704 408 788 668 690 810 650 908 376 494 885 134 608 146 323 398 267 233 309 193 246 247 839 514 412 528 789 816 695 703
708 453 660 782 610 625 746 757 140 283 648 457 314 238 619 702 253 447 562 1041 540 999 862
500 417 791 90 624 81 343 641 615 335 326 1022 302 749 750 797 506 290 342 535 842 1018 937 346 854 1073 291 416 4
539 458 609 213 164 228 522 543 909 903 187 286 223 442 804 806 456 462 882
502 503 505 83 345 82 464 521 678 601 400 584 1042 599 270 466 268 85 586 635 676 977 206 971 972 114 837 853 979 1054 8 186 204 383 289 637 111 116 1000 110 278 833 1012 23 80 358 360 28 1001 32 670 671
520 655 551 917 152 745 264 881 923 406 653
542 896 614 891 621 777 606 418 318 79 76 618 553 778 305 892 252 726 249 538 541 764 838 654 874
511 640 725 776 691 667 401 589 396 490 642 787 811 1043 409 861 834 1011 532 685 356 258 370 996
883 705 928 592 890 913 448 613 590 322 1020 611 957 330 397 226 568 554 428
907 645 904 649 591 549 413 49 211 388 482 279 686 1002 295 919 994
912 687 920 663 709 472 659 825 224 441 688 461 192 455 454 237 817 781 910 430 240 694
344 873 149 786 1032 602 597 751 628 220 773 981 451 738 740 768 571 775 713 275 98 399 150 992 340 19 993
177 320 792 324 598 683 681 680 380 936 596 774 850 59 870 588 949 717 819
501 796 696 58 626 939 956 375 898 720 657 519
46 858 793 701 585 633 312 593 194 274 250
857 422 481 86 282 259 893 338 122 123 760 851 755 483 424 807
916 620 1035 131 404 84 310 548 809 121
459 1068 183 583 997 905 922 863 802
969 934 943 587 989 219 719 184 474 732 61 170 1060 582 948 935
1007 242 673 946 647 273 51 452 292 1037 1036 841
617 129 75 215 105 1075 163 567 94 287 844 1028
769 263 139 144 203 141 429 801 389 415 381 771 918 765 437 815 124
888 748 930 470 119 262 436 391 665 722 800 175 840 868 736 251
230 199 821 531 133 724 772 245 926 512 752 513
173 886 301 333 884 495 234 803 198
1064 276 508 507 280 889 880 1044
823 902 197 50 734 66 410
1029 700 737 328 405 64 733 63
431 332 185 814
762 887 248
