857 884 658 542 763 471 474 645 607 284 867 230 691 697 864 314 237 546 488 768 204 538 541 106 753 921 1002 524 907 0 221 165 757 215 764 210
100 594 918 346 205 901 247 565 479 980 241 1063 326 278 22 836 1019 25 42 267 4 417 938 952 34 1047 152 240 646 710 110 733 944 11 555 995 338 802
9 728 705 43 863 28 55 1074 12 400 664 778 846 644 372 790 599 851 219 1045 534 827 1 1003 456 450 513 972 1057 359 567 592 1048
604 760 870 518 941 213 223 585 312 324 516 59 898 341 600 578 49 451
787 409 803 168 731 3 979 810 282 848 533 68 674 35 987 453 1069 371 837 948 945 383 839 255
512 792 571 1042 33 208 118 32 18 514 606 833 812 115 164 998 1027 1012 408 690 342 1044 216 398 410 535 92 772 773
880 305 825 126 129 227 826 899 214 831 925 784 726 1066 662 17 684 40 663 112 614 180 845 181 120 1049 968 20 24 31 380 345
786 798 5 548 950 206 1061 856 947 1058 717 934 145 94 545 196 37 320 981 1076 146 953 933 699 8 93 982 23 719 51 819 732 327 547 847 832 969 287 330 1085 150 19 970
720 865 265 1023 682 924 727 683 854 866 36 78 1026 1028 563 1077 2 564 956 29 39 916 169 79 328 725 698 236 844 190 1080 189 1070 266 715 1079 946 932 329 38 77 923 796 615 69 1073 748 673 76 894 98 71 1025 235 746
405 1029 693 365 48 412 461 597 1009 716 536 63 963 101 95 785 801 1014 14 475 1018 1011 47 818 336 993 27 153 749 256 158 6 842 679 616 296 652 13 738 711 834 363 1059 573 26 325 167 352 575 602 996 462 288
244 394 788 378 362 1024 665 1050 490 858 178 243 30 1051 73 815 207 736 64 744
463 111 188 174 277 964 358 433 477 379 1084 171 268 897 109 187 574 1033 1054 914 508 692 635 331 7 877 1056 636 402 853 403 159 484
263 104 913 681 596 889 891 16 852 723 1065 576 666 820 770 531 218 304 321 978 608 494 670 714 1055 193 1005 917 671
340 1006 754 54 622 121 648 881 1016 740 761 1071
414 370 992 985 562 200 445 88 155 937 855 89 15 751 264 936 986 593 498 1007 280 364 940 537 1072 70 46 1038 633 1041 294 999 136 588 793 499 285 348 943 366 630 775 1037 407 794 254
351 1000 876 335 718 44 184 347 566 647 569 225 967 41 480 611 385 422 1083 909 745 892 781 198
680 1021 759 420 434 318 973 10 298 570 361 510 595 971 758 1010 275 260 423 797 368
492 67 250 396 989 994 997 122 902 771 974 427 467 469 234 306 65 713 429
900 623 942 556 411 141 1030 415 911 628 238 526 552
700 452 525 162 807 579 1062 568 470 21 629 274 175 248 958 651 460 762 712 251 823 173 722 965
419 641 806 779 624 87 75 308 228 1022 653 747 482 520 539 124 609 990 132
503 291 601 776 438 1013 922 872 85 386 669 149 259 436 297 220 672 102 1001
1068 185 333 373 424 694 577 289 530 332 489 668 667 357 724 915
509 143 580 160 376 476 544 850 217 355 343 558 966 319 701 354 549 1078 154 557 113
1052 387 391 586 886 926 172 197 131 654 108 273 931 133 144
805 783 397 583 882 257 809 507 859 246 696 904 399 639 272 975 511 704 192 182 232 603
686 955 789 871 767 829 226 199 688 375 561 130 816 631 194
589 506 299 239 734 523 619 521 449 293 457 843 1017 201 447 123 203 581
706 393 765 224 313 656 517 140 984 465
286 799 874 873 743 258 455 245 560 675 888 381 780
1015 869 390 53 202 1031 191 954 134 868 369 45 316 443
81 841 554 591 951 587 1035 448 148 502 528 271 677
689 262 292 270 156 349 283 977 83 860 960
468 896 473 838 821 170 441 961 835 1034 920
418 229 824 515 90 988 249 610 310
752 442 830 269 766 307 62 495 702 612 862 481
353 703 1040 605 72 840 730 139 529 620 1082 440 295 879 309
66 661 334 406 908 962 163 598 337 253 676 1060 912 617 177
231 791 211 344 584 800 183 500 519 56 339 983
1067 890 976 910 107 650 413 621 928 1020 613 483 878 276 572 930 84
103 590 782 709 431 176 742 428 849 439 57
179 311 906 813 459 74 540 739 814
903 804 485 105 637 195 425 695 290 939 708
1039 895 486 404 382 640 522 472 300 737 660 919 875
1081 756 861 127 634 114 377 454 302 887
388 808 885 444 151 137 138 389 350
303 233 550 822 493 1036 426 1053 957 222 395
446 458 61 685 125 1043 642
769 1008 157 553 774 487 117 367 655
795 421 242 97 360 135 741 505 627 1004 279 504 991
401 392 315 949 927 80 52 618 91 632 721
929 501 186 82 430 1075 735
356 551 58 649 464 252 435
416 893 119 817 543 212 384
811 466 496 959 147 1064
750 935 478 432 625 128
1046 905 142 1032 322 317
777 50 659 643 96
883 491 687 437 166 374 532
99 582 86 559
161 657 116 678 638 497 626
209 828 301
729 60
707 323 755
281 261
527
