49 50 51 52 80 81 82 83 467 468 469 470 484 485 486 487 108 111 1032 1037 720 721 747 748 826 827 888 889 714 966 109 110 172 309 1029 1034 1035 1058 18 40 2 867
53 54 55 56 355 356 357 358 394 395 396 397 547 548 549 550 1003 1008 753 766 767 768 769 799 898 918 1024 958 1004 1007 1085
61 62 63 64 293 294 295 296 422 423 424 425 435 436 437 438 971 972 797 798 804 805 919 920 1078 965 969 974 1021
70 71 72 73 90 91 92 93 426 427 428 429 439 440 441 442 810 811 812 813 821 926 107 112 254 367
145 146 147 148 149 150 151 152 471 472 473 474 478 479 480 481 722 743 744 745 746 879
162 163 164 165 265 266 267 268 494 495 496 497 525 526 527 528 1067 1070 727 728 729 730 953 1062 1068 1069 1077 716 717 815 816 834 835 987 988 16 17 27 28
177 178 179 180 368 369 370 371 490 491 492 493 529 530 531 532 731 732 754 755 880 881
194 195 196 197 350 351 352 353 390 391 392 393 551 552 553 554 760 761 899 900 713 814 831 845 846 925 1048 1049 19 20 30 31
587 588 589 590 638 639 640 641 882 883 884 885 903 904 905 906 569 572 69 287 288 289 290 329 506 542 251 560 568 573 878 970 973
591 592 593 594 642 643 644 645 723 724 725 726 772 773 774 775 78 79 305 306 330 331 515 516 564 570 571 715
607 608 609 610 618 619 620 621 890 891 892 893 894 895 896 897 133 134 135 136 102 155 866 1076 4 41
611 612 613 614 622 623 624 625 749 750 751 752 756 757 758 759 223 224 225 226 876 1083 37
649 650 651 652 702 703 704 705 908 909 910 911 927 928 929 930 181 218 269 270 271 272 375 430 1066 1071
653 654 655 656 706 707 708 709 783 784 785 786 822 823 824 825 190 191 237 238 291 292 376 377
661 662 663 664 688 689 690 691 912 913 914 915 921 922 923 924 65 66 67 68 833 964 29
665 666 667 668 684 685 686 687 787 788 789 790 806 807 808 809 103 104 105 106 842 1025 22
86 87 336 341 995 1000 1040 1045 44 47 298 372 963 979 984 1028 565 1063
115 120 344 349 43 48 96 354 954 955 967 968 1013 1014 1046 1047 853 877 1061 1084 32 42
59 60 94 95 247 248 433 434 461 462 545 546 737 738 901 902 657 658 659 660 646 952 563 698 21
74 75 76 77 235 236 332 333 412 413 137 138 318 319 475 559 601 602 603 604 616 617 676 677 782 828 173 174 249 250 975 976 1011 1012 116 117 118 119 361 362 566 567 1001 1002 1019 1020 206 207 279 280 328 533 843 844 1017 1018 647 648 711 712 574 575 692 693 12 13 25 26 14 15
98 99 100 101 208 209 210 211 733 734 735 736 776 777 778 779 113 114 301 302 595 596 632 633 780 781 829 830 935 936 942 943 980 981 982 983 153 154 299 300 561 562 718 719 993 994 1015 1016 1038 1039 1056 1057 156 157 175 176 836 837 851 852 1009 1010 1054 1055 710 944 832 950 0 1 23 24 33 34 11
121 122 123 124 252 253 418 419 420 421 509 510 125 126 310 311 482 483 557 558 605 606 615 675 937 938 939 947 45 46 212 213 273 274 326 327 373 374 192 193 303 304 312 313 540 541 5 6 7 8
127 128 129 130 182 183 184 185 398 399 886 887 214 215 216 217 488 489 597 598 599 600 634 635 636 637 916 917 255 256 281 282 84 85 88 89 576 577 996 997 998 999 1041 1042 1043 1044 671 672 673 674 854 855 1072 1073 35 36
158 159 160 161 198 199 200 201 400 401 402 403 457 458 459 460 227 228 229 230 498 499 500 501 57 58 188 189 316 317 359 360 314 315 534 535 669 670 945 946 9 10
168 169 170 171 320 321 322 323 386 387 388 389 521 522 523 524 502 503 504 505 581 582 678 679 933 934 948 949 864 865 1079 1080 38 39
219 220 221 222 231 232 384 385 431 432 517 518 519 520 476 477 555 556 578 932 961 962 1026 1027 1059 1060 1081 1082
233 234 245 246 414 415 416 417 445 446 447 448 97 297 626 627 907 931 940 941 143 144 363 364 1030 1031 1050 1051 3
239 240 241 242 261 262 263 264 202 203 204 205 628 629 630 631 791 792 166 167 307 308 1005 1006 1033 1036
243 244 334 335 382 383 770 771 579 580 337 338 339 340 956 957 1064 1065
257 258 259 260 342 343 378 379 380 381 507 508 543 544 583 584 585 586 700 701 985 986 989 990 345 346 347 348 977 978 991 992
275 276 277 278 443 444 699 951 959 960 1052 1053 1074 1075
283 284 285 286 408 409 410 411
404 405 406 407 463 464 465 466 186 187 131 132 324 325 141 142
449 450 451 452 739 740 741 742
680 681 682 683 793 794 795 796 139 140 365 366 1022 1023
453 454 455 456
511 512 513 514
536 537 538 539
762 763 764 765
800 801 802 803
817 818 819 820
838 839 840 841
847 848 849 850
860 861 862 863
868 869 870 871
694 695 696 697
856 857 858 859
872 873 874 875
