1785 1836 759 1158 2204 717 1303 2028 734 1726 2756 46 2029 2862 456 2214 215 0 2489 1801 27 677 2190 40 17 557 473
747 2991 2612 72 2622 1791 261 2828 2483 2892 963 2266 647 1697 2754 23 1855 2667 1232 2012 352 49 1859 676 2509 3 509 3035 575 403 32 457 1453 2013 1484 1577 50 2191 1908 2474 2755 1671 2691 29 2623 2510
577 715 1279 1847 1162 2043 389 1735 1794 2712 471 2782 197 24 34 206 857 1872 2924 3039 3017 2861 2351 2815 2055 2020 2425 858 2382 2766 1969 2346 711 2000 199 2901 2927 713 195 385 1917 2155 2441 2939 2413 193 2996
661 2320 802 212 2407 828 2937 2296 1657 1619 2110 2056 1684 483 1986 588 1082 41 20 1495 1471 2669 530 2112 252 3019 284 368 2788 693 1110 553 2695 2213 2225 994 2983 369 2405 2804
564 2005 1638 813 422 2556 1460 2078 437 989 5 419 2257 2976 2420 789 19 47 1271 1456 644 2151 2276 2851 1167 1220 2772 132 211 26 1276 14 2893
464 1075 1938 1436 656 839 1391 513 2584 1737 636 1077 2911 541 2807 2262 15 1758 1911 2083 2558 2899 1694 2284 2746 836 2136 2044 408 424 262 1353 1939 1360 10 2021 838 1689 347 837 2897 2515 412 2553 1160
719 1243 1108 1570 1433 1756 1752 2092 2572 1218 1679 2710 1136 502 1602 1171 1217 1 2241 2547 18 2666 2834 1701 2659 560 1346 2574 3007 2705 325 35 2551 2237 1106 51 2887 653 1327 397 2708 1472 2869
2682 665 2027 1804 2120 714 1489 1571 172 2274 2680 3065 2264 374 1803 2300 2676 1592 2126 3056 2686 2046 2630 1204 13 2675 450 2685 1868 2003 2912 1549 1750 1216 1556 1593 156 165 2232 192 158 3001 1595 447 3020 1856 1239 2275 2272 3014 1576 1569 1787 341 3038 1788 3036 1022 1863 2681 3033 73 3030 3051 1997 2673 1563 1887 2693 1894 1190 1893 373 2066 2037 3053 2045 2038 1238 2258 500 2119 1558 43 1833 2306 1786 2125 2047 1414 1196 1470 1594 3002 7 1565 1490 2048 1835 1867 1521 3016 1578 1212 3063 1888 2100 2263 1789 146 710 285 2235 2076 2273 1862 2697 1188 1802 2679
2783 275 2305 390 3011 438 1932 2737 462 888 254 304 703 1425 1930 589 3040 149 135 2353 362 1874 2818 293 186 1000 3050 426 2058 2641 38 1184 2449 733 1777 1878 451 2106 2846 326 2842 2822 1002 1189 2278 493 381 485 2781 1931 1996 2761 492 1293 2799 784 2643 2052 310 1485 2354 2002 264 2234 2167 2741 2744 1165 1933 134 2166 1294 1092 1848 37 3022 612 486
823 1252 1337 154 1838 1710 2577 2943 1114 1200 1193 1363 1647 2499 2541 696 2929 466 1427 2586 2889 1523 1197 371 489 2973 2955 1116 2491 2370 2728 1183 2908 1583 821 2838 1429 1365 2465 1339 2478 1151 1525 1250 2502 1181
704 1837 1720 3049 917 1268 2462 812 308 2034 995 1691 1721 12 2130 820 440 2437 6 1060 778 30 2096 33 2856 259 2918 2751
1159 544 427 1790 2481 2592 2648 3044 1529 3005 2313 2114 1964 350 1036 1530 898 2247 2051 2990 421 1439 1191 1013 3043 2109 3077 2585 2552 1012 2916 757 2543 1352 2312 2544 2759 2762 2527 2726 1440 1206 2246 2727 1547
592 392 767 1406 1368 2455 2490 890 1843 2269 144 2144 2865 2310 2874 512 1035 546 1550 815 576 2545 1946 39 568 1658 1422 882 2023 1144 1362 54
980 1347 77 2251 862 334 91 1814 1889 333 22 866 2249 434 2729 1245 2277 2536 2327 2099 2307 977 892 52 2054 2517 2396 2658
875 1400 2985 1937 2102 1451 2162 133 2747 1941 56 163 2253 2256 2254 1297 638 609 2164 855 2644 2833 3029 2750 495 1450 2255 45 608
2205 2391 580 572 2999 1626 738 229 342 751 1020 1475 2226 2395 2381 2174 66 2512 1412 55 1290 431 2355 1882 1028 2285 579 2614 1377 2265
226 760 2886 2947 2350 2992 1551 1119 2925 2117 1858 578 1493 1210 2563 181 2950 3041 1927 1648 507 1854 2260 25 2161 3047 68 2280
1546 2416 2810 271 880 2506 1625 3027 986 783 2557 1393 3032 2801 1629 2806 2953 305 1146 1921 2523 2207 1287 1001 962 2488 1027 2319 128 379 2309 2385 1378 2926 1442 1222 2546 741 951 2248 439 11
548 906 2907 2714 508 1157 2158 2406 480 1722 928 1898 1724 2367 532 2202 53 1280 2 600 1282 481 748 3031 735 1096 1026 1357 1597 2496 1643 2721 1213 8 1127 3074 854 1641 366 2903 2535 2883 1355 364
2581 309 2378 2704 959 596 926 1079 2568 2905 2444 2107 1950 824 36 16 1186 2981 329 90 1143 331 2850 1991 2349 985 2183 2181 2722 2105 889 1322 2602 2858 884 833 42 2579 1480 2910 2549 2660 1973 841 695 2154 2152 1168 688 2700 48 1277 2720 1897 1481
2459 1055 1141 1572 1152 2690 2137 2573 1367 1977 919 2138 2857 179 44 1612 1715 65 2640 2688 327 1613 21 1686 1739 1392 2849 1350 220
562 943 2348 1417 1340 1169 3006 2334 1655 2740 692 1700 2529 621 1105 2707 1253 238 1687 2863 2923 1419 355 2829 1364 2291 1680 1603 2665 1326 1753 454 276
1695 2362 196 2934 2773 1461 446 2771 1380 957 1668 2230 166 505 2215 2958 2271 834 2439 999 683 2786 2830 2868 819 587 125 2149 570 620 1579 1073 1208 1562 208 2677 2200 2288 1718 2150 1300 1677 2971 2113 2176 410 1640 1056 913 2344 1783 9 314 657 2345 803 730
2753 605 615 1580 936 1608 2185 2519 2616 1535 939 2001 2731 401 1080 124 1904 754 722 2074 1338
1405 1980 534 2423 1504 811 1416 563 2314 643 1772 651 1581 1947 809 2116 558 650 2896 642 573 1979 810 2968 126 64 2848 178 2919 4 808 1315
1172 2655 920 2562 1716 1449 1044 1820 1491 1895 1095 822 202 83 1961 2301 1505 1963 627 3034 2687 436 1516 2526 652
2814 2532 610 527 1870 2401 268 1147 1477 1207 1901 849 209 1176 2689 769 1211 1154 2010 1566 1174
925 1705 2182 321 1070 479 790 2875 1676 1275 792 110 1798 870 2550 2252 2375 444 1374 2108
1366 1444 1850 430 545 737 1616 896 2332 95 2840 1903 1519 1782 845 2738 2537 1559 1390 375 31 1582 1871 2725 2654 270 2443 1928
1332 353 1511 1596 2402 2022 2077 2356 897 3012 463 2229 1117 1589 1386 1083 1403 2468 2283 981 1636 490 435 538 996
2384 1797 552 2876 1942 1707 1762 2203 907 1051 1915 1910 1066 2663 461 300 938 702 277 2791 914 1812 2061
171 2941 1130 2217 2960 1134 2495 2711 1201 1879 1891 2431 2879 1330 96 1949 130 400 1877 386 1728 1246 187 565 1199 145 2785 1469 2030 383 1681 1223 449 131 1370 241
2626 850 2625 1420 2965 280 1258 1914 356 2855 1343 1968 2528 521 354 2867 2723 831 1085 315 623 745 2615 1958 3055 255 944 886
2173 1401 1482 2765 1267 312 1514 402 2832 1811 2713 142 453 1943 598 2132 1261 2733 1784 1741 1633
2839 966 998 2404 599 2479 2982 2097 2837 1262 1845 1586 1664 1727 1663 1554 138 1851 1228 2900 3078 1111 2803 684 742 550 169 658 236 685 2607
2088 2802 2715 1240 380 2860 405 2014 2477 556 1443 2633 1601 2127 2724 1507 806 2290 2170 3075 2716 2588 1156 2128 2653 2473 2335 2870 3057 1241 89 2600 1661 1853 88 1153 1304 2652 2561 1155 2060 416 1574 2171 807 2859 2472 2308 2358 1584 1544 1600 1773 2357 2321 2098 1662 2476 2457 188 3028 1098 1936 423
1669 2418 2189 830 1573 1875 1291 2795 2995 2827 441 1373 1985 846 1037 2945 2784 1161 1725 2142 1621 184 1309 1457
2168 687 2430 1591 1415 1501 1635 1005 655 2070 2603 727 2817 2031 1259 232 2250 474 2079 2438 2628 487 1624 1395
1800 319 1598 924 388 1067 2018 603 1242 2080 2539 2540 1770 1385 93 1236 1187 3076 2661 2522 1097 118 1861 1865 2016 868 983 2081 2082
2604 1925 2974 2336 1486 1285 2461 659 1672 2041 773 679 2053 640 2576 1336 279 921 218 465
289 1021 1185 1081 2554 2819 887 3021 2390 2426 2450 1742 2057 2678 292 249 1179 997 2243
2800 1178 157 3025 929 234 749 1971 367 1864 2611 506 1918 1324 518 2179 3042 2339 114 3026 1177 2201 148 2794 2199 121 2177
1244 1829 705 84 2931 2460 2650 666 2267 2571 637 3061 113 1992 1983 2146 2311 59 2448 2294 865 1841 2735 1822 429 900 407 2228 706 3054 3008
1999 905 243 1478 976 2025 1148 1257 2412 519 539 1317 1704 2036 2063 1730 970 1831 2090 499 290 2993 1995 1751 932 2124
1816 1674 1404 1733 2069 1335 151 2504 1464 2240 302 108 2742 628 1813 1010 322 2480 2513 787 895 1323 791 2094
2268 415 660 1610 332 1496 2647 1476 1698 1839 1965 1132 1765 2932 2008 746 941 1264 2613 2009 1766 1793 127
1379 1226 330 2635 2414 1452 2823 856 2598 2019 782 2948 1568 2397 28 299 2064 1292 709 2768 1929 2853
182 1723 2372 2197 1103 1229 1411 2845 2975 2316 935 872 344 2363 2601 2445 2825 2888 2548 1555
1954 102 129 2594 1533 1955 1711 893 2808 844 2218 524 1902 109 2873 2287 593 1034 1809 2732 1492 1795 1564 1881 267 1609 2664 1539 569 1536
1233 92 2394 680 1397 2424 251 682 967 2436 2456 910 1810 2411 1316 1825 3046 2065 2466 1498 2039 191 1590 413 2978 3004 3069 619
952 860 1248 700 515 2134 2521 2317 681 2847 1042 1779 343 2193 2486 1410 2915 2270 2734
2121 141 1892 2933 1032 950 2670 1962 743 2315 2703 204 2452 1526 1247 2880 384 2656 2820 1329 296 1354 1617 2631 2259 2605 1468 2111 1948
1306 2591 753 2671 1048 641 2219 559 60 798 1071 1807 2222 1615 908 1987 1866 3058 1736 395 2970 1269 1988 2221 2220 2962 2282 2101 2977 975 701
1743 2542 1375 71 2570 107 2302 291 1832 1474 1487 535 902 1528 2035 670 82 2531
1970 1237 1260 1454 2507 2841 726 1094 2749 1869 2632 613 183 1455 594 1448 104 2304 398 94 1046 2469 2026 307 2133 336 365 2068 370 242 595 167 174 406 2427 3037 295 143 2649 1215 3059 417 2329 256 2451 1935 2163 1296 1045 1896 2073 517 1166 2198 2757 418 2743 1517 1124 1235 3045 3071
1916 2365 2147 1775 2779 525 2216 503 2836 987 1221 1381 2434 1209 266 2172 2103 257 958 2049 1313 159 2104 2292
1263 781 2998 488 2565 1761 2730 1706 1249 2415 282 1508 1585 1078 1840 2186 2206 288 217 2575 937 152
2157 2646 2940 3009 2994 510 752 239 2921 827 1972 1039 2059 961 876 3010 2920 1195 826 2787 1289 2816 219 2386 2156 2763 765 1919 2764 2790 2159 516 1920 467 1281 2758 189 1040
303 2617 3062 2006 934 946 847 1069 1015 2866 2328 1755 2634 1341 739 1062 1527 139 2086 1967 2608 1702 1182 2826 646 3018 3023 2959 1438 340 2011 1768 1430 878 1192 316 348 2894 248
873 1334 1717 663 1133 554 2618 2590 2642 2091 1031 1318 1826 1033 1009 2421 1011 2578 1131 863 2209 2325
635 2233 1815 452 1314 949 668 1561 117 2494 1265 2487 1667 2683 2454 1301 2359 1553
533 2123 2942 2408 2917 991 1994 617 1912 793 1234 2963 1194 969 360 2928 795 689 2369 2961 972 971 2467 2739 2844
1824 272 586 1359 1944 2196 686 2361 2957 1388 2881 780 2464 98 2071 2890 358 313 3073 2129 411 2072 2882 3067 649
772 1308 800 672 2914 1273 2534 2148 2864 235 213 162 2530 1852 1004 1320 1104 2417 76 1068 2922 214
990 1666 2343 2789 1007 1713 1675 1502 1409 1376 1274 2115 173 2409 1682 1922 1203 2289 607 2342 1729
1122 1458 867 1129 3068 1860 1744 2694 2067 1358 786 2122 2651 80 625 2195 611 387 1361 3052 2281
805 103 622 1494 3064 725 1696 2330 3066 1372 2279 1900 2131 1880 1224 1670 1202
1692 1063 632 1651 1164 549 391 1542 1255 1437 2792 2777 2599 2560 2854 1631 2775 2485 3013 1214 761
1957 2657 1295 947 2297 1402 922 2508 1389 269 756 851 2084 1959 357
1653 2979 2387 891 1884 979 669 2949 2236 1413 2583 1128 1909 911 1849 843 1885 1642 382 363 240
278 2891 2872 2403 864 1673 2518 664 2062 2719 1017 2505 1227 301
848 1047 1382 1693 591 2399 729 694 678 2388 1137 1827 1645 2135 1975 2333
1038 1953 150 3000 1266 1567 1421 918 2143 3060 432 2446 1428 1627 2511 629 87
2956 1512 1107 1652 597 1510 2153 2745 1780 1088 140 2793 648 328 1924 1781 2954 2160 207 2447
2564 1907 2366 712 1426 2192 105 2843 720 744 2566 2760 2951 1089 399
1926 1090 2212 1605 1398 2997 2211 2004 1488 2393 1145 2032 1557 2392 1769 2902 2050
2684 817 478 101 2984 153 2360 1423 2340 2374 323 624 1823 420 1387 2620 1520 797 2629 2668 311 708 224
1180 814 2295 337 1611 931 1446 273 2774 247 1966 631 1139 137 1540 476 1604 1331 2597 992
2373 63 1298 2242 1776 1819 448 1984 62 1515 404 1792 2589 2007 1500 724
469 2706 2223 2582 2180 531 2422 1445 1844 2169 2440 2471 222 1552 497 1760 1796 111 1057 468 2718 728 1251 443 3024 2470 662 298
2042 147 1654 346 604 1834 2261 1102 2813 842 785 283 1660 1506 1272 2767 253 1463 1690
425 2699 590 1150 2637 601 2580 960 265 766 2141 2555 2674 1618 2709 1023 2952 1432 1767 2208 1548 1029 231
210 1003 2194 120 1989 930 458 2595 732 2095 459 1059 2429 396 1084 2946 2498
205 274 1441 294 414 297 1408 2435 1115 1646 965 1465 1112 1857 2326 1434
433 788 2224 1771 2717 1531 1305 543 1532 1620 1053 1534 1659 2075 58 2569 1307 281 1473 2776 1270 1747 740 1061 1599 2672
472 1945 2175 175 526 2347 2244 973 1818 320 1842 1014 2797
801 923 1650 574 1683 1278 956 2525 2936 1219 263 1665 245 2389 1256 335
225 1328 2093 779 1054 2379 1699 1982 707 675 2145 697 2559 2492 69 97
883 1712 1043 1231 861 1394 954 2596 2895 1537 988 67 1799 2852 2636 1974 2967 2835 2638
582 1284 1806 2432 361 964 1923 2410 168 2906 359 1960 1883 1109 1383
755 2812 1424 777 164 2877 1142 2593 1745 2567 514 2606 581 2139 2909 2524 1817 2318 2484 770 372
852 475 1356 1286 2383 1065 1774 718 1333 1299 2500 2210 1976 1418 1325
529 2609 2400 409 2989 2337 223 237 2624 2619 528 2322 2621 2987 482 2627
614 75 345 1467 494 136 1634 1006 2368 585 1348 3003
673 1708 2878 940 571 2698 81 1371 2377 1175 974 2938 394 2433 1952
377 3070 840 1499 1087 201 1497 2610 1008 984 1310 2178 1170 1614 1173 1302 155 2701
2118 927 1479 567 1763 750 2323 2778 566 1846 2352 221 2442 1709 2324 349 885 1447
2736 1030 1019 2338 1342 2503 716 818 1637 2286 504 2969 1956
200 1622 2376 2239 978 1543 2696 1754 771 968 1074 942
160 1560 119 881 2299 3015 2227 2769 393 1140 1288 2419 2986 2298
1149 1899 1934 1120 1091 2821 536 2639 170 1072 491 520
555 2662 1311 1740 1138 2966 1459 721 551 2514 1913 1205 230
645 799 869 78 1685 1509 2089 1703 180 690 1230 1254
762 933 460 904 1369 1759 2140 1344 2331 1830 899 2516 1312 2245 912
2645 859 639 1778 894 1349 2475 523 2944 1805 339 484 2904 1587 1951 1225
100 123 832 542 816 1435 2972 2980 194 1396 955 736
477 537 948 874 2988 233 1524 731 1656 763 1628 2824
953 324 616 2458 1126 2702 1873 1466 2024 1319 378 1678 2364 1906 1890 511
1905 3072 877 829 338 1732 901 2533 1649 1041 1198 228
1749 1757 547 602 79 2520 1993 2087 318 2015 227 1734 1099
1606 1118 1407 1101 1049 2398 916 1808 1639 1644 909
1384 2748 1025 470 455 2898 1940 2587 1351 2187 1630
74 85 185 2017 1876 2085 246 1321 1746 1483 2040 2692 1764
2805 260 442 2884 698 1283 871 1135 584 498 445 258 2796 776 1058 583
2811 758 1052 99 177 176 3048 2497 2293 1828
915 61 501 1503 1522 1588 667 630 2913 2885
634 691 2752 1345 1990 2871 2184 1821 1623 1575
1731 2930 1886 70 835 1064 2964 1541 2238 317
804 1462 1163 216 2935 764 57 1538 879 198
1050 244 522 1981 2380 1748 1632 1998
2538 496 203 1121 1086 1123 2165 626 1518 540 1738
1399 1513 674 794 2453 796 2463 1719 116 2831 1113 286
633 1100 561 606 654 2501 1978
2798 2371 1545 190 1607 2493 306
161 2809 287 982 1431 1076 2033
768 122 2780 86 2341 2428 2231 618
775 853 428 2188 825 993 2482
106 1714 1688 250 723 2770
945 115 1093 699 671
376 903 2303
1018 1125 112 1024
774 1016
351
