0 1 15 65 80 81 154 179 180 181 189 201 243 244 326 328 356 357 523 542 543 578 579 694 695 874 885 929 930 1076 1077 1084 1085 1121 1122 1570 1571 1594 1595 1694 1695 1788 1789 1803 1804 1834 1835 21 58 1152 1553 1585 17 240 1151 1156 14 422 689 2119 2120 2121 2122 2651 2652 2655 2656 2675 2676 2679 2680 2681 2682 2685 2686 2693 2694 2697 2698 2195 2197 2630 2913 2932 2933 2938 2939 2950 2951 2196 2198 2928 2929 2934 2935 2946 2947 23 1858 2099 2257 2258 2274 2275 2299 2300 2259 2260 2276 2277 2301 2302 26 3030 3033 3035 3050 3051 3036 3038 3052 3053 3056 3062 3063 3064 3065 3075
2 3 116 117 118 119 157 158 159 160 235 236 452 453 508 509 524 525 532 533 548 549 598 599 646 647 704 705 734 735 746 747 748 749 754 755 901 902 11 57 86 87 292 379 409 415 482 516 741 880 987 1027 1058 1097 1134 1137 1146 12 88 89 293 380 410 416 742 881 988 1028 1059 1098 1135 1138 1147 1154 1157 1158 1240 1241 1288 1392 1443 1478 1507 1522 1533 1544 35 36 1897 1898 2127 2128 2476 2477 2549 2550 2609 2610 2649 2650 2703 2704 2705 2706 2707 2708 2715 2716 2717 2718 2721 2722 2723 2724 34 1927 2155 2488 2563 2613 2633 2802 2803 2806 2807 2808 2809 2810 48 1991 2233 2508 2581 2621 2986 2987 2988 2989 2990 2991 27 1853 1859 2014 2051 2060 2077 2092 2097 2473 2474 2523 2528 2535 2536 2545 2546 1855 2102 2547 2588 2595 2600 2601 2602 2607 29 2103 2624 2625 2626 2627 2628 2629 24 2248 2265 2290 2307 2314 2319 52 56 3031 3032 3055 3060 3073 3074 3077 3078 55 3026 3029 51 3059 53 3076 54
4 5 120 121 124 125 148 149 152 153 156 161 182 183 186 187 202 203 204 205 294 295 296 297 381 382 383 384 534 535 536 537 612 613 614 615 262 264 367 369 435 436 497 510 16 82 83 265 267 370 372 437 438 931 932 1078 1079 1086 1087 1123 1124 1196 1198 1216 1218 1238 1239 1356 1357 1470 1471 1489 1490 1520 1521 1193 1195 1213 1215 1236 1237 1354 1355 1468 1469 1487 1488 1518 1519 1885 1886 1887 1888 2123 2124 2125 2126 1969 1971 2199 2201 1970 1972 2200 2202 1861 1862 1863 1864 2035 2036 2037 2038 2043 2044 2045 2046 2073 2074 2075 2076 2261 2262 2270 2271 2303 2304 2263 2264 2272 2273 2305 2306
6 7 59 60 110 111 112 113 114 115 221 222 444 445 478 479 495 496 530 531 554 555 682 683 728 729 743 744 750 751 846 847 870 871 899 900 924 925 25 1549 1854 2098 2320 2321 2322 2334 2335 2350 2400 2423 2440 2457 2470 2471 2472 20 1547 1548 1550 1551 1552 1596 1597 1648 1738 1767 1790 1819 1842 1843 1852 8 61 366 397 402 489 865 993 1026 1057 1096 1127 1136 1145 85 84
62 63 143 144 145 146 172 173 174 175 197 198 199 200 256 258 259 261 282 284 285 287 373 374 375 376 385 386 389 390 710 711 712 713 857 858 206 1186 1190 1877 1879 2105 2107 2324 2352 2384 2385 2430 2431 2443 2444 2468 2469 1185 1189 1878 1880 2106 2108 2323 2351 2382 2383 2428 2429 2441 2442 2466 2467 1150 1161 1162 1167 1168 1226 1284 1358 1359 1456 1457 1479 1480 1514 1515 1165 1166 1171 1172 1227 1285 1360 1361 1458 1459 1481 1482 1516 1517 28 1882 1883 1925 1926 2117 2118 2160 2161 2701 2702 2767 2768 2777 2778 2795 2796 2815 2816 2885 2886 2901 2902 2905 2906 1960 1962 1961 1963 1860 1865 2027 2028 2047 2048 2065 2066 2029 2030 2049 2050 2067 2068
70 71 72 73 192 193 194 195 336 338 339 341 403 404 405 406 447 448 449 450 574 575 576 577 632 633 634 635 714 715 716 717 1187 1556 1557 1576 1577 1592 1593 1734 1735 1749 1750 1778 1779 1805 1806 1188 1558 1559 1578 1579 1736 1737 1751 1752 1780 1781 1807 1808 1386 1387 1413 1414 1450 1451 1493 1494 1384 1385 1411 1412 1448 1449 1491 1492 2657 2658 2661 2662 2663 2664 2667 2668 2669 2670 2673 2674 2687 2688 2691 2692 2001 2003 2230 2232 2948 2993 2994 3009 3010 2000 2002 2229 2231 2949 2995 2996 3011 3012 1987 1989 2221 2223 2919 2957 2959 2977 2979 1988 1990 2222 2224 2954 2956 2974 2976 2019 2020 2021 2022 2056 2057 2058 2059 2253 2254 2282 2283 2255 2256 2284 2285 3034 3037
94 95 96 97 544 545 546 547 18 1155 1159 1191 1205 1219 1221 1223 1352 1441 1472 1531 1534 1545 19 1160 1192 1206 1220 1222 1224 1353 1442 1473 1532 1535 1546 1689 30 31 2671 2672 46 2638 47 43 1964 2190 2497 2570 2618 2914 2916 2917 2918
122 123 142 147 150 151 283 286 266 371 1566 1572 263 368 1561 1567 1225 1248 1249 1246 1247 37 2608 2799 2823 2824 2835 2836 2847 2848 38 2827 2828 2839 2840 2851 2852
126 127 128 129 130 131 102 103 408 485 486 888 1043 1044 1092 1093 2330 2331 2353 2354 2424 2425 2449 2450 1210 1212 1297 1298 10 100 101 362 363 492 493 1041 1042 1082 1083 1119 1120 2129 2130 2131 2132 2653 2654 2739 2740 2743 2744 2745 2746 2749 2750 2753 2754 2757 2758 2167 2169 2829 2830 2841 2842 2166 2168 2833 2834 2845 2846 2249 2250 2278 2279 2251 2252 2280 2281 3044 3045 3046 3047 3068 3069 3070 3071
132 133 134 135 166 168 169 171 393 394 395 396 411 412 413 414 446 451 556 557 558 559 584 586 587 589 624 625 626 627 780 781 784 785 255 304 308 1562 1563 1568 1569 1614 1615 1653 1654 1786 1787 1801 1802 1832 1833 305 309 1564 1565 1616 1617 1655 1656 9 98 99 272 274 358 359 490 491 522 1049 1050 1072 1073 1117 1118 275 277 1051 1052 1074 1075 1889 1890 1891 1892 2725 2726 2729 2730 2733 2734 2737 2738 1933 1935 1932 1934
136 137 138 139 140 141 310 312 314 511 521 311 313 315 1229 1262 1263 1228 2611 2612 39 2645 2805 2813 2855 2857 2859 2863 2865 42 2812 2870 2884 2888 2908 2910 49 2911 2998 3006 3022 3024
162 163 176 177 364 365 454 455 456 457 600 601 602 603 1618 1619 1683 1684 480 1202 1204 481 1199 1201 1207 1209 32 33 237 238 298 299 494 853 854 1047 1048 1070 1071 2695 2696 2699 2700 2731 2732 41 773 2811 772 2858
164 165 184 185 440 441 442 443 580 581 582 583 330 2238 2239 327 331 2240 2241 22 1554 1586 1622 1623 1687 1688 1691 1773 1796 1845 1620 1621 1685 1686 1690 1772 1795 1844 1008 1009 1010 1011 1907 1908 2555 2556 2759 2760 2775 2776 2793 2794 1951 2569 2883 2887 2909 1950 2568
167 170 227 228 229 230 674 675 676 677 878 879 469 1153 1574 1584 1590 1650 1716 1717 1761 1762 1837 468 1573 1583 1589 1649 1714 1715 1759 1760 1836 1366 1367 1431 1432 64 949 950 1016 1017 1884 2116 2475 2548 2636 2637 2639 2640 2641 2642 2643 2644 2800 2801 2804 2013 2243 2510 2583 50 2012 2242 2509 2582 2999 3007 3023 3025 45 1973 2207 2506 2579 2915 2953 2967 2981 2983 44 1974 2208 2507 2580 2952 2966 2980 2982
191 196 211 212 213 214 231 232 233 234 288 289 290 291 782 783 1230 1393 1508 1231 1394 1509 1591 933 934 935 936 1130 1131 1132 1133 2565 2567 2825 2564 2566 2826 2571 2573 2958 2572 2574 2955
207 208 209 210 316 317 318 319 387 388 423 424 425 426 608 609 610 611 636 638 639 641 698 700 701 703 306 307 1045 1046 1094 1095 1173 1174 1179 1180 1232 1233 1452 1453 1483 1484 1177 1178 1183 1184 1234 1235 1454 1455 1485 1486 2924 2925 2944 2945 2920 2921 2940 2941
215 216 217 218 245 246 247 248 300 301 302 303 337 340 585 588 1268 1269 1587 1874 1875 1958 1959 2086 2087 1747 1748 848 849 850 851 945 946 947 948 2843 2844 2502 2504 2972 2973 2503 2505 2968 2969 2543 2544 2541 2542
223 224 225 226 257 260 662 663 664 665 863 864 875 2325 2386 2387 2421 2422 66 951 952 1018 1019 67 953 954 1020 1021 1943 1945 1942 1944 2100 2530 2539 2540 2101 2529 2537 2538 2308 2309 3057 3058
268 269 270 271 526 527 528 529 637 640 666 667 668 669 856 1002 1003 2109 2363 2364 2388 2389 2432 2433 1182 1642 1643 1720 1721 1784 1785 1211 1315 1316 1382 1383 1462 1463 2147 2148 2149 2150 2689 2690 2770 2771 2772 2773 2173 2175 2837 2172 2174 2838 2213 2215 2214 2216
320 321 322 323 628 629 630 631 894 895 896 897 439 1286 2328 2329 434 1872 1732 1733 1811 1812 1822 1823 1722 1723 1745 1746 1815 1816 249 1197 78 79 69 391 765 2930 2992 2931 2997 2978 2975 1866 3061 3066
332 333 334 335 566 567 568 569 590 591 592 593 699 702 830 831 832 833 1176 1708 1709 1765 1766 1776 1777 1175 1706 1707 1763 1764 1774 1775 1327 1328 1370 1371 1439 1440 1208 1325 1326 1368 1369 1437 1438 2492 2494 2646 2871 2873 2491 2493 2874 2876 2942 3000 3002 2943 3003 3005 2526 2527 2524 2525
342 343 344 345 670 671 672 673 890 891 892 893 838 839 1651 329 2112 1604 1605 1712 1713 1755 1756 1323 1324 876 353 2741 2742 2769 2774 2936 2937
346 347 348 349 512 513 514 515 604 605 606 607 889 1581 2381 498 766 1813 1850 1339 1340 1429 1430 1337 1338 1427 1428 392 501 1030 1104 1149 2683 2684 2747 2748
398 399 400 401 417 418 419 420 517 518 519 520 594 595 596 597 1870 1871 1873 104 105 407 487 488 350 352 1039 1040 1080 1081 1194 2133 2134 2135 2136 2163 2165 2162 2164
429 430 431 432 706 707 708 709 915 916 917 918 981 982 983 984 1170 1634 1635 1743 1744 1826 1827 1169 1632 1633 1741 1742 1824 1825 1266 1267 1301 1302 1401 1402 1264 1265 1299 1300 1399 1400 1909 1910 1911 1912 2665 2666 2735 2736 2877 2878 2881 2882 3008 3013 2069 2070 2071 2072
458 459 460 461 618 619 620 621 911 912 913 914 1376 1377 855 767 278 2143 2144 2780 2781 2782 2783 2926 2927 1868 2090 2286 2287
462 463 464 465 678 679 680 681 736 737 738 739 1242 1243 884 1164 1669 1670 1667 1668 1311 1312 13 90 91 2514 3015 3016 2513 3017 3018 2533 2534 3067 3072
470 471 472 473 724 725 726 727 1560 1580 1582 1881 1163 1217 2659 2660 2755 2756 2761 2763 2764 2766 2785 2787 2788 2790 2817 2818 2821 2822 1856 1869
474 475 476 477 562 563 564 565 1876 1965 1966 2004 2005 840 841 251 826 827 834 835 1214 1419 1420 1919 1920 2151 2152 1941 2181 2890 2891 1940 2180 2892 2893 2922 2923 1867
538 539 540 541 570 571 572 573 1644 1645 1675 1676 1692 1693 1646 1647 1677 1678 253 354 250 351 2709 2711 2712 2714 2779 2784 2819 2879 2896 2897 2820 2880 2898 2899
550 551 552 553 654 655 656 657 684 685 686 687 2008 2009 1244 1245 1588 1600 1601 1663 1664 1820 1821 273 1317 1318 1464 1465 822 823 1053 1054 1099 1100 1111 1112 2895 2900 2585 2584 3043 3048
642 643 644 645 720 721 722 723 872 873 1952 1953 1004 1005 239 977 978 998 999 2719 2720 2751 2752 1999 2235 2237 3001 1998 2234 2236 3004 1981 2217 2219 2963 2965 1982 2218 2220 2960 2962
648 649 650 651 730 731 732 733 882 883 1956 1957 1555 1575 279 1388 1389 1423 1424 1343 1344 975 976 1006 1007 3014 3019 2971 2970
658 659 660 661 690 691 692 693 1345 1346 1270 1271 1347 1348 776 777 859 860 778 779 861 862 2141 2142 2189 2617 2188 2616
903 904 905 906 898 919 1276 1277 1851 499 1696 1697 1203 1512 1513 688 1105 1106 2515
907 908 909 910 1899 1900 2084 2085 1901 1902 804 805 806 807 2478 2479 2480 2481 2762 2765 2171 2562 2867 40 2170 2561 2814 2856 2866 2868
920 921 922 923 926 2093 2094 1287 1378 1379 1630 1631 1848 1849 1628 1629 1846 1847 877 483 764 959 960 1128 2786 2789
178 188 190 241 280 281 427 428 433 503 718 719 740 886 887 1305 1306 502 1307 1308 1661 1662 500 786 787 812 813 1029 1060 1143 1148 2482 2483 2791 2792 2797 2798 2490 2869 2489 2860 2864
219 220 242 377 378 560 561 617 753 155 2114 252 254 355 1903 1904 1905 1906 2849 2907 2850 3039 3041 3040 3042
324 325 652 653 745 752 824 2111 2113 2426 2427 2451 2452 616 1652 1289 2710 2713 3020 3021
466 467 696 697 825 2104 2184 2185 2203 2204 1954 1955 1278 1279 1425 1426 842 843 937 938 1144 1913 1914 2158 2159 1997 1996
622 623 852 2031 2032 2006 2007 2033 2034 1665 1666 1390 1391 360 1313 1314 820 821 1033 1034 2593 2594 2591 2592
1433 1434 1435 1436 1608 1609 1673 1674 1793 1794 1602 1603 1797 1798 108 109 756 757 1064 1065 1066 1067 2677 2678 2889 2894 2623 2622 2912 2078 2079
2110 2137 2138 2191 2192 2310 2311 1967 1968 1612 1613 1702 1703 1840 1841 1610 1611 1700 1701 1838 1839 1335 1336 1364 1365 1525 1526 1000 1001 421 768 769 941 942 986 2557 2558
2244 2245 2266 2267 2010 2011 1291 1292 1293 1294 1351 68 106 107 1014 1015 1068 1069 2587 2586 2598 2599
2315 2316 2095 2096 1258 1259 1321 1322 1260 1261 939 940 1061 1139 1140 1939 2179 2872 1938 2178 2875
2332 2333 2355 2356 2268 2269 2312 2313 1799 1800 1181 276 1523 1524
2336 2337 2357 2358 1657 1658 361 1497 1498 1200 1362 1363 1088 1089 1090 1091
2340 2341 2365 2366 2403 2404 2115 2317 2318 1626 1627 1624 1625 1319 1320 1409 1410 1395 1396 796 797 1103 2605 2606
2344 2345 2361 2362 2407 2408 2342 2343 2359 2360 2405 2406 1638 1639 1728 1729 1636 1637 1726 1727 1380 1381 800 801 802 803 816 817 818 819 955 956 957 958 2831 2832
2348 2349 2377 2378 2205 2206 2246 2247 1710 1711 828 829 836 837 1012 1013 1915 1916 1949 1948 2025 2026
2369 2370 2394 2395 2411 2412 2338 2339 2401 2402 1724 1725 1730 1731 1397 1398 1372 1373 1407 1408 790 791 967 968 973 974 989 990
2373 2374 2390 2391 2419 2420 2346 2347 1814 1830 1831 1718 1719 1405 1406 1309 1310 1403 1404 963 964 965 966 994 995 996 997
2379 2380 1698 1699 1640 1641 1349 1350 484 810 811 866 867 985 2496 2903 2495 2904
2398 2399 2415 2416 2139 2140 2186 2187 1681 1682 1679 1680 1256 1257 979 980 1979 1980
2434 2435 2460 2461 2193 2194 1740 1598 1599 1739 1466 1467 1333 1334 1055 1056 1101 1102
2438 2439 2464 2465 2326 2327 1753 1754 76 77 1415 1416 1107 1108 2577 2578 3049 3054
2447 2448 2371 2372 2445 2446 2458 2459 1817 1818 1809 1810 504 505 506 507 1923 1924 2063 2064 2295 2296
2455 2456 2375 2376 1606 1607 1252 1253 1417 1418 1250 1251 971 972
2367 2368 2392 2393 2409 2410 1282 1283 1280 1281 969 970 991 992 1109 1110
2396 2397 2413 2414 1671 1672 1254 1255 1341 1342 760 761 762 763
2417 2418 1704 1705 1274 1275 1272 1273 808 809 844 845 1129 1921 1922 2985 2984
2436 2437 2462 2463 1659 1660 1303 1304 92 93 814 815 1113 1114 1937 1936 1857
2453 2454 1770 1771 1768 1769 1290 1444 1445 792 793 794 795 2615 2614
1757 1758 1331 1332 1329 1330 758 759 1947 2183 1946 2182 2052 2053 2516
1782 1783 1828 1829 1421 1422 1295 1296 770 771 2486 2487
1791 1792 1374 1375 1460 1461 798 799 2145 2146 1983 2211 2964 1984 2212 2961 2039 2040
1446 1447 1542 1543 1536 1537 1031 1032 1037 1038 1141 1142 2484 2485 2559 2560 2512 2511
1476 1477 1529 1530 1474 1475 1527 1528 943 944 1062 1063 1893 1894 2498 2499 2531 2532
1501 1502 1495 1496 1503 1504 774 775 2553 2554 2727 2728 1931 1930 2061 2062
1505 1506 1499 1500 927 928 1895 1896 74 75 2288 2289 2297 2298
1538 1539 1540 1541 788 789 2647 2648 1993 1992 1975 1976 2091
1510 1511 868 869 2551 2552 2575 2576
961 962 1022 1023 1024 1025 2015 2016 2080 2081 2517 2518 2017 2018 2082 2083 2589 2590
1035 1036 1917 1918 2153 2154 1929 1928 2226 2225
1115 1116 2632 2631 1977 2500 2522 2519
1125 1126 1995 2228 2209 2210 2024
2156 2157 2177 2862 1994 2227 2596
2635 2853 1978 2501 2620 2088 2521 2520 2597
2854 2861 1985 2023 2054 3027
2176 2634 1986 2089 2055 3028
2619 2292 2294
2041 2042 2291
2603 2604
2293
