585 557 461 2663 786 1235 1888 2128 1886 2126 2669 2687 2670 2688 1357 1044 1089 1043 1088 312 926 295 2200 2202 1964 1656 692 1688 1962 2239 657 150 249 691 1280 727 1997 250 2928 2929 2629 1232 1009 2396 351 352 2920 1450 1451 1485 1999 71 2993 2994 3013 2049 1422 1486 277 278 2241 70 2940 3014 3036 3039 2048 2254 2255 105 2651 726 1171 1183 1184 2941 2253 2256 2029 2287 140 1172 1863 1866 2050 2051 7 2027 2028 2030 2288 2286 2289 3037 3038 1864 3030 1865 1854 2102 3059 2
582 460 457 1593 2351 2357 2371 1952 2190 1262 1504 1123 2420 1025 429 484 1937 1145 2492 1252 849 2565 2173 1120 1658 255 483
223 262 686 784 861 874 912 886 890 898 906 894 181 1298 1372 1360 1378 2137 2340 2344 2336 1225 1903 803 2348 608 151 558 1755 1743 242 677 1751 697 1023 929 1759 466 1662 2541 1686 470 1668 1676 1680 1273 491 2605 2021 2538 186 438 1259 1265 2041 2284 1747 2020 2537 1019 1382 2542 2463 1241 2040 986 1666 1765 454 659 995 1005 304 1368 2017 2283 2459 1386 621 991 2272 2467 1590 1255 1247 1281 2604 2032 2267 2033 2268 2014 2544 2602 2265
183 599 780 121 1463 1440 1528 1537 1498 2411 2248 2407 2421 2004 688 2419 1545 745 793 1712 714 1728 162 627 2094 1428 66 2526 1424 2068 1408 2453 2466 1720 637 2294 1393 235 1702 1716 2597 2626 2061 2312 2432 2532 1521 2089 2308 2522 776 2078 2517 1405 2295 2590 1412 1736 2091 2529 2594 2052 2257 2034 1354 2269
418 561 684 858 1651 1649 2803 2804 2647 1557 210 1766 698 1599 1768 1796 607 2124 2998 2999 3018 3019 2342 1510 2702 2536 2242 2243 2711 1568 2991 287 2713 2159 2805 51 2701 421 21 3026 2806 1 2252 45 28 0 9 55 4
614 788 859 882 908 1245 455 2093 1870 1877 78 192 360 384 626 2790 2509 2557 1750 1849 2525 1053 1132 605 1906 1742 1620 2744 1754 239 674 2140 2339 1092 2482 2016 2606 1777 2592 2997 3049 446 977 1356 1566 1586
248 587 2329 866 1390 403 143 1324 1517 1177 804 297 733 805 1985 337 1046 452 1388 1059 2729 3045 3029 1246 265 704 1899 1082 1943 2181 2223 2875 2891 332 1452 1479 1481 2880 2896 2070 3069 2971 2101 3056 732 490 1248 1322 1861 447 2135 1091 307 399 2129 2704 1449 1484 441 2306 2751 75 356 2738 2746 477 1454 2300 2959 2979 1165 2963 2037 2045 2263 1856 1868 895 983 2757 1515 2903 1897 1949 2179 141 2848 2280 2076 728 723 1979 2213 1161 1173 3053 3033 3042 148 1126 2385 404 1180 2024 2275 1150 1168 3065 2667 2985 2245 48 24 2057 2031 8 2266
238 603 419 136 197 67 715 165 640 2325 1396 1437 1253 1394 1425 1429 1409 559 116 909 2209 1987 785 1826 696 897 2481 1834 1690 1910 1416 1693 1711 1420 889 1772 2520 2498 1800 2610 1709 2575 2082 1362 2035 1625 1816 2055 2244 2079 2088 2515
2672 753 2654 2696 2630 424 313 125 536 1574 228 1560 2958 706 2659 2930 2628 703 2671 3048 705 2625 1169 72 725 1181 393 2913 3021 2665 1862 1159 661 1867
2678 456 270 2684 2666 2632 1351 1371 349 311 293 1660 1684 2617 3006 3000 2780 473 719 498 2770 1552 2099 3058 3031 1858
219 2690 2369 1319 1313 2900 1663 888 2888 2681 2893 1274 1501 436 2451 2341 1764 1107 281 843 1915 845 212 1495 1639 838 836 1114 1194 3072 1112 1580 2464 2063 1634 1101 1513 1811 1831 2382 198 2788 3064 525 1506 1182 2791 425 1221 1202 720 73 2794 464 532 1873
273 272 2361 1299 1345 1347 2856 1439 817 839 829 779 152 1719 915 1705 905 2576 1894 2580 397 1156 1406 1585 52 26
628 134 617 634 173 513 84 709 597 1300 1348 871 1336 1234 1304 1320 1328 1344 2315 2434 1435 2080 2468 2472 954 655 147 109 202 1401 932 1415 1431 1411 509 918 790 1397 1589 936 2450 2437 1631 951 958 1614 1605 2083 955 1647 937 2534 1632 2455 2530 2084 1621 1635 971 2087 974 2318 670 981 1606 1628 948 791 2062 2296 2297 2524 2516 2054 2259 296 1622 60 984 941 2595 1644 2044 2262 741 2077 2314
620 1233 601 1333 2693 1361 1369 1379 1383 1365 1353 853 893 207 1021 989 2207 578 1971 2388 993 997 1994 2392 2511 579 2539 588 2019 119 1007 2232 2584 2022 927 2698 1832
1309 1311 1288 2350 2862 1147 1094 650 573 92 554 846 963 1787 155 2501 796 2591 2026
495 2658 2379 2852 1954 2192 2495 33 2568 1683 910 1349 2872 2908 2910 98 2810 1375 1350 2331 767 2387 766 2423 2470 2471 479 913 171 652 2732 1955 2709 911 2477 2496 2193 99 798 2952 409 2717 1843 2550 1773 1790 1974 2503 2204 2871 1548 1836 463 1547 2320 2699 170 1601 2380 343 260 1030 1064 1065 1140 2569 319 1131 2721 717 770 773 2909 1549 1551 2966 2980 1855 2321 14 956 370 2849 261 1029 1130 1139 1447 1472 1522 1533 1550 772 2887 2907 2545 1154 1155 1157 2982 385 2440 38 408 317 718 771 2047 1151 2098 342 13 32 1853 3076 46 2601 2473 396 2096 2599 2528 2588 23 34 3 36 2307 31 41
2878 2184 904 1327 1677 2838 1325 713 2866 2682 2876 1418 1340 1446 1541 1203 2138 2235 2316 1024 855 414 146 2689 928 2706 430 1775 344 77 1032 1847 190 2879 797 816 450 1031 1619 2743 423 1771 1338 1617 85 2881 721 2978 2556 379 1756 1444 1445 2205 1704 1539 2589 1163 2992 366 3027 225 623 437 2189 1774 1170 2110 233 2841 2926 1199 1443 2786 1571 386
2884 1956 1343 896 1681 1341 65 2844 2868 2676 2892 1434 1531 530 1477 1532 2081 1212 2009 1904 523 1134 943 1034 690 2655 306 945 3044 288 812 2506 1208 91 1529 810 1609 159 1799 531 475 2764 1760 2543 3012 336 2527 2533 2326 158 1068 2735 1475 1432 1706 520 1366 3043 3066 243 2763 533 323 528 3077 2944 2973 600 154 1596 240 1135 1036 1070 1530 2972 2759 2967 1871 3002 2383
2652 2832 2850 2799 1260 1176 1403 1433 416 1876 643 1581 286 2750 2727 331 2831 2749 1575 1616 2843 209 357 2755 1561 3075 431 3035
1289 1290 863 860 1648 420 2649 2802 2801 1269 1242 1271 372 1524 1244 644 1543 1192 17 1474 1222 1206 1442 1542 1523 1191 138 1441 371 646 1851 153 453 707 739 2724 1146 789 959 957 830 269 88 1062 1128 1718 2953 2981 2715 824 2795 1893 2476 253 1027 1991 2319 2607 2203 1553 1149 1739 2700 2635 204 2123 139 1912 2142 2487 1136 2508 2581 1473 1837 1844 1973 2502 2579 2097 2718 2775 184 2986 2987 2988 1205 1220 1583 2983 3060 3078 2808 1370 1623 1544 2708 2549 2560 2225 1767 1795 2546 394 2921 1187 1189 2712 2714 2722 2793 1925 2488 2561 2990 1219 1567 3032 44 37 50 2648 2809 56 2731 22 54 29 18
2373 1315 1307 2359 1471 1502 2947 2439 2452 501 931 180 241 1022 1827 783 2558 2115 1615 2656 3023
2188 1339 1950 1331 1417 2008 2234 1017 856 174 97 611 635 827 2716 1096 1758 1624 268 2343 2609 187 1721
2812 2660 1928 2168 864 1297 1295 2353 2355 1930 2170 2833 2845 2834 2846 12 2822 537 1279 768 2349 738 2426 2427 2447 2347 571 280 2238 2756 2151 1947 2417 1917 572 1276 1918 923 1998 2932 2765 112 2445 2933 1448 2424 2874 737 1919 2153 1419 2800 2425 2446 1483 1963 2201 2448 2768 2789 2995 2996 2378 538 2346 2384 113 769 1920 2154 2657 1186 2817 2199 2240 2766 2787 2890 1961 1190 2945 3015 3016 1872 2111 2112 2114 1996 1179 1277 998 2376 2863 2152 2177 2646 2322 232 1167 1874 2113 2695 1278 1421 2753 1185 49
1285 1675 1667 1679 1591 1665 916 622 1661 1243 560 1312 1238 1308 1332 1316 854 680 117 1988 2210 1376 1015 118 606 695 1054 1133 1142 662 1358 2505 675 1380 979 2572 1093
1287 631 120 2905 992 368 279 1108 953 3024 203 1258 1535 1710 815 1573 2936 1817 2555 934 1821 2405 467 552 1724 2931 2583 1520 185 1214 2960 1741 2642
2821 2694 2894 2807 1256 1399 226 1459 724 2311 965 205 540 2942 2889 2390 1175 2785
2826 884 2365 1303 163 1669 1305 2858 2675 2877 1266 1211 1509 1395 1497 2415 2408 2345 917 962 842 1407 462 648 833 1630 563 274 1643 2145 474 81 2150 967 1744 2219 1499 200 1106 1732 2292 2394 2230 2730 2782 2103 2939 2143 2282 1398 1823 2217 2943 1213 551 2977 1210 137 2148 320 2792 1215 489 2747 422 3010
1932 2162 870 872 1653 1655 2816 246 1934 2164 2827 2839 2828 2840 850 781 1000 519 415 413 852 378 604 1052 671 669 2631 602 1889 2158 310 1592 1922 1785 1051 529 1803 1784 309 1801 374 400 1804 3008 668 2119 1002 2680 401 1078 1079 518 2685 333 361 2769 2779 398 2156 1782 2965 3001 373 1001 1003 2121 492 521 2723 142 2679 2686 1924 2000 3009 1049 1050 1077 330 335 359 2771 2781 435 1783 1802 2001 2002 2226 1564 1565 1577 1578 3007 2668 1891 377 516 2662 1748 308 1076 390 2949 2989 358 432 433 434 527 1981 2003 2215 2227 2228 2229 1563 1579 3003 3004 3040 2053 2260 27 1645 1746 1576 2258 1745 1562 1734 526 2951
1940 16 2166 2489 687 689 880 1657 878 2870 2864 2562 2634 2860 2813 124 1231 1503 1546 499 685 758 220 760 206 230 751 6 388 543 672 221 673 761 759 2710 1594 775 231 778 448 2060 2645 1100 2290 389 1882 2475 2811 3073 752 2535 524 544 2116 2548 3055 3074 2641 1152 2600 387 1818 2643 5 2644 11 53 35
2327 2491 2564 1936 2172 1685 876 1286 1387 1413 2271 2337 2460 376 658 224 439 189 471 1302 1588 1326 1342 1318 2946 488
1237 1301 1317 122 1284 902 1329 1337 2330 504 127 2422 83 1104 1097 169 881 179 64 2144 1814 1770 1824 133 1914 1037 2483 2552 1989 2211 2500 2705 2086 2523 1798 2577 2085 2593 2036 2279 20
2178 1948 616 1323 1321 2375 2377 2904 2820 1946 2176 25 2883 2899 2882 2898 2664 2650 1391 1249 102 2754 2335 2328 2399 2430 2431 2443 586 294 353 592 485 284 500 502 2136 2707 2134 2661 276 1887 2125 285 2333 283 2397 2075 2224 354 282 589 451 591 103 2305 2281 2127 275 2927 2984 100 1885 1986 2303 1453 1480 2073 2429 2441 2442 2962 3062 2038 2043 2261 590 1389 1514 1516 1898 1984 1896 2222 2734 2741 1455 1482 2428 2444 2938 2970 3050 2046 2278 2633 2733 3052 2264 2703 2742 2968 2851 47
2182 1944 900 1671 1673 1942 2180 630 2861 978 1587 744 208 292 482 346 763 548 2867 1781 267 1780 345 266 2956 2740 1039 2954 2719 2948 1883 1456 1779 2117 2957 2023 493 291 1385 1735 1737 2720 2919 2859 1457 1778 2214 2216 1209 2247 1227 1384 1040 2118 1982 1201 1207 1884 1980 2246 2025 15
2493 2352 1938 2566 1335 1659 2616 2174 1270 1374 683 1118 2360 1951 822 848 355 1738 1749 1763 1612 1148 1757 570 2338 149 1753 625 1905 2139
638 195 236 765 1426 1430 1400 1438 1364 1404 2370 2356 1672 1957 2185 851 750 1012 1820 2531 1733 1703 1977 1828 2366 2066 1717 2454 1725 2090 1691 2619 2433 2276
892 857 782 914 581 1263 1226 1283 1261 1267 2270 2465 459 2015 883 2461 458 468 472 2285 1852 465 1848 2042 2623 887 1646 907 1275 486 1993 469 899 1841 427 1788 2510 787 1761 903 188 1257 2332 1476 2469 891 440 2231
1652 618 862 2906 2853 556 747 756 740 541 666 362 1582 2398 987 584 988 795 826 1028 748 1063 1835 227 321 542 234 757 375 828 89 667 1129 1137 411 104 363 199 410 244 19 43
1239 1687 2614 2381 1230 800 505 2457 1144 1056 263 1014 994 1004 2916 172 710 2277 42
632 86 711 175 636 1240 222 1352 749 1013 574 1355 925 1953 980 2358 1829 2372 2191 1769 799 506 1282 1797
1892 2122 1890 2120 930 101 641 642 901 2105 2107 517 2334 1879 216 961 1968 2197 2819 507 619 1901 1945 1880 2183 2935 2106 2745 1878 298 299 593 2737 2195 2922 2923 2934 132 594 2131 325 364 1966 2897 2108 39
2363 2367 868 1958 2186 547 539 555 194 215 1268 2869 1223 1850 966 213 79 93 649 1067 2636 1626 1109 950 940 970 2615 2611 2653 944 2796 2519 10 1310 30
1650 2613 1505 1478 1508 1512 2386 1969 996 1762 1006 1020 565 575 569 746 1117 157 1141 564 1377 1381 568 1367 1359 1010
1293 1291 1228 1158 2404 1294 681 1458 1493 1490 1467 1217 2323 318 985 595 326 301 383 774 1935 1121 1048 754 1929 2169 237 865 1075 701 381 3057 1518 2830 131 2165 2301 256 699 258 130 1491 369 1488 2823 2835 2072 1869 3028 3034 3041 755 1122 1857 405 402 407 2797 1198 2638 553 2842 1465 2071 496 735 3046 3047 3070 3071 2058 1860 2100 1292 1519 2847 2798 682 2074 2304 2302 2762 2778 1195 3051 3063 40
1462 1410 1218 1164 2402 1611 2362 1008 935 922 869 612 2147 567 1642 580 1990 62 1468 1959 792 949 1637 1402 1641 1110 2187 2212 653 1822 2752 1102 2291 443 2772
1470 1197 1540 135 1436 742 813 1072 947 123 512 2462 1105 952 2389 2293 2109 115 2479 2039 2855
1224 1153 1160 478 2438 2092 814 1055 252 716 182 844 654 57 3011 348 933 1143 2163 2829 2974
1536 126 1527 1346 1654 1069 1038 821 129 428 76 809 820 1708 2485 1722 1976 808 305 90 2218 1730 663 2309 2554
1373 1188 1414 449 1081 1057 1058 1080 1124 867 218 1016 128 2513 2586 2012 245 2777 2824 2761 2836 2640 762 546
1466 1489 2310 1494 730 2104 939 664 503 615 1525 487 700 1900 1193 2976 1204 2540
1697 144 514 160 96 840 334 2914 847 2149 1511 1272 841 2175 2368 834 2401 1689 2683 2298 2692 2146 1116 2596 535 3061
145 2005 2249 2403 2416 1610 639 806 87 164 924 247 712 1618 176 166 960 1636 1699 610 2521 1602 1640 217 832 94 2518
982 2206 2391 613 879 583 2395 156 576 566 1740 2622 873 2603 1752 1970 1555 1569
2412 2435 920 254 825 111 708 877 1251 2198 2559 1559 885 2917 2410 2141 2918 1789 545 2570
510 229 480 651 764 391 494 1902 1461 2691 2674 1066 2726 2507 1045 2059 315 2132 1806 476 2274 1011 722
2456 259 1103 1073 508 731 1095 823 2739 2486 2497 919 1939 2414 1534 1881 2885 2364 2725
314 178 875 168 63 82 802 1913 107 2551 303 1701 58 2449 211 647 1715 2064 2317 2436 1727
801 289 835 382 214 445 2677 2937 1810 1895 1726 990 1819 2969 1809 1723 95 2857 1264 1633 1178
1138 969 734 406 629 339 444 2409 1975 2133 2639 201 2955 1570 1556
1047 68 59 196 1423 973 2620 1923 794 61 1793 80 2418 1166
426 271 1087 562 743 2621 2155 2911 2815 1638 2618 609 1042 577 2612 417 1084 1085 1086 1805 534 2056
193 108 114 2783 2697 2571 1627 921 2512 191 938 2912 106 1875 2007 2776 3025
694 660 656 1119 1334 2637 1600 1595 2095 2013
327 341 161 1682 2728 2006 2925 1714 1115 2504 1098 2478 365 2567 1972 1839 2574 1608 442 380 2825 167 2553 2499
367 702 665 1229 976 1236 975 598 2018 2233 328 300 497 736 1216 1127
693 251 1992 1363 624 1674 1125 2950 2484 2587 1629
2774 2490 2814 1941 2167 2563 2773 2818 302 1061 69 515 999 2627 2474 2865 322 522 1859 2547 329
2736 1427 2250 3017 1018 1071 1526 2673 2273 2767 2760 1254 811 1604 338 1538 340 946 2873 1035 2837 2313 2975 1696 3054 1842 1794 3068 1678 2208 392
2010 2236 2413 831 1469 777 1500 1099 1670 1664 2400 1692
3005 1812 1111 2157 968 1496 1830 412 2011 2406 1825 1916 1314 2374 3067 1392 2901
1907 1909 2065 2854 837 481 2221 1700 1995 1507 1613 1846 511 1113 2067 1196
1250 2964 972 347 2324 2494 1813 633 1776 2160 645
2171 1492 3020 110 2758 1931 1933 1026 1558 1921 1807 316 1808 2130 1572 2748 1833
819 1698 1296 807 2354 1731 177 818 1033 2598
2608 1598 2480 324 350 1729 1908 1695 1713 1090
550 1694 1840 549 2585 2573 1603 2895 1792 676 1330 1791 1174 2582
1965 1927 2624 290 1926 2299 2194 1162 1815 264 1967 2069
2886 1460 2237 2924 1200 2915 942 1707 3022
729 2514 1911 2458 2220 2393 596 257 2961 1487
1978 1306 1060 1607 964 678 1597 1554
1083 2578 1786 2196 679 2161 74 2902
1041 1584 1074 2251 1464 2784 1960 395
1838 1845 1983
