485 351 460 69 532 109 91 251 108 247 216 200 123 1941 1805 1839 1786 2569 383 1507 431 147 311 2179 1475 2511 1274 2615 1992 902 1763 863 1262 1258 2494 916 2226 1734 1244 874 1234 1789 2356 1850 1270 1969 1849 906 2582 270 1023 991 2381 886 1256 1370 890 1266 1737 2538 1444 1846 2203 2393 894 1515 1808 1842 2389 2394 1019 1511 2383 2390 988 682 2016 2539 799 868 995 933 2206 1688 2017 1005 1972 1415 2272 2283 2036 2271 2020 2014 2536 2021 2284 2265 2037 2606 10
665 1243 2717 399 597 288 290 416 284 272 262 517 711 616 294 490 562 572 0 60 271 370 528 1547 1549 1551 1958 2188 1937 2171 1205 2490 2563 2495 1845 1221 1302 1683 1017 1658 439 1758 153 590 1596 2659 1242 2564 2872 910 1347 664 718 2716 797 883 1015 2718 2870 1813 1889 2120 2475 2476 2550 3075 107 1503 1100 2720 795 2535 1099 2290 434 2635 2654 1441 1473 1534 1836 1522 2706 2715 3027 798 390 1436 626 195 1069 1037 881 719 2119 258 500 1890 2863 2904 156 1038 1068 1128 1137 1138 1790 2060 2600 3020 2705 2713 2714 2719 534 2857 2859 2865 735 750 751 771 2900 2908 2992 3024 3073 1767 2247 2510 18 912 796 2855 2805 2652 193 2707 690 2549 1129 53 2009 1177 446 772 773 2910 3076 1548 1191 1219 3006 34 1597 2661 463 2711 708 2587 273 491 734 2248 2601 3022 3055 37 3 44 2867 770 2039 2545 14 35 2 11 49 1853 3026 2519 2588 2473 2307 2530 3028 51 3059 3058 26 52 54 2077 2314 2595 2102 3031 55 2090 1855 21 24 2098 27 1858
158 269 441 596 674 2150 1714 1700 1679 1667 148 2103 459 1970 1788 1079 1446 1841 1063 2148 2838 1517 2391 392 2019
1237 683 110 150 314 432 384 488 331 473 2042 2604 901 1269 90 1265 250 1761 1755 219 1764 68 242 1741 878 871 2629 1277 1356 2464 2028 2603 59 1352 897 1765 2288 1747 857 905 1382 911 784 2387 889 1261 1281 1368 1386 2287 1740 2543 1754 1695 1750 2397 238 1738 885 1255 529 136 1360 1376 2459 2542 877 1247 1746 1760 2267 2468 2041
1245 687 248 662 2212 1583 1771 1982 2574 1759 1326 1091 2999 1144 1145 914 1278 1665 2004 2637 1310 1284 1342 2525 1870 1563 1681
455 518 330 79 565 604 699 456 620 2211 819 1794 1775 2573 1981 2504 1824 1293 2375 811 841 829 1814 1398 1410 2033 1430 1126 2276 1751 2088 2050 2255 1364 1414 2515 2529 1426 2087 2045 2250 2517 2594
308 508 472 569 171 694 714 461 113 1628 1632 1606 1618 2219 2577 1650 924 1602 1030 1977 1009 1101 1119 2408 2054 2263 2025 2243 2412 1381 2516 2528 2280 1077 2500 2384 2518 1295 2005 2057 2086 2089 2593 2258
677 341 217 418 410 87 551 275 494 88 552 276 495 634 220 321 1202 317 1932 2164 2162 354 763 1210 2117 356 764 1010 469 1486 255 688 1462 1204 640 935 1587 1083 1947 2701 1930 1230 372 2827 198 2175 899 1322 1060 1291 154 2118 1463 2828 1059 2880 1782 2767 1082 1801 1411 139 2888 1485 1802 2839 1227 2881 1417 1749 2739 140 557 2173 1883 1884 303 2927 1479 1783 2230 2232 2840 2777 2778 3003 3018 3038 1653 286 727 1692 2812 1949 2646 2800 2817 740 1456 1457 1480 2194 2196 2889 2000 2002 1184 2768 1172 2932 2933 2938 2939 1212 1556 1557 1570 1571 3004 3017 3033 42 1672 1336 268 1354 558 1152 2822 739 2059 17 401 66 316 1965 1967 1165 1171 1862 39 56 192 1166 2056 2257 2260 2038 29 1867 2058 2259 2273 2270 2035 1865 3035 3036 1864
689 487 332 149 313 385 433 186 437 666 564 2557 713 78 693 2149 1660 1911 2480 864 876 1378 1939 1504 2567 2376 2177 606 2348 1752 2492 1742 1756 1477 892 1509 1748 862 705 1290 1762 1413
685 520 130 2401 623 448 77 622 277 1403 1476 2508 1075 1007 1716 2217 1312 2218 2837 2975 1670 956 1717 1046 2377 2324 1493 2233 2836 955 1387 2286 1168 365 2918 2977 334 1593 1217 94 720 306
630 398 190 651 477 587 309 645 256 2599 1407 2527 1952 2367 1395 2192 2297 2371 2275 1300 1363 1287 1112 1639 1980 2093 2353 1344 1000 1643 1308 2499 1108 1320 1609 2438 1031 1328 1419 2576 2063 827 837 898 1621 775 2310 2455 2520 2081 2032 2079 803 815 845 853 2379 1435 2620 1078 1431 2210 2308 2254 781 1595 1627 2523 2091 2049
601 178 179 675 579 260 231 442 322 452 253 458 493 707 230 429 412 610 1390 2814 2821 913 1226 1061 1231 2496 2721 778 915 2565 2899 1297 1289 2189 2871 1130 2440 2643 1027 2325 726 1139 2740 2854 2470 2988 728 2116 2477 2548 2907 2320 2642 2380 646 767 1380 1416 1959 2423 2471 1151 2949 722 732 1882 2909 2321 2641 2645 43 1854 2101 9 25 2632 2951 15
227 185 177 468 624 578 672 642 609 363 1132 1664 2229 1006 1676 2340 996 1020 128 1239 2330 1686 1661 879 1592 1669 1447 2514 2344 1324 1259 1655 1115 936 802 1516 989 1228 2137 1088 1141 992 1373 1668 1677 1053 215 2334 1478 1508 1995 1418 2585 1148 1648 1012 1903 1680 2623
2699 2331 221 168 656 451 514 592 628 1495 581 481 649 188 1468 1536 644 1429 843 307 813 1601 1599 831 2849 2653 1439 851 998 1033 821 1110 1425 1529 1106 1581 1552 1723 1064 1401 1405 1725 1582 2047 4 46 2044 2252 2249 5
668 362 633 239 176 467 577 625 2553 2484 2433 1923 2096 2145 2313 1685 875 2446 340 1267 1657 891 907 895 636 1263 2602 986 887 1271 246 1014 859 2040 903 2027 2465 2460 1518 1008 1671 2266 2541 1412 1241 1257 618 800
591 114 80 566 462 706 605 700 600 1641 1637 2432 1615 2095 2312 2445 631 1002 1288 1638 1307 2291 823 1642 2065 1591 671 1625 1314 1349 1611 1319 1327 1646 1334 1608 2466 1238 1620 1343 2597 2034 2256 2277 2051
510 457 537 315 355 1856 1859 1276 1236 2923 3005 961 1651 1121 2986 1155 1090 2971 2925 3070 3001
2801 543 278 497 196 267 816 1208 1569 2816 1142 2737 2780 2704 1574 3067 1560 2775 2746 3062 3029 2785 2886 2921 2928 1180 1550 47 1863 33 36
298 424 320 358 333 504 345 366 1881 1575 1561 2109 1345 2744 1545 2931 2750 2810 824 2930 2994 2937 3008 1346 1286 2936 30
403 411 194 159 717 440 160 670 259 501 691 709 274 447 492 535 13 349 1769 1792 1586 1844 730 723 729 2562 733 1936 2170 1568 2489 438 1662 400 669 880 647 2668 2365 2866 3060 1852 1131 157 825 716 2869 2700 1908 1062 527 2487 2198 2570 826 919 2665 2337 2336 1147 929 2644 2663 2666 1960 2914 2915 2142 1691 2472 2796 2860 2759 2916 3032 407 2141 1907 2792 2858 3077 1140 833 1626 2811 766 2486 2559 1028 2560 2497 1838 2319 2546 2919 2760 2795 2868 3078 31 834 2366 2802 2797 2798 2097 2607 45 2791 721 1584 38 2776 8 1554
470 464 304 305 435 512 476 449 586 1111 962 1109 1178 757 1929 848 847 846 2345 2847 2770 2434 997 3015 2982 2955 2749 2072 2752 2772 960 2416 1973 1224 1179 3046 702 404 753
310 608 641 474 1169 1458 1260 1175 466 2186 2187 2268 2245 755 2892 2532 2335 1021 2491 2887 2269 1272 3010 934 2399 2709 2807 2108 289 2531 2890 854 612
282 164 201 428 524 660 580 1705 1701 1404 567 2358 2591 169 2362 1715 820 1719 2068 602 1957 2294 1424 1397 1428 697 842 839 792 1735 1409 774 787 805 1698 1689 1724 817 1712 2061 2083 2456 830 135 1357 2316 1304 1392 1656 812 2261 793 2052 835 2278 801 1400 2023 454 2626 1421 2295 2439 2469 2078 2092 389 1728 1732 1433 2533
643 183 680 353 415 478 588 1912 1821 2558 1829 585 2453 938 1797 2084 1330 180 1306 679 1338 2317 2436 244 1283 926 968 791 396 920 2329 1818 475 1630 939 969 983 1590 1546 1634 866 873 953 972 982 1494 2369 927 2481 2522 632 1528 1770 2521 1622 964 1318 1513 2373 2612 254 1467 1543 329 979 1950 2190 2022 2282 2285
191 650 257 444 484 584 2339 2343 1385 1359 1906 2140 1367 1025 858 1379 2143 2323 1351 909 1279 1921 856 893 1375 974 2611 867 2551 471 2482
226 374 613 667 1268 2029 2493 2568 1264 89 1847 2537 67 1254 2013 2178 1806 1851 2616 1652 1225 741 1035 947 3000 1235 1971 2011 2953 1840 1684 249 994 1004 1666 1678 127 1018 1275 1280
173 138 187 70 531 252 92 240 2018 2139 1663 2289 2342 2605 2015 990 530 1905 1675 1366 1149 922 1384 1374 237 2043 2540 855 2338 1659 2512 1353 1134 1358 1143 1993 1361 1682 111 808 184 2138 2227 1296 973 1904 1369 1377 2583 2341 1594 1362 1383 1055 2349 2544 2332
99 100 292 663 533 541 453 542 232 228 229 547 548 539 540 573 574 1935 2161 2107 1898 2132 2160 2333 2300 3063 2702 2351 2429 2441 1878 1880 921 860 2074 2733 1896 2130 2728 2727 2754 2815 2352 652 151 1049 2322 2734 3052 2442 3064 2430 2703 2901 2902 57 2648 2382 2467 2906 1050 1072 1073 2950 2753 3074 1934 102 2076 2301 2302 2428 2885 2106 3050 3053 1116 1510 2073 2075 2299 2443 2444 1877 3051 3065 2905 152 2431 1879 2105 101 32 93 7
172 570 124 695 715 703 2220 2146 2372 2406 1396 1408 1924 2410 595 838 1909 2359 2147 1708 1103 1036 1098 1624 1067 2368 2363 1706 1978 1702
338 346 367 505 1640 1636 1730 2501 568 1399 1492 1726 1303 959 2350 788 2961 3072
326 379 266 593 325 378 752 742 1214 2861 3043 2783 1194 118 2799 2762 2735 74 2786 2729 2773 213 2110 1223 125
405 599 426 582 522 482 65 1102 731 967 1823 1816 1105 1434 2724 1402 1406 2983 155
394 544 391 371 1196 1567 2463 1633 1825 2586 1875 2064 2067 1176 1718 1828 2991 2388 2292 414 789 2209 2804 2806 1211 413 1162 2803 1222 1013 417 2712 516 1026 2993 281 615 293 2561 3007 1565 1 50 621 20
627 163 661 427 525 521 342 129 2361 1305 1469 2454 1317 2357 181 1496 673 635 1910 918 1733 1104 1527 2479 1600 1699 1122 981 1729 678 949 2404 2437 1466 1713 1820 2556 1282 1542 1709 971 2608 1512
629 436 479 445 546 395 545 388 2547 1861 2124 2122 932 780 1440 701 865 2835 1505 1096 2774 2929 1654 2153 758 1693 1524 1785 1472 2633 1644 1048 2657 2647 725 2669 2670 2151 2163 2165 724 2625 2627 526 1127 2197 759 1047 1156 2195 1784 1572 1158 1153 1573 12 41 2656 28
146 145 225 224 336 506 337 507 352 375 137 387 2167 2303 2133 376 120 2114 2128 2126 1996 301 2222 2236 119 1190 2818 58 1042 209 1041 3012 786 2327 361 1872 1874 1183 2450 2417 1891 2071 2069 264 2694 76 2169 323 2354 2675 1123 1117 81 1086 2449 2974 3021 3068 1489 2305 2135 2954 2842 611 978 2224 1044 2687 2830 1164 1043 2688 1984 2425 1450 2424 2112 2997 807 1248 2726 2234 2631 3044 743 619 1092 1087 2664 1391 2813 82 1893 1093 2676 1927 1986 126 2984 1451 1998 2829 2956 2976 2998 3011 3034 3037 1298 1886 1888 2758 2848 2651 2662 61 1490 2745 2751 744 75 2841 2946 1189 1866 2251 408 208 377 754 1163 121 324 2046 6 16 22
84 210 142 560 117 513 2008 2006 496 344 1506 2660 2658 2374 2912 1830 1459 2524 1482 2639 1455 1502 2894 1580 1185
167 480 657 450 515 1940 2592 1309 1089 1745 1329 1200 382 2205 1743 2878 1024 850 2386 1703 1707 1124 350 1721 1249 1445
291 182 681 483 583 638 1994 2513 2584 2228 430 2457 888 884 312 900 2030 1365 2462 1348 1631 908 870 2062 1722 1016 1951 1125 2589 904 1635 2364 1613 2191 1617 2360 684 1519 2296 1273
205 235 141 559 1815 1313 1739 1629 2458 2405 170 1555 1220 2144 840 2403 747 2104 96 2698 2710 2741 1562 1170
134 83 211 556 327 380 328 381 23 511 614 243 386 2125 2221 2262 1885 2235 335 1186 2156 2182 1962 2180 2200 2202 639 2113 2111 223 2053 2781 2891 1003 519 779 2328 1944 1985 1999 2723 2864 2680 1964 2237 2755 1355 2913 1887 143 975 2426 3009 1071 598 2451 2934 2771 2883 2650 1388 2850 2398 653 768 1916 1942 2685 2692 2926 3056 1487 2223 2941 1871 1873 3002 1159 3040 3041 199 637 2127 2667 1914 2158 1997 2761 2876 2896 1160 2957 2995 2973 3016 2055 19 1321 2385 2420 2673 1448 1983 502 503 2965 2264 2693 40
295 422 204 236 296 423 2155 2181 299 2199 1213 1578 1605 1892 2136 2166 2168 2304 339 1215 233 1253 1576 1216 1218 203 202 1453 2833 3045 1251 1452 1500 1193 1195 112 1579 1501 2070 1674 234 1926 2201 1894 420 1943 1928 1963 218 265 2903 2874 1499 2640 2747 2748 1945 2134 2851 300 2845 1577 1811 2157 1181 1182 1521 1779 1778 1780 1781 2764 2846 1564 1454 197 1833 1915 2788 3047 1810 1812 1835 1913 421 1694 1809 2306 2766 2742 2875 2895 2834 2944 2945 3071 1603 263 2183 1961 2790 2924 3069 1198
133 555 347 368 348 369 86 279 1902 498 1207 499 2214 85 549 212 486 550 393 2419 1484 782 1233 1232 1483 1461 1201 1209 214 607 285 1736 1987 1988 1900 280 2003 2231 999 2686 2970 2655 62 1460 2216 2123 2674 2960 1804 2681 2682 1803 2121 2948 1990 2001 2213 2968 1199 1559 2963 1899 1901 1989 2215 2962 2634 1558 409
318 359 319 357 443 98 1948 2174 2172 106 2152 1837 105 1966 1768 1647 783 785 2911 1843 923 1673 2154 761 1968 2820 1791 896 2947 852 402 1834 1946 738 97 737 762 1918 1920
1610 1614 1696 161 945 1710 465 654 364 1423 2293 2422 928 104 1339 2831 2683 1188 1393 2066 822 941
2505 1697 937 2413 2392 736 2012 166 165 2159 1544 261 2184 1616 832 2590 1773 2478 2526 2943 561 1538 2185 1793
1585 1711 1798 1167 1753 575 1526 1420 1427 73 698 659 343 2010 1133 3013 2736 965 942 1065 1566 804 2671 1796 2843 1174 2552 2743 2765 1532 2966 3061 1876 1340 1955
2598 2554 1619 658 189 648 162 1341 1325 1056 1081 2346 2418 1604 958 1774 1607 2823 1471 2485
523 2414 2578 1491 1076 425 397 2007 1525 1540 589 2238 536 1464 2609 1589 2411 1438 1720 1539 951 2400 2253 1120 1498 1029 2407 2048 2402 2274 2080 2309 2031 2281 2026
95 297 103 419 1187 810 1161 2832 2684 2672 2844 2572 2972 844 836 1817 814 1520 2378 2789 1819 2503 1470 1497 1776 1437 1531 1827 1795 2964
2581 1173 1704 603 655 692 1541 1154 985 2690 2978 1744 2082 2094 769 2677 2879 2826 3048 950 489 2580 48
2115 1537 563 1054 175 2298 2193 174 970 2176 2555 3049 2893 571
1731 2409 1787 760 2240 882 1299 2730 1294 1553 1976 1979 1001 1831 2862 1807 2447 2969 2981 861
132 1991 1925 576 1157 1832 1465 946 2613 2621 818 948 1649 2989 2207 2809 2628
1953 2085 1956 2534 1727 1432 712 2958 1135 1598 2898 1250 765 1332 2689 1066 2311 806 1800 745 1799 1192
1860 2509 2318 1530 1337 930 206 283 2756 1757 1292 1922 2996 1869
2244 2225 2241 1206 207 302 131 1074 2488 2917 2636 1394 777 1052 963 554 1974 2507 2579 2985 2506
1868 2099 64 1350 1514 1022 1687 2614 2622 869 686 917 2856 980 710 3042
2246 1481 1389 617 925 809 1331 1095 1954 1034 1246 2873 2242 1897 1488 144
1449 2877 849 2763 222 944 1252 1240 2415 3019 1094 2024
2990 2678 1146 2610 1690 1114 2571 1422 2370 1097 1113 1523 122
3023 1311 676 2566 1766 1371 790 1938 1203 2461 2279
2630 872 1333 2959 2448 509 1039 71 241 940 2708 984 2725 406 2596 2691 1040
2852 360 2326 748 749 2617 1229 538 245 931 2347 3039 3057 1070 3030
287 1612 993 1051 977 1107 1588 2825 1058 1315 1335 2935 2100
2396 1975 2575 2618 776 987 2355 1822 1084 2638 1316 72 2794
2619 2474 976 952 1474 1535 1301 954 828 1623 3025 696 1372 2239 1442 2624 2967
1150 2696 1011 63 966 1032 1931 1933 2787 2897 1057 1323 2769 2824 1080 2779 2782 1917 1919 373 2882
2129 1645 594 794 943 1895 2884 1777 3054 2732 1848
746 957 1826 2483 2679 2697 1085 2920 116 2427 2452 2940
1197 2502 553 2695 2722 2421 2808 2315
1857 2649 1285 1118 2204 2979 2853 2131 2738 2757
2980 2819 2208 1533 1443 2952 3066 2784 1136 704
2987 2793 2395 2942 756 115 1772 2435
2498 2922 3014 2731
1045
