687 1299 1659 1657 689 874 88 517 89 1153 520 516 521 1152 1686 1688 1350 137 312 311 390 135 1552 144 1439 146 1765 498 479 1763 909 499 1012 1240 1598 1596 223 225 2654 793 2661 1374 459 461 1718 1720 949 1263 560 1623 562 1625 832 2695 2663 2706 2869 2754 2820 2715 2700 2847 2856 2803 2949 2635 759 2793 758 2791 752 751 2718 2722 2868 2909 2907 2866 3023 3025 1838 1837 1844 1845 2775 2887 673 672 1796 1795 2860 3019 2714 2759 2871 230 2858 231 1767 1768 2999 2712 1472 1533 1522 1447 2967 2983 2981 2953 1061 1138 1127 1026 3076 3026 1893 2476 2142 2560 2489 1940 2123 1912 2569 2193 2549 2166 2562 1955 2586 2012 2487 1973 2579 2242 2203 543 544 2496 2513 2502 523 524 386 387 388 389 1586 1585 1554 1553 1567 1583 1584 1568 2601 2047 2545 2252 1157 1155 1151 1154 302 522 322 329 1853 2473 2544 2014 2265 2602 2588 2528 2307 2096 2599 2077 2515 2314 1854 3030 3059 2102 3031 3058 2099 1858 22 6 5 29 16 32 34 51 50 37 1 49 31 55 52 45 41 9 36 3 2
2327 599 780 597 2329 768 319 769 519 1546 518 2322 2383 304 306 2385 1145 924 600 598 779 2326 2328 2655 305 303 923 1503 2382 2384 2652 1098 2651 2656 2911 3075 2630 2676 2680 298 300 2682 2686 594 596 2935 2923 2428 2441 2430 2443 1074 1047 2685 2681 2679 2675 595 301 593 299 1075 1048 2922 2442 2934 2444 2431 2429 2927 2926 2939 2938 2120 2119 1890 1889 2122 1892 1891 2121 1965 1967 1966 1968 326 323 325 2197 2196 2194 2195 366 364 328 367 369 735 497 496 736 1878 2106 2108 1880 1879 1877 2107 2105 1862 1867 3035 3040 2260 2259 2258 2257 2055 2054 2053 2052 2269 2268 2267 2266 2034 2033 2032 2031 3038 3037 1865 1864 40 39 35 56
2353 238 864 2355 236 1440 508 506 2335 2333 1013 1262 831 237 235 2356 2354 865 2653 131 133 1121 2466 2468 2757 2852 2739 2848 2799 699 701 2846 2748 2842 2726 258 256 2834 2830 2447 2426 3070 3046 2445 2424 702 700 257 259 2747 2725 2845 2833 2829 2841 2446 2448 2427 2425 3068 3044 1911 2486 2141 2559 2587 2013 2243 2514 3039 3036 30 47 11 0 12
1687 134 1349 1685 908 136 1766 1764 147 1660 1658 688 690 1300 145 875 1595 1594 1231 761 760 774 270 1351 1690 1691 271 918 1818 685 686 1819 2916 2855 2811 2816 2904 2870 2863 2633 2639 2632 2637 2643 2804 2913 3020 2910 2867 2865 2908 3022 3024 2859 3018 2888 2857 2872 2998 2917 2915 3027 2918 2912 3055 3074 3073 2642 2644 2645 2641 2495 1954 2563 2167 2192 2568 1941 1960 2570 2600 2060 2548 2198 2290 1882 2490 2497 2535 2116 2475 33 15 42 53
2351 1649 1288 1651 857 420 218 395 510 737 1852 1581 370 1396 1740 985 204 739 2324 1587 746 255 680 2991 2638 2807 2646 2802 2810 2919 2989 232 1805 1778 679 2778 2902 273 2762 2886 1802 1783 1883 1927 1884 1926 2319 2225 2508 2546 2159 315 2488 316 385 342 1563 1562 2058 2025 3034 3028 3057 2056 2023 3041 54 4 26
622 2375 614 900 2377 1321 641 254 540 448 124 447 103 1186 102 574 287 1277 642 295 1355 850 930 580 2349 2347 586 781 1232 294 929 117 1354 1117 1514 2693 2698 2795 2701 2650 2631 2703 2947 2822 2951 691 2692 2892 2786 249 2674 2763 2876 1084 1039 2945 2933 1483 1448 2941 2929 1185 2691 692 2673 250 2787 2765 1085 1040 2877 2893 1484 2940 2944 1449 2932 2928 1885 2125 1887 2127 1918 1920 2176 2152 2154 1946 2178 1948 351 352 2199 2303 2201 2305 2200 2202 277 278 1963 2075 1964 1962 1961 382 383 2073 553 552 533 532 422 421 1167 1168 1874 1872 1180 1179 2114 1871 2111 2112 1873 2113 1863 1866 2051 2049 2256 2255 2254 2253 2050 2048 2287 2289 2288 2030 2286 2029 2028 2027 28 25
183 181 765 1156 1158 1150 1187 1188 1189 576 1550 481 2668 976 2662 2657 2667 3003 3009 1190 3016 2979 3014 2994 2959 2996 2963 2971 3007 3001 1981 2003 2221 2239 2002 2238 1996 1983 2228 2215 2229 1997 2043 2261 2035 2278 3056 3033 3029 2247 2277 2026 2059 2100 1869 1860 1857 3042
1309 2614 1665 195 314 417 69 539 547 1159 343 515 1223 1684 2617 121 1435 372 126 2622 1761 1346 505 1242 2609 1600 582 455 1370 2619 1708 556 1269 2612 1627 756 747 1836 1843 2628 2627 666 1790 2625 226 1773 2624 1473 1542 1441 1523 410 541 362 320 2547 1549 1547 1859 2103 1551 1548 2474 1221 1219 1191 1205 20 18 46 10
587 585 98 1224 1160 2623 1762 1438 2615 1666 1310 1312 1436 573 575 1352 1689 2618 1353 2626 1505 1813 1504 1543 1474 1524 1442 1222 1220 1206 1192 17
1345 1683 1284 450 373 376 451 393 313 374 1644 1276 2707 2755 2699 2920 2022 2021 2539 2538 2020 2019 2537 2536 2519 2521 2520 2518 2087 2086 2085 2084
616 894 1335 1671 620 1333 402 375 514 253 208 645 644 485 207 1735 1387 229 404 1253 502 1611 806 1251 487 984 1385 588 787 1590 1238 1236 484 983 486 1386 1384 659 662 1011 1734 1414 1412 1746 2664 2702 2731 2850 2864 2948 2851 693 1090 251 1045 1493 1458 2977 2957 2993 3013 1491 1456 2974 2954 591 285 2741 2733 2899 1083 2883 1060 2970 1488 2962 1490 1467 1465 2973 2965 3002 3008 1898 1896 2134 2136 354 353 2223 2241 2224 2222 275 276 1985 1999 1986 1984 550 380 728 381 551 729 74 75 1195 1193 1215 1214 1198 1557 1217 1571 1196 1216 1570 1556 2038 2264 2046 2281 2044 2262 2036 2279 8
2613 1289 1650 858 632 418 116 1405 743 2621 1738 1118 744 1589 2608 1225 482 977 462 2620 1709 1371 2798 2906 2719 2985 2853 2800 282 1049 590 1076 3053 3065 2777 2761 2901 2885 589 283 1077 1050 3063 3051 2581 1991 1974 2580 2204 2561 1925 2503 38
788 782 1591 601 603 1233 406 141 148 1126 1515 140 928 428 430 150 1697 1833 604 602 2697 927 429 427 151 1125 149 1696 1832 2694 2950 2688 703 705 2670 266 264 3071 3047 2687 2669 706 704 265 267 1091 1046 3069 1806 1779 3045 2946 1886 2126 2128 1888 2304 2306 2076 2074 337 444 441 443 446 340 338 339
868 870 1653 248 1295 246 413 856 1000 671 669 1745 415 1645 1010 1419 734 732 805 799 1246 1610 247 245 869 871 1654 1296 2659 2732 2818 2758 2753 3021 307 309 1059 2738 2769 2824 2779 399 401 2746 1082 2836 2840 2828 1452 1479 1782 1801 2781 2771 310 400 398 308 2839 2827 2745 2823 2737 2835 1480 3010 3004 1453 3050 3062 3052 3064 1901 1899 2156 2129 1922 1924 1934 1932 1935 1933 2158 2131 2165 2163 2164 2162 2069 2071 2000 333 330 332 2301 2299 2226 335 358 356 359 476 477 361 723 722 433 432 527 526 1161 1173 1174 1162 1577 1576 48
2616 1286 2352 209 105 101 205 127 1017 1015 825 823 555 561 790 792 581 224 456 962 960 2716 2636 2721 2717 2794 2792 1137 1129 1136 1128 2713 1062 1063 2776 2711 1028 1027 2760 2952 2982 2966 2980 2550 2124 1894 2477 244 243 184 185 198 199 234 233 21 44 43
120 513 122 217 129 766 1582 268 171 2665 2710 2734 2880 2742 2896 2897 2881 2130 1900 1902 1945 1943 2132 2183 2181 24
866 872 1655 1293 449 377 394 405 854 852 228 409 104 1413 665 1008 1647 1283 1002 1747 509 803 801 1612 1252 867 873 1294 1656 1123 1119 1520 1834 1057 1051 1080 1078 1803 1784 1466 1489 1087 2751 1044 2729 1089 1042 1494 1808 1459 1781 2135 2133 2168 2169 1897 1895 1929 1928 2170 2171 1931 1930 2240 1998 534 535 425 426 71 726 70 727 1559 1558 1573 1572 2263 2037 2045 2280 7 27
786 1593 784 1239 545 511 1851 1699 932 926 1365 281 783 785 764 1592 925 931 280 1364 1698 1847 2604 1043 1041 1780 3078 1081 1079 1804 1846 2603 2607 391 392 529 528 721 720 397 1579 1578 1212 1210 2246 2244
1652 1648 1287 859 419 631 118 1120 286 742 1835 1739 1521 745 1588 1228 979 1719 460 1736 284 592 694 252 290 289 1979 2070 2072 2118 2161 348 347 2117 2160 2302 2213 2300 434 435 1565 1564 1204 1202 2245 2057 2024 2275
1673 902 630 1323 628 892 403 982 452 378 493 125 1391 1249 733 804 731 802 491 1613 980 1737 414 412 853 851 2696 1278 1646 1298 1009 670 1003 668 1422 1748 2724 2815 2640 2817 2801 1086 2788 2766 1088 1485 1450 1807 1058 1052 2784 2774 1482 1455 1785 1923 1921 2155 1944 1942 2157 2182 2180 2001 1982 1980 2216 2227 2214 475 474 1178 1177 1166 1165 2276 2274
197 1311 878 880 100 139 206 407 913 123 915 1348 128 1014 1024 371 1437 170 504 269 1244 584 789 797 457 1372 959 957 830 824 558 1271 757 748 1140 1131 1065 667 1030 227 411 773 542 464 363 321 718 771 19 14
862 1285 863 2350 618 538 2422 1025 1023 767 1022 2421 754 1230 2323 750 777 778 263 2381 921 922 684 1100 1099 2457 2914 1139 1130 1064 1029 2440 2471 2423 2470 2806 2809 2808 2805 772 463 717 770 2321 2320 1855 2098 13 23
910 2379 916 260 408 2380 917 911 99 988 987 2404 2330 795 791 2660 153 796 1599 1241 2331 152 1097 2658 2708 2903 272 678 396 1868 1861
2361 1347 548 261 2472 881 1227 763 775 919 1096 1487 1464 1492 1457 292 291 345 346 1201 1209 1199 1207
1297 861 1290 143 643 546 416 1234 2723 2648 2978 3017 2958 2997 2780 2770 3006 3000 2101 1856
1235 882 113 738 2399 800 220 571 2348 1292 2376 1322 2523 2079 2078 2522 2517 2516 2091 2090 2089 2088 2594 2309 2308 2529 2530 2593
860 876 537 646 210 877 986 2796 2720 2984 2797 2392 2388 2207 1971 478 724
914 912 138 489 879 194 2397 755 749 683 2709 2960 2968 2976 2956
1291 682 681 1850 578 318 2362 579 577 2386 999 2821 2814
1237 215 1149 221 1146 989 740 829 262 1672 1334 2649 2890 2874 2891 2875 2177 1947 1949 2179
617 112 142 2629 512 2467 2611 2346 92 1339 78 1331 650 1315 214 1307 2735 2743 2942 2930
216 1147 1545 1148 883 196 1270 1624 827 557 2666 559 1245 583 222 458 1373 956 1721 2819 3077 3060 3032 2097
1124 978 741 1247 1517 494 855 895 2844 2566 2564 2782 2577 2575 2768 1919 1917
130 1519 1016 1357 2469 503 507 1250 2334 615 920 1390 619 2378 2634 2752 2730
1281 660 1421 658 2419 1279 1411 501 1248 182 180 119 1516 1518 1958 1681 1481 1486 1451 1703 1972 1171 1183
1363 297 2325 2336 1226 613 296 1362 2905 1849 1842 1812 1789
500 483 1389 1622 2332 492 981 629 893 1388 2849 1913 2143 2555 1319 2478 1303 2414 2401 2011 2237 1815 1825 1769 1797
1406 1544 2417 776 798 1601 1001 2418 67 84 1526 2311 753 2831
663 114 110 2610 1243 794 1324 2862 2342 2338 2139 1905
132 115 652 1229 1280 901 2396 950 1113 1105 2369 1036 1621 1635 1631 1320 1344 1328 948 974 954
572 762 495 998 961 975 1375 2387 2493 1677 1678 2494
1268 1626 708 480 828 707 2854 1020 2584 2010 1429 2990 661 317 219 1021 1430 2585 436 1881
849 1597 657 826 958 903 2756 86 1115 2217 2316 711 1107 1975 2081 636 1069 2452 2504 175 1038 2439 2571 1629 1633 1619 1603 1302 1326 1342 1318 653 200 58 107 2220 1978 2578 2501
1282 1122 955 621 1674 1336 65 106 1341 1427 713 57 1325 1423 1095 1056 2749 2727 2936 2924
488 490 453 2337 2420 2740 898 896 1337 1343 1415 1425 1755 2837 2825 431 536 1176
1356 627 111 2812 2921 2790 845 847 2344 1642 1915 1272 606 1093 1500 2456 838 840 1910 83 531 730 1200 1566
664 2398 1420 2861 2773 841 843 567 1274 2147 2211 2390 61 1054 1463 2433 834 2879 836 2339 2144 2451 2284 288 72 1218
651 2647 2750 1634 2149 1640 2772 2832 1751 2232 1403 2415 1407 2409 2683 2961 1055 1470 1460 1786 2432 2438 970 1731 1381 1729 2395 1163 424 1213 1574 2109 1555 1172
454 2704 2813 695 697 1135 1133 1530 2083 1532 1743 2789 810 808 1906 1068 1066 1477 1475 525 530
2705 2826 2894 2943 3005 2838 2878 2931 3011 2671 2689 2895 3048 3072 355 274 350 279 334 331 473 360 357 719 2110 1875 2115 1870
2678 2964 2684 2767 2972 2677 2764 2785 2843 2969 293 349 344 379 445 725 1561 341 549 1203 1575 1211
2690 2736 2884 2672 2744 2900 814 818 848 174 635 87 712 1462 1497 2005 1536 1527 2412 2249 2408 2572 2505 1976 2218 1776 1793 1823 1831 324 442 336 365 1181 1169 1208
2937 3049 839 715 565 906 626 890 817 846 2873 820 623 568 2955 1019 995 1164 1876 1194
569 108 178 709 904 465 951 634 941 813 1034 2889 2146 2975 2554 1398 1424
3067 1111 1109 1512 2295 2297 1510 2783 2728 835 833 563 2145 2340 80 2285 2283 1502 992 201 990 1399 1397 2402 2986 842 844 1273 2150 1275 2148 3066 2992 991 81 993 2282 1501 1499 1400 2403 605 1106 1108 2294 2292 2465 73 2104
471 469 967 973 1732 1726 3043 1103 1822 1814 1506 1508 638 640 1661 1313 63 1469 1471 570 1643 639 637 891 1662 1316 1314 211 213 1393 1395 1744 952 966 1377 1713 1723 1379 327 423 1175 1170
190 90 1431 1539 158 76 821 819 1260 2484 2482 1669 189 822 2483 1261 2485 3054 2492 1332 1143 1141 1037 1035 2524 2526 2016
176 192 1142 1144 1535 1541 2925 1417 1753 2509 2995 2988 439 947 945 1366 1714 811 155 1602 1256 625 1615 1259 66 897 899 1340 79 2510 1418 1754 239 1445 1197
1679 2190 1632 3061 168 608 1816 82 677 1794 1606 2363 816 564 2481 710 1338 1939 368 1569
971 969 1728 1382 1989 1380 837 1638 1909 888 1663 2367 1317 203 1994 2400 566 1639 3012 164 887 1308 1306 2358 649 1408 2410 1752 1410 1114 1112 1511 2068 1513 1182
1018 2606 2458 953 1907 1950 994 2273 2551 2365 939 154 1641 716 1664 177 609 468 440 1717 1725
2188 2460 1830 166 160 1840 2541 624 1614 2557 2498 2573 1692 1358 156 2479 1255 85 68 2567 167 161 1525 1839 2540 438 1715
1956 1987 2394 1101 1636 2236 94 1618 1071 2413 610 1032 1617 1267 109 1426 2041 1359
1757 2250 1433 2008 1759 467 1977 1376 3015 1620 165 1938 1301 1904 1609 1607 1957 1680 2191 1682 2312 1531 2080 1799 2272
2065 2067 1828 965 2184 815 648 1496 212 1461 1605 1304 97 611 1727 1990 1988 2064 2062
2095 1730 59 1630 1327 2061 656 2596 1604 2525 812 2558 714 2175 2315 466 934 2507 1116
2318 2219 1628 1266 1264 996 2172 2271 1936 1265 172 1668 95 1760 1495 472
1826 2093 1952 1329 2491 1675 2898 1258 937 1959 64 169 940 1070 2531 1791
1537 2248 963 2186 2293 1616 2411 1498 1608 2407 1914 162 1676 93 62 186 1711
1824 1006 1004 2234 1454 2174 437 807 809 157 2343 907 905 2185 1742 2453
2582 1712 1710 1378 2137 2230 173 1667 2357 889 1330 1788 470 1733 1102
1724 2291 2882 96 1810 2454 2480 1254 1903 1637 2372 1538 2092 1033 2015 1443
2209 1722 654 1749 2987 1409 1401 886 884 2359 2341 885 2360 1402 1750 2231 968 1383 1184
2006 2313 2462 2373 2205 1706 2553 2527 1257 1908 1937 944
1820 2464 2371 2450 1992 1741 2370 191 77 193 1848 384
1528 2004 675 1067 1073 2532 2598 933 1953 1811 1416 2499 2574 676
2063 2543 943 1368 1704 2042 240 2556 2140 1951 2187 1434 2583 2009 1758 2251 936 1970 1701
2511 1478 1476 1800 1798 2534 612 2040 159 1053 2094 1369 1707 1705 1367
2506 1716 242 1772 2590 1775 1444 2552 2565 2189 60 1092 1756 2235 2512 2208 674 554 1580
1792 187 935 1702 1360 2138 2364 91 1134 1529 1432 2310 938 2591
163 1305 1392 1916 2345 2173 2374 202 1007 188
1787 2437 1700 633 179 1534 942 241 2589 1771
1694 1777 2368 647 2605 1540 964 2210
2405 1394 1670 2366 1005 1094 2455 1809 2393 1507
2500 1770 2592 655 997 2039 1404 972 1110
2435 1969 1132 2233 1995 2389 696 698 2296 1560
1446 2018 2542 2082 1841 2416 1695 1361 1072 2461 2270
2317 1993 2449 2391 607
2406 2007 2576 2206 1821 1829 1774
1428 2436 2434 2212 2595
1468 946 1104 1509
1693 1031 2151 2153
2298 2459 2597
2463 1817
2533
2017
1827
2066
