0 6 58 60 75 76 119 120 126 197 262 271 272 282 304 415 416 517 541 616 711 861 287 334 335 402 502 503 61 1163 1164 1189 1190 1285 16 743 744 753 754 5 1600 1601 1652 1765 1766 1769 1792 1819 1838 1844 53 54 1855 1865 1866 2715 2716 2717 2718 2807 2808 3020 3021 3022 3023 3027 3028 3055 3058 3075 3076 50 52 1863 2102 2708 2712 2713 2714 2805 2806 2991 2993 3006 3025 3026 3059 49 2707 2711 2804 2992 3007 3024 55 2719 2720 2809 3031 3073 34 2635 2647 2705 35 2648 2706 36 2803 1864 51 10
13 17 64 108 194 259 263 274 391 392 447 453 492 501 535 544 666 667 691 709 767 769 22 302 463 1184 2352 2 734 750 770 772 795 796 862 1014 1015 1037 1068 1099 1128 1137 26 2060 2077 2098 2290 2307 2473 2475 2476 2488 2509 2510 2519 2530 2545 2600 2601 27 1858 2008 2039 2246 2265 2549 2550 2561 2587 2588 2606 2009 2247 2586 2090 2314 2595 2536 2535 1890 2120 1889 2119 1925 2159 24 1853 2014 21 2248
15 19 62 99 100 154 228 229 230 231 291 292 322 371 386 412 429 493 533 610 668 707 1155 1183 1192 1206 1220 1222 1287 1352 1442 1535 18 63 156 370 1181 1191 1205 1219 1221 1286 1351 1441 1534 3 646 731 735 751 771 773 863 930 1038 1138 4 718 1553 1567 1583 1585 1651 1690 1768 1843 9 720 722 728 732 858 918 1027 1139 2497 2728 2732 2754 2758 2901 2905 3062 3065 3074 2727 2731 2753 2757 2902 2906 2570 2918 3064 3063 32 2638 33 2799 1960 2198 45 2915
23 25 83 84 123 124 210 211 232 327 328 331 332 362 363 380 381 404 405 726 1158 1193 1195 1213 1215 1250 1251 1289 1290 1452 1453 1499 1500 1518 1519 111 112 195 202 203 233 234 299 300 307 308 339 340 420 421 1196 1198 1216 1218 1252 1253 1291 1292 1454 1455 1501 1502 1520 1521 1893 1894 1928 1929 2019 2022 2046 2047 2069 2072 2249 2251 2303 2305 2742 2746 2830 2834 2848 2852 3036 3037 3044 3047 3068 3070 2020 2021 2070 2071 2250 2252 2304 2306 2741 2745 2829 2833 2847 2851 3034 3035 3069 3071 2044 2135 2136 2168 2169 2282 2285 2748 2752 2842 2846 3046 2045 2283 2284 2747 2751 2841 2845 3045 1892 2134 2657 2659 1891 2133 2660 2662 41 1927 2167 42 1926 2166
66 69 70 125 171 172 286 347 427 428 507 740 764 809 810 57 401 1165 1171 1246 1247 193 316 350 351 356 7 93 101 799 800 1576 1726 1727 1805 1806 1824 1825 1879 2359 2360 2394 2395 2455 2456 1981 2836 2838 2975 2978 3060 3066 1982 2837 2839 3061 2063 2874 2878 2977 2064 2873 2877 2976 1896 2130 1895 2129 1941 1940
79 80 91 92 151 155 301 319 450 451 724 408 526 406 1557 1570 1571 1587 1692 1693 1862 2067 2118 2196 2197 2643 2880 2884 3067 2068 2879 2883 3072 29 1883 2117 2701 2702 1965 1966 2194 2195 2911
87 88 113 114 192 268 275 276 309 310 321 341 342 394 494 495 551 552 1182 1550 1558 1559 1572 1573 1604 1605 1655 1656 1784 1785 1803 1804 1834 1835 65 97 98 105 106 213 266 801 802 872 873 1051 1052 1074 1075 1117 1118 135 136 139 140 303 317 354 372 373 469 557 558 1202 1204 1210 1212 1462 1463 1485 1486 1556 1602 1603 1653 1654 1782 1783 1801 1802 1832 1833 2056 2058 2073 2075 2131 2132 2164 2165 2259 2260 2270 2273 2299 2302 2824 2828 3033 3050 3052 2057 2059 2074 2076 2271 2272 2300 2301 2823 2827 3038 3051 3053 1867 1897 1898 1932 1933 2037 2038 2035 2257 2734 2738 2840 2036 2258 2733 2737 2835 1931 2163 1930 2162
109 110 253 349 387 388 444 445 458 539 540 545 547 548 573 574 1581 1878 1880 2106 2108 2351 2428 2429 12 1152 1258 1259 1288 1353 1439 1440 1472 1524 20 725 748 749 758 759 827 828 857 920 1012 1013 1047 1048 1063 1127 1649 1626 1627 1691 30 2161 2644 2649 2699 2755 2775 2796 2916 31 2650 2700 2756 2776 2795 1935 2913 2914 2912 2885 2886 1934 2160
129 130 133 134 306 348 368 369 409 411 461 462 555 556 593 637 638 2322 2346 2347 2375 2376 2382 2383 2441 2442 305 851 852 894 895 923 924 127 128 131 132 343 344 364 365 459 460 553 554 635 636 94 102 152 849 850 892 893 921 922 1049 1050 1072 1073 1877 2105 2107 2348 2349 2377 2378 2384 2385 2430 2431 2443 2444 39 1947 1949 2153 2154 2173 2174 2695 2698 2779 2782 2817 2819 2881 2889 2890 2935 2939 40 1946 1948 2172 2175 2693 2696 2781 2784 2820 2822 2882 2934 2938 1917 1920 1967 1968 2151 2646 2710 2772 2774 2888 1918 1919 2152 2709 2769 2771 2891 2929 2933 2928 2932
137 138 141 142 196 289 318 337 352 353 359 374 375 395 559 560 1178 1564 1578 1169 1175 1248 1249 1297 1298 1458 1459 1481 1482 1512 1513 738 762 807 808 866 867 1057 1058 1080 1081 1123 1124 1856 1860 2033 2034 2055 2276 2054 2277 1868 2100 2263 2264
145 146 200 201 224 225 336 357 403 443 473 474 506 527 641 642 704 653 1159 1166 1172 1185 1272 1273 1321 1322 1354 1355 1448 1449 1487 1488 14 393 647 931 932 1859 1943 2025 2099 2181 2256 2280 2281 2761 2764 2875 2876 2894 2895 2921 2925 1942 2026 2180 2255 2763 2766 2896 2897 2920 2924 1857 1869 1913 2051 2155 2785 2790 2941 2945 1914 2050 2156 2940 2944 2788 2787 1961 1962 2199 2200
149 150 326 358 422 477 478 514 515 727 755 979 980 73 1209 1264 1265 1313 1314 1395 1396 89 90 107 708 1734 1735 837 838 990 991 1630 1631 1741 1742 2143 2684 2686 2744 2144 2681 2683 2743 2177 2224 2919 2176 2223 2986
159 160 173 442 675 736 739 756 2321 1226 621 757 1162 1176 1307 1308 1376 1377 1405 1406 1718 1719 1745 1746 737 1669 1670 1732 1733 2832 2937 2831 2936 56 2987 3078
163 164 278 313 314 423 505 604 605 742 1555 1874 1905 1906 1952 1953 2095 2096 103 490 1154 1187 1207 1325 1326 1366 1367 1540 1541 1 59 673 118 733 813 814 939 940 1143 1144 1211 1327 1328 1368 1369 1542 1543 1614 1615 1710 1711 1846 1847 803 804 900 901 941 942 1744 2478 2479 2492 2502 2503 2688 2690 2826 2988 2491 2689 2691 2825 2770 2974 2979 2773 2641 48
167 168 251 252 296 298 346 680 681 752 1569 2186 2187 2244 2245 2268 2269 95 562 1153 1160 1161 1260 1261 1329 1330 1427 1428 598 617 618 671 705 96 1020 1021 1078 1079 1262 1263 1331 1332 1429 1430 1549 1606 1607 1675 1676 1793 1794 2398 2399 811 812 1018 1019 1076 1077 1608 1609 1677 1678 1795 1796 3010 3013 3008 3011 2629 2887 2892 2736 2989 2735 2618
176 177 424 565 566 583 584 746 760 1561 2388 2389 2409 2410 2436 2437 117 572 1156 1167 1268 1269 1407 1408 1468 1469 198 199 281 721 831 832 969 970 1055 1056 116 1170 1188 1270 1271 1409 1410 1470 1471 1640 1641 1730 1731 1786 1787 845 846 959 960 994 995 1634 1635 1720 1721 1747 1748 2626 2957 2958 2955 2956 2749 3032 2750 2645 2613
178 179 436 437 452 542 745 855 856 868 869 1010 1011 1045 1046 1094 1095 1150 1180 1186 1295 1296 1411 1412 1274 1275 1413 1414 1450 1451 1489 1490 1871 1873 2111 2113 2355 2356 2419 2420 2426 2427 2451 2452 1915 1916 1997 1998 2235 2237 2821 2996 2997 3009 1996 1999 2234 2236 2818 3012 2158 2654 2656 2157 2651 2653 2995 2998
182 183 320 467 468 656 657 763 1125 1126 434 1177 1228 1473 682 690 11 1591 1790 904 905 945 946 2513 2793 2923 2990 2514 2794 2922 2566 2567 2571 2572 2642 2500 2501
190 191 338 384 385 497 660 661 1372 1373 1546 1173 1194 1214 245 246 264 516 821 822 1006 1007 951 952 1146 46 2730 2917 2952 2984 47 2729 2953 2985 2555 2676 2677 2556 2678 2679
204 205 216 217 235 236 295 410 456 457 537 1179 1224 1872 2112 2114 2417 2418 2424 2425 2449 2450 290 1284 214 215 265 454 455 536 1282 1283 1294 1417 1418 1562 1563 1577 1644 1645 1749 1750 1778 1779 1809 1810 2862 2861
220 221 608 609 677 898 899 1059 1060 1082 1083 418 1151 1157 1225 1392 293 315 377 1589 1743 1580 1586 2477 2508 2777 2849 2968 2971 2778 2850 2970 2973 2721 2963 2965 2722 2960 2962 2767 2768
226 227 479 480 643 703 766 1582 1854 2101 2320 2386 2387 2400 2423 2440 2470 2471 2472 207 260 783 784 1240 1241 963 964 988 1148 1554 1568 1584 1724 1725 1852 730 1974 2208 2506 2546 2580 2926 2966 2980 2983 3077 1973 2207 2507 2579 2927 2967 2981 2982 2097 2319 2581 2607 2634 1991 2225
239 240 440 441 464 470 683 717 1229 1303 1304 1474 1523 261 283 396 397 417 435 489 561 571 615 686 710 538 626 696 701 702 774 874 875 949 950 1026 1136 1145 1547 1548 1551 1552 1657 1658 1708 1709 1767 1836 1845 1850 2474 2489 2490 2620 2627 2636 2865 2866 2619 2637 2547 2548 2562 2563 2625 2857 2858 2869 2870 2628 2867 2868 1882 2116 2608 2630 2631 37 1937 2171 2615 2802 2859 38 1936 2170 2614 2860 28 1861 2103 2624
243 244 510 511 613 614 787 788 153 267 1199 1201 1232 1233 1380 1381 1415 1416 1460 1461 1483 1484 241 242 400 508 509 611 612 1234 1235 1382 1383 761 785 786 977 978 1008 1009 2001 2003 2123 2124 2215 2216 2231 2232 2663 2667 2682 2948 2951 3001 3002 3016 3017 2000 2002 2230 2233 2664 2668 2685 2946 2949 3003 3004 1901 1902 1987 1990 2213 2652 3015 1988 1989 2214 2655 3018 2670 2674 2669 2673 1900 2122 1899 2121
256 257 520 521 619 620 1565 1579 1594 1595 1736 1737 1751 1752 1780 1781 1811 1812 212 279 485 486 498 606 607 71 115 781 782 971 972 998 999 1039 1040 1084 1085 1592 1593 2692 2954 2687 2959 1983 2221 2680 1984 2222 2675 1886 2126 1885 2125
367 432 433 483 484 524 525 1504 2462 2463 973 974 1545 277 333 430 431 481 482 522 523 919 1147 1516 1517 829 830 1642 1643 2179 2178 2147 2149 2148 2150
379 569 570 587 588 624 625 1278 1279 2323 1200 1208 345 366 504 747 902 903 1950 1951 833 834 1728 1729 2942 2961 2943 2964
487 488 633 634 935 936 1223 1362 1363 67 68 169 170 324 325 534 1497 1498 1820 1821 2328 2329 1822 1823 2127 2128 2201 2202 2261 2262 2658 2661
531 532 650 651 694 695 1244 1245 1588 1293 1317 1318 285 355 499 765 1231 1596 1597 3005 3000 3048 3043
577 578 670 1349 1350 1394 147 148 419 8 719 916 917 987 1028 1098 1140 1870 2340 2341 1687 1688 1909 2903 2904 1910 44 2565 2810 2856 2872 2910 43 2564 2855 2871 2909
579 580 629 630 1575 1881 2109 1041 1042 1086 1087 1168 1174 1197 1217 933 934 1043 1044 1092 1093 2694 2697
591 592 645 1875 1971 1972 81 82 376 684 74 652 2907 2908 2633 2632
600 601 627 628 2029 2030 2461 1230 1254 1255 104 206 1659 1660 1837 2027 2028 1620 1621
662 663 685 1437 1438 1305 1306 1514 1515 676 793 794 1560 1574 2110 888 889 1101 1102 2293 2294
689 1650 1694 1695 1443 1444 1445 1505 77 78 280 297 741 1088 1089 2286 2287 2815 2816
699 700 1673 1674 2350 1236 1237 1533 378 496 697 698 797 798 989 1069 1132 1133 2541 2542 2703 2704
714 715 2006 2007 1238 1239 188 189 249 250 712 713 729 927 928 1066 1067 1203 1360 1361 1421 1422 1538 1539 1696 1697 1759 1760 1141 1142 1590 2597 2596 2603 3014 2602 3019
1646 1647 2325 1000 1001 143 144 222 223 254 255 72 860 2023 2253 2024 2254 2048 2278 2049 2279
1956 1957 2084 2085 1242 1243 1393 1503 273 407 491 500 644 664 665 723 1062 1841 1842 2544 2543
2012 2013 674 1276 1277 1347 1348 1522 157 158 258 589 590 669 825 826 1131 910 911 929 2078 2486 2495 2496 2517 2518 2560 3039 3040 2487 2559 2016 2593 2814 2015 2594 2813 2092
2115 2139 2140 2192 2193 2240 2241 1341 1342 1358 1359 1419 1420 121 122 716 817 818 906 907 947 948 1115 1116 1610 1611 1954 1955 1969 1970 2004 2005 1097 2482 2483 2498 2499 2512 2511 2558 2557 2568 2569 2573 2574
2205 2206 2312 2313 1299 1300 184 185 688 878 879 2324 937 938 1706 1707 2612 2972 2611 2969 2516 2031 2032
2317 2318 706 1301 1302 1370 1371 85 86 1129 1722 1723 1616 1617 775 1884 2091
2326 2327 2396 2397 599 1388 1389 1456 1457 1479 1480 446 779 780 975 976 985 1070 1071 1096 2274 2275
2330 2331 2365 2366 1464 1465 1544 323 789 790 1598 1599 1791 1818 2087 2863 2864 3057 2086 3056
2332 2333 2353 2354 2466 2467 1510 1511 549 550 870 871 2334 2335 2468 2469 2052 2053 2529
2336 2337 2379 2380 2381 1345 1346 180 181 835 836 912 913 1622 1623 1683 1684 1689 1004 1005 2142 2515 2528 2759 2791 2141 2760 2792 2188 2899 2189 2900
2338 2339 2361 2362 2401 2402 1378 1379 602 603 768 965 966 1636 1637 1663 1664 1638 1639 1665 1666 1992 1993
2342 2343 2357 2358 2413 2414 294 1374 1375 1403 1404 847 848 961 962 996 997 1632 1633 1566 2369 2370 2390 2391 2411 2412 967 968 2672 2671
2367 2368 2445 2446 1309 1310 1384 1385 1491 1492 329 330 890 891 957 958 1103 1104 1311 1312 1386 1387 1493 1494 1667 1668 1714 1715 2104 2447 2448 2464 2465 981 982 1109 1110 2217 2218 2291 2292
2371 2372 2392 2393 2405 2406 1280 1281 475 476 512 513 886 887 983 984 1111 1112 1315 1316 1397 1398 1739 1740 853 854 777 1716 1717 2843 2844 2219 2931 2220 2930 2999 2994
2421 2422 1333 1334 174 175 776 805 806 1335 1336 1022 1023 1061 2183 2182
2432 2433 2457 2458 1423 1424 269 270 859 1425 1426 1053 1054 1105 1106 1761 1762 2065 3049 2066 3054 2040 2041
2453 2454 1337 1338 208 209 778 1100 1339 1340 1876 1130 1963 1964
186 187 284 288 398 399 672 1495 1496 438 439 882 883 880 881 1908 2081 2309 2537 2665 3029 1907 2080 2308 2538 2666 3030 2811 2812
247 248 546 596 597 687 1399 1400 908 909 1227 1685 1686 2403 2404 2079
1431 1432 1475 1476 1529 1530 311 312 648 649 692 693 864 865 1433 1434 1477 1478 1531 1532 1753 1754 1797 1798 1903 1904 2010 2011 2082 2083 1755 1756 1799 1800 2531 2534 2765 2532 2533 2762 2481 2480
1435 1436 161 162 465 466 528 1016 1017 1256 1257 1618 1619 1700 1701 819 820 925 926 1612 1613 1698 1699
1506 1507 165 166 382 383 992 993 1107 1108 1390 1391 1851 2137 2138 2184 2185 2493 2494 2485 2484
1525 1526 218 219 543 1323 1324 2203 2204 2242 2243 2310 2311 1712 1713 2505 2504
1536 1537 237 238 839 840 1648 1738 2315 2316 841 842 1661 1662 2520 2521 2522 2523 2621
360 361 843 844 1090 1091 1121 1122 1266 1267 1628 1629 1814 1815 2407 2408 2459 2460 1119 1120 2783 2780
389 390 943 944 1031 1032 1679 1680 1774 1775 2190 2191 1029 1030 1681 1682 1776 1777 1911 1912
413 414 953 954 1024 1025 1319 1320 884 885 2089 2947 2088 2950 2622 2640 2623 2639
425 426 581 582 1113 1114 1149 2344 2345 2415 2416 1975 1976 1921 1922 1939 1938
448 449 585 586 622 623 1134 1135 1527 1528 1624 1625 1813 955 956 2229 2228
471 472 639 640 1035 1036 1343 1344 1446 1447 1770 1771 1033 1034 1772 1773
518 519 1002 1003 1466 1467 1704 1705 2434 2435 1788 1789 2042 2043
529 530 654 655 1356 1357 815 816 2524 2527 2525 2526
563 564 1364 1365 1671 1672 1944 1945
567 568 1508 1509 1828 1829 2238 2239 1816 1817 1887 1888
575 576 658 659 1401 1402 1839 1840 823 824 2578 2577
594 595 1064 1065 1702 1703 2145 2146 1958 1959
631 632 896 897 1807 1808 2540 2539 2288 2289
678 679 2266 2267 791 792 914 915 2599 2598 2582 2583 2584 2585
1757 1758 2363 2364 986 1977 2209 2295 2898 1978 2210 2296 2893
1763 1764 2373 2374 1826 1827 1923 1924
2093 2094 1848 1849 2211 2725 2212 2726 2018 2017
2438 2439 1830 1831 2297 2298 2575 2576
876 877 1985 1986 2590 2592 2589 2591
2740 2797 2801 3041 2226
2800 2739 2798 2227 3042
2551 2552 2604 2605 2554 2553
2616 2853 2789
2723 2724 2061 2062 1994 1995
2617 2854 2786
1979 1980
2610 2609
