70 790 808 756 760 830 98 66 84 786 1259 290 607 573 519 1415 909 2626 1605 2063 2293 1631 725 1414 295 1635 590 1437 1714 1647 602 2087 2446 2472 1407 1399 1696 301 962 1718 2296 966 1710 970 1643 570 499 1433 2437 685 916 2070 908 1392 2524 948 601 1436 1398 2517 936 507 984 1422 2093 2310 2318 2596 1623 1734 2468 1406 1430 2594 2515 2590 529 1597 1730 1360 2534 1411 2079 2089 2090 2530 2259 913 898 2434 2455 2467 2254 2308 2049 2057 2021 2284 2028 2275 0
111 225 269 458 512 890 2665 2689 475 411 427 2034 1379 2269 2458 533 2414 1368 371 1851 820 816 859 1739 2042 491 1362 2289 1387 1380 2544 546 842 848 2462 2606 812 1757 627 1372 266 1745 1753 1834 1351 1741 1763 1388 2623 723 1361 1354
117 440 323 661 217 213 2677 2683 2336 532 2622 224 1509 1850 1669 804 1681 1665 1020 1149 199 1673 1244 2387 554 2716 58
165 229 863 1240 1252 1256 1266 1270 1260 76 1282 1274 805 1377 865 2457 455 806 818 822 850 867 844 840 1760 868 2040 849 2287 821 2463 1381 817 2459 2605 843 204 2288 2629 268 2543 2041 538 1746 1747 1765 2033 2267 2460 2542 1359 726 1764 1385 1742 325 1761 513 399 839 1363 1373 1754 2268 2464 2604 1750 1751 891 2032 73 1738 2016 2017 2538 2539 459 651 1369 1743 1755 493 2029 2602 2276 2265 2536 2020 2014 2283
177 2633 112 563 858 2334 879 113 1230 1648 173 2584 1217 2585 1054 1352 2335 2015 2586 2598 1131 861 1089 3008 2905 1440 555 1476 2587 2990 1439 2547 2019 2022 1218 3011 2277
724 63 906 677 2632 2720 2645 1225 1591 2324 2642 68 2012 2242 2868 1507 711 374 1657 1819 389 1022 1431 2489 373 386 2509 391 2535 2858 2170 2431 2444 710 2811 1303 2356 632 239 2836 2582 2443 766 1884 1936 2399 2561 2815 2060 3021 421 688 2116 2475 2548 2600 2824 2835 2430 2968 2970 705 1103 483 2290 599 1154 1158 2823 2768 2777 2778 2960 2962 3038 1150 509 1853 1151 1156 1547 1548 1551 2767 13 17 20 50 163 747 755 2473 1550 3033 3 40 37 52 28 23 26 3056 24 27 2102 3030 3035 1855 2099 3036 1858
318 460 514 852 892 94 477 442 271 1688 2378 815 1010 1014 1508 1685 996 97 474 1841 1370 1737 1353 991 932 1942 995 1009 2206 1366 990 1013 1846 2494 1852 1785 2175 1832 2613 2393 1968 110 1945 2491 1003 1364 119 1382 1782 1812 1504 993 2567 1374 1511 1809 1390 1444 1849 1019 317 2172 2564 504 1298 1474 1838 2389 1000 1329 1515 2353
296 1602 1628 1640 1614 1227 1632 778 1598 1104 302 593 900 2620 715 1102 1116 827 1299 1146 2527 1068 2245 2005 836 1976 2210 2297 280 1317 1325 1033 2576 1245 679 1333 2404 2408 2499 707 2599 2416 2519 2088 208 1126 333 921 1295 2071 1736 2522 2078 2091 2309 2037 2272 2054 524 1305 2251 2595 2048 2523 2258
428 281 623 181 579 243 2655 1234 80 2326 1232 1885 2123 1887 2125 2662 2669 825 189 814 1085 930 2856 740 1129 1061 3051 1456 1972 2202 1084 2912 2775 2864 719 1970 2200 1989 2221 2074 1458 2428 1173 1177 1178 2112 1861 2262 789 357 1122 981 306 1517 2383 2396 824 2680 1189 304 2791 356 2223 262 264 367 369 1457 2429 2946 1174 1183 1872 1874 2928 2929 1864 2263 2264 2697 888 617 885 2679 2985 1987 2076 2304 1459 1185 1179 1180 1184 2114 2963 3053 2306 2035 2036 2965 2261 14 51 2038 53 32 1862 15 1 1863
244 2712 443 2380 2714 1278 1503 1475 1445 927 2374 1835 1827 1818 2370 562 2192 1953 928 1770 1510 1793 901 61 278 2913 29 8
132 882 487 2751 2641 62 1226 1229 1587 2636 2635 1654 2853 188 1094 1045 2236 2995 375 331 1568 1413 168 284 2234 2818 1996 1292 1480 712 576 1159 1004 2870 731 406 143 144 1471 717 1423 424 608 1933 2167 437 183 2117 1483 1778 1805 2118 1787 1802 1161 1162 1202 3040 3041 3058 258 161 495 365 875 1749 2852 282 393 1079 1087 1935 2948 1882 1883 1452 1450 2830 586 329 1490 1998 1204 1563 1168 1562 3019 3027 385 448 557 1153 1493 2842 584 780 781 313 315 1190 1167 1212 1569 2025 2280 42 2169 1210 1860 1865 2023 2052 2249 309 3004 2050 16 2260 2278 44 49 2030
517 545 2346 2660 603 473 1322 1892 2132 2159 1001 1920 866 727 2002 1489 492 197 1779 1806 3042 1470 1786 1801 2068 90 720 1358 3028 1451 2302 1198 1557 1577 3039 2817 1494 2231 2043 3057 261 2753 2270
466 561 696 190 697 108 770 1612 1608 1943 1340 1645 368 360 273 2785 263 1214 2755 2812 1194 1881 2109 155 2988 3009 43
378 578 652 219 1242 2713 1897 2127 2476 2549 324 2650 2706 36 2708 2700 86 88 2809 2808 2806 2804 2803 880 1286 241 242 2609 57 881 2619 1192 1378 1534 1287 3006 1434 2207 2155 2488 1531 1472 1532 2627 1138 1473 502 433 2967 1135 1059 1134 523 951 2983 2998 503 307 2579 201 1028 1137 1927 1535 1973 2013 2243 2506 1058 2624 2625 2801 1224 2718 410 416 742 926 2563 3026 1220 1221 2953 2981 511 2051 2077 1021 953 1155 2754 308 1027 2702 1441 1442 2510 2583 2628 1223 2722 380 409 2248 2601 3076 1205 1206 1219 1222 3022 3024 2103 521 19 1376 305 255 2950 415 741 2545 1191 1859 2092 3029 12 482 379 2474 2314 2528 30 18 45 2307 2588 3059 11 34 54 55
2637 454 118 2659 2696 1262 1907 2482 2776 33 2555 2760 2141 456 772 1618 2732 1684 2810 2611 2699 2857 228 230 1367 2717 2621 2610 1683 1443 2616 453 2884 2617 2128 1790 2888 2233 2508 853 116 85 2477 735 2188 2568 1552 749 1478 1522 1842 2966 1241 748 600 2982 364 452 525 1951 2887 2792 1898 1950 2495 1705 1974 2580 2907 2569 854 1350 2550 2849 549 734 2189 1533 1843 1991 2581 2208 2507 2705 1026 1057 1127 2908 2910 1136 2703 2980 397 704 1349 516 2658 950 162 646 647 548 2496 1767 1157 2721 508 598 754 2794 2883 2909 2986 366 41 2926 746 2987 2989 2952 2 522 2707 489 35 402 48
2719 919 2649 622 832 1280 467 1644 2724 826 2885 1289 2802 2901 1650 2854 2886 2902 2715 876 1651 745 1213 1740 1814 1078 1086 2158 2160 372 352 1868 2151 1073 694 251 695 1913 1601 1980 1049 1856 1990 2224 2218 978 1735 1919 2807 178 407 1187 1925 2774 1468 543 1576 267 2100 1072 2772 2782 2784 358 1469 1488 886 1556 1201 1209 2045 752 1050 438 1487 2257 2047 2046 2273 2274 22 1193 1867 272 2027 9
2701 878 2906 1231 2634 873 1228 69 2795 2067 484 392 1518 205 1348 2639 2065 869 1960 2899 1144 564 860 469 614 2904 2820 1355 537 3064 1946 2947 130 2644 2951 2934 2938 3062 157 536 1948 1962 187 1030 1961 2898 2939 2822 131 1963 2935 1199 47 5
571 104 828 1258 1646 2903 673 1686 750 709 795 1873 349 2341 1986 506 1912 983 2373 972 580 1324 184 2663 328 1944 625 1694 2589 1813 2827
872 2358 471 1276 2646 1660 1277 2376 687 918 303 470 572 968 2930 955 2298 2533 1676 1581 2925 2256
2758 2653 2330 100 2654 2757 400 398 102 1248 1903 1905 2135 2133 2638 2656 101 1906 2136 1119 1121 612 2305 401 520 595 170 260 1042 254 1083 125 510 1249 1297 615 103 486 1930 1931 2164 518 1904 2740 3075 2303 2449 2466 1520 3044 597 1043 1082 485 3068 2847 148 3070 613 182 3046 417 420 1092 2163 2425 2134 1093 2424 1929 2331 240 418 594 596 1044 1041 1928 186 435 2848 2073 2075 2739 2746 355 2829 2834 2846 1196 3045 3047 3034 2056 2651 1521 419 2162 2165 2744 2743 2833 408 2799 2450 149 153 2749 353 2845 1216 3071 3037 2058 2253 2255 2354 120 121 124 152 2745 2750 252 3069 2282 1120 2851 2059 166 2841 4 31 2285 38 10
457 2728 2736 2666 2690 676 1269 2483 2556 2837 2889 2825 2871 441 2612 1908 159 160 259 2838 2826 2975 3054 2142 257 682 779 2923 2955 3066 221 777 662 2943 870 846 6
180 653 1268 2325 1899 2137 2340 1592 2344 1649 220 1680 1717 1056 1091 833 1668 1133 1902 2140 1142 2339 2343 1664 862 1672 2327
718 1616 1246 2704 2672 377 2332 1889 1891 2131 2129 2752 2797 1656 1294 1781 481 773 1145 1455 1296 2385 1492 2892 1152 616 1677 1448 2426 1165 2377 1323 1454 775 855 2180 154 1160 1485 1486 1449 1491 1780 1807 1808 2451 2452 2874 2893 2196 237 238 2920 2941 2107 1695 2813 2427 2026 2182 1582 2875 299 542 2921 2940 1166 1172 1207 1565 1877 2105 2024 2279 206 2198 298 887 1171 1879 2250 2252 56 1570 1571 2053 1564 2055 2281
2742 2748 2773 2783 899 1284 3018 2352 857 2541 3067 2603 997 3043 1011 164 2286 1015 390 1774 1561 195 1186 1871 3005
1306 539 1308 2143 2478 2557 1589 1921 2861 1288 1069 1034 631 634 344 247 462 618 938 498 1625 956 942 1724 643 231 657 666 1611 1637 1111 2350 1607 1728 2518 1702 1708 1107 476
2765 2678 2684 2789 1304 1658 2876 2490 2562 799 2615 2894 1689 738 348 2247 2497 2618 494 2570 903 3061 1937 248 176 2312 1964 2727 2762 3049 39
1588 1626 1630 1604 294 1638 776 1596 105 288 605 626 1428 1024 838 1653 1110 1396 1066 1420 1690 1952 1975 1031 2191 1701 2209 959 1106 1463 1502 1391 1006 2520 2369 1723 527 911 1432 1118 1404 1707 1727 1526 1539 2498 2521 2575
2323 2139 1901 82 2338 2342 807 226 819 823 845 851 765 1840 2915 1848 664 65 2493 2537 1784 2018 223 1687 2540 1811 2566 2174 7
841 2756 541 1622 1251 954 1038 2571 1065 2502 714 1498 107 801 2361 250 2187 904 1530 2368 207 1956 2213 1467 2080 706 678 2184 2365 1543 1983 2529 733
236 758 762 96 792 74 810 67 2004 490 764 1777 1800 1817 1826 1619 465 2415 2244 2411 669 1641 690 1633 2421 2436 2593 332 895 2072 788 1615 2419 2095 2445 234 621
1254 1264 1250 864 78 1272 960 1097 663 1117 2357 1783 2384 1984 1799 1839 2214 1823 1542 1716 1529 2572 1347 1847 1466 1776 1831 2009 2420 2503 1497 2239 1386 721 1810 2412
800 2149 794 1678 829 565 2403 2695 837 179 1513 1409 1655 1918 638 971 1501 1075 2839 1985 2215 2447 3000 698 1410 2157 1939 1911 2781 1804 2897 2044 133 3072 2177 2800 1559 1579 2657 2271 449 46
1606 106 768 1610 2694 1263 2805 2863 2865 1662 2671 2337 340 588 783 196 1762 566 2911 2422 2381 736 2379 1837 2470 2917 1845 2793 2471 1691 2918 25
2661 2674 2798 2698 2869 939 1237 1566 151 286 2614 287 311 337 1265 215 2819 1481 336 2984 310 1854 945 2514
1923 1636 802 2147 2997 1652 1674 1682 1036 553 2395 1544 894 1496 2363 2391 431 1995 992 689 2730 1573
2648 2631 2796 2816 569 432 552 739 722 175 2390 1053 1692 1965 1130 1139 1088 2711 2203 2394 1188 156 2670 450
1634 1909 1624 3013 134 582 2069 1512 1828 1870 83 1572 544 1744 774 964 1465 2039 1553 1405 1176 2764 2738 3052 2573 1203
796 72 64 681 300 591 2592 1769 1447 1438 1712 1416 693 81 2212 791 769 95 809 87 2453 2355 1978 3031 2578 2591 925 2086 92 210 1768 2317 1446
2480 2559 413 2348 1238 2608 1600 1285 1096 907 787 716 1032 1312 897 1281 692 334 1108 1328 1336 2485 680 952 1389 1064 2081 1109 1067 2144 1729 2082 1922 1461 1105 203 675 1316 2552 1528 1037 1725 2516 412 835 1112 1541 1500 2145 1699 1545 1713 2438
2553 2486 883 2328 1098 1419 1123 2512 472 2511 1957 2362 2936 1516 1341 670 289 700 671
2630 316 2673 1594 1893 2119 1895 2121 1752 1999 732 1896 395 559 1789 1147 77 505 1595 1894 319 2675 2122 3016 426 610 1080 2120 169 1039 2668 1833 784 2235 446 730 979 2688 2692 1997 785 274 359 2237 999 2664 2681 2685 587 589 2993 3002
2484 2551 1236 1620 1617 877 1346 1435 1271 218 798 214 659 585 1829 2439 2448 1334
1642 1590 1330 547 751 813 935 965 581 2241 2481 2349 93 2435 343 2011 1319 1301 1924 2867 2560 628 654 2146 633 246 2083 969 931 2406 2402 1307 235 1327 1335 2094 2311 2456 1293 947 1239 447
2900 2492 2565 2097 737 1792 1063 388 961 1393 2927 986 761 2991 283 604 1375 439 2682 1629 150 1383 3032
2859 1670 2831 2877 620 1621 2597 1412 973 89 660 1593 989 142 923 2372 2294 637 2216 915 429 126 2401 1721 1279 194 2291 2969 123
1332 1941 2179 1759 2647 2890 2872 574 2126 1233 71 174 285 2652 1971 1992 405 192 404 338 341 2201 172 403 2945 2181 1356 2687 1484 2195 2300 1888 2693 2891 2944
2843 2895 2855 1666 624 567 276 2525 910 759 209 1731 757 1821 2364 2761 1253 1733 2417 1567
1949 2183 2232 2003 767 91 1247 635 158 2371 933 1395 665 464 2367 1910 1403 2148 167 2974 233 2954 3065 114
630 656 1424 2731 2821 1005 2994 292 99 2333 488 609 1124 3020 2130 1932 2066 1722 1453 686 1726 917 1040 1095 2469 1046 889 423 1890 1291 1081 3010 2166
668 1505 2532 988 987 1758 1017 1886 2329 211 322 1477 1464 2961 1318 2295 3048 1211 871
1125 1698 683 1675 702 1609 222 924 2554 1113 743 2266 1090 2976 1773 2691 1586 1195
1775 1916 1798 1820 1880 335 1661 974 361 831 568 2347 940 1371 1538 3003 202 312
1514 1794 1822 1830 1599 528 914 2238 1025 291 606 1002 583 1771 297 902 320 658 216 212 2228 1384 2008 2407
1613 2878 1824 1519 1141 354 147 943 1558 672 2007 1756 2513 526 1663 1967 345 1257 2500 2735 2786 430 1875 771 2487 2006 1421 436 1584 1170 2734 701 2924
2896 1815 550 2154 1876 1580 129 1016 1283 1331 1012 2763 122 2197 2709 684 2787 640 1047
137 644 793 2110 314 256 381 998 200 2161 1460 1400 1055 2577 1977 2226
797 115 2178 1029 803 1148 387 985 763 1394 1546 479 500 531 434 1926 2914 2919
1585 1795 744 1748 59 847 1397 468 75 2398 1959 3074 729 3055 1836 382 976 920 21 975
896 708 535 2104 501 2479 834 1583 2108 1181 2098 629 1540 957 1339 2770 2315 949 1603
139 922 1128 198 1639 141 1290 1357 2978 193 1273 1499 1099 1408 2933 3060 2977 2345 1100 1732 1175
1772 425 253 958 1659 1132 1243 2240 1008 191 327 1062 1578 2860 2862 1525 127 3017 342 641
611 2382 811 1023 109 79 1703 1345 1994 2064 1320 2996 138 2392 1302 1140 1344 1709
944 1720 560 1143 905 2400 422 674 1235 1315 1267 1114 1495 1479 2299 1482 2574
279 451 1052 363 293 1993 1018 2168 135 540 362 1955 227 3007 321 2031 2152 2771
1007 1560 530 1427 2186 2461 2246 1337 2558 1706 478 2504 515 2194 2205 1163 1575 60
339 1766 713 2546 1261 2465 2220 376 575 1275 2301 2386 577 1215 1866 1988 2667 2686
1402 1401 2747 1671 2225 2501 1667 245 2359 1966 963 3015 270 1506 1958 2882
1426 2725 414 330 1954 2204 2193 463 1300 2710 2062 232 2096 946 2313 1418
1574 1982 982 2931 1700 2832 648 2726 980 2790 1679 2741 592 1797 893 2737 2115 3025 2101 277
703 2319 1311 912 929 1627 2405 1536 2360 461 691 699 3078 1537 856 2733 1164 1076 1554
2113 642 967 977 2010 941 2409 1309 619 937 2531 2292 171 667 1313 2173 1101
2423 2321 2866 2759 2972 636 2229 346 1523 1719 2844 874
884 1048 2850 1255 1938 2138 650 1326 2185 128 2375 2880 2640 3001 2397 2881 396 2001
2956 2433 994 2171 2418 782 146 2388 445 145 3073 2957 2432 1462 2958 1844
1914 1314 2505 1208 2999 3050 1816 2124 2085 1704 1343
326 2227 136 1310 2780 639 2932 2814 1051 3077 2106 2643 2779 275 1947
1169 1527 351 1035 1711 2322 1342 2937 2916 2766 3023 1115 1182 1417 2973
2190 2000 2366 249 2607 2211 2454 2442 383 2440 2222 1915
1693 2176 2230 1060 2153 370 1796 185 655 2964 2156 1869
534 2217 2873 1825 2150 2199 1338 1429 1197 1365 497 1070
2219 2979 2526 551 2992 1074 2316 2351 2441 1878 645 1979 1981 2971
1697 496 1077 2879 1791 347 265 1969 1917 1857
1200 2111 2922 3012 2788 1524 2413 934 1425
1071 2942 3063 649 1555 2676 1549 394 480 3014
2959 444 753 1940 1321 558 2320 1715 2410 2723
556 2949 1934 384 2061 728 1788 2828 140 2769 2729
1803 2084 1900 2840 350
