0 4 115 420 857 1013 1284 1285 1925 2013 2159 2243 2350 2422 2488 2514 2561 2587 2613 2623 2630 2639 2799 2804 2805 2806 2807 2808 2809 2913 2991 2998 3018 3020 3022 3024 53 746 774 1229 1230 1882 2116 2323 2475 2548 2608 2637 2640 2641 2642 2643 2644 2645 2803 1 114 1012 2012 2242 2421 2513 2586 2622 2914 2999 3019 3021 3023 3025 26 41 52 219 232 255 302 342 385 393 396 479 537 538 661 680 753 1127 1853 1854 1855 1858 1859 1960 2014 2047 2060 2096 2307 2470 2544 2601 2627 2917 3030 3058 3073 3076 36 45 317 329 397 1026 2102 2252 2321 2423 2473 2515 2547 2570 2599 2600 2602 2624 2912 3026 3027 3031 55 522 2077 2098 2099 2103 2198 2265 2290 2314 9 31 322 1061 2320 2440 2474 2497 2535 2545 2625 2915 3055 3059 3 1138 2471 2628 2918 3074 2528 2588 35 1098 2457 2626 2916 49 112 113 318 343 918 1150 23 2322 2381 10 2618 42 2
16 32 99 513 874 909 1299 1350 1657 1659 1686 1688 1940 1955 2166 2193 2361 2380 2489 2496 2562 2569 2631 2634 2812 2815 2856 2858 2860 2864 2866 2868 2869 2871 2887 2903 2907 2909 1231 1594 1595 1439 1763 1765 370 394 395 1154 1522 1553 1554 1837 1838 1157 1447 1585 1586 1767 1768 1151 1567 1568 1155 1472 1583 1584 1795 1796 1533 1844 1845 1503 1818 1819 88 89 390 34 1152 1153 1156 1351 51 1552 1582 1691 50 1581 1690
48 56 204 495 799 801 1610 1612 1895 1897 2133 2135 2629 2638 2654 2656 2729 2730 2751 2752 3075 12 870 872 1653 1655 1928 1930 2168 2170 2651 2833 2834 2845 2846 11 871 873 1654 1656 1929 1931 2169 2171 2653 2829 2830 2841 2842 47 494 800 802 1611 1613 1896 1898 2134 2136 2725 2726 2747 2748 422 426 510 511 1040 1042 1556 1558 1779 1781 1865 1866 2028 2029 2050 2051 2254 2256 3036 3037 421 425 1557 1559 1863 1864 2027 2030 2048 2049 533 535 1571 1573 2253 2286 2287 532 534 1570 1572 2255 2288 2289 1085 1087 1806 1808 3039 27 141 142 1041 1086 28 139 140 1039 1084 1550 1780 1807 1778 1805 3038
54 61 63 110 985 1396 1738 1991 2225 2404 2508 2621 2707 2708 2802 2987 2988 2990 1288 1650 2647 2648 2905 22 793 1240 1600 1893 2123 2330 2476 2609 2714 2718 2722 1121 1547 1836 1894 2717 1548 2124 1551 1790 2477 2713 1843 2721 69 794 1158 1241 46 1601 2331 2610 21
58 60 158 160 1005 1007 1133 1135 1424 1426 1530 1532 2727 2745 2763 2783 2924 2932 2958 2968 25 1671 1673 2861 2904 15 2563 2615 2867 815 817 1258 1260 1832 1834 154 189 274 277 933 935 2711 156 187 276 279 525 528 1367 527 530 1369 808 942 810 944
77 79 166 168 1416 1418 1526 1528 1754 1756 1840 1842 2743 2767 2779 2926 2930 2954 2972 33 908 2379 2568 2616 2910 24 2863 1254 1256 1602 1604 2712 998 365 366 437 623 1168 1169 1359 367 368 439 625 1170 1171 1361 1615 1693 1716 1617 1695 1714
80 82 200 202 991 993 1398 1400 1500 1502 1810 1812 2735 2738 2787 2790 2933 2970 2986 3060 2351 2352 841 843 1272 1274 1632 1634 2736 2788 201 203 990 992 1397 1399 2733 2928 2931 81 83 1499 1501 1809 1811 2785 2969 2971 275 278 364 431 432 465 468 842 951 954 1723 1725 369 435 436 466 467 844 952 953 1179 1181 1273 1182 1184 1275 1633 1722 1635 1724
91 93 176 178 1019 1021 1142 1144 1432 1434 1535 1537 2737 2749 2773 2786 2936 2944 2960 2978 709 711 1329 1331 1675 1677 2672 2682 2838 2908 2362 2376 2378 155 157 811 813 2768 2417 2419 159 161 1529 1531 1839 1841 2780 2955 2973 186 290 291 531 549 550 820 938 945 188 536 553 554 822 940 947 288 1174 1175 1259 1366 293 1176 1177 1261 1368
94 96 211 213 1093 1095 1393 1395 1496 1498 1742 1744 2781 2939 2976 2993 3061 173 175 1301 1303 1667 1669 2669 2826 2827 2878 637 639 889 891 1314 1316 2683 2843 2896 30 2336 2611 2756 325 326 350 352 469 470 838 840 1172 1265 1267 1631 1730 1731 1820 2791 353 355 471 472 1167 1629 1732 1733 1822 324 526 971 972 1101 327 529 973 974 1103 1506 1508
107 109 190 192 1428 1430 1539 1541 1758 1760 1847 1849 2769 2938 2942 2964 2974 3014 3067 713 715 904 906 1325 1327 2670 2832 2840 2900 714 716 905 907 1326 1328 2671 2837 2897 2346 2348 344 345 379 380 423 438 675 1162 1163 1255 1358 348 349 383 384 424 440 677 1164 1165 1257 1360 1549 1607 1702 1705 1798 1609 1700 1707 1800 1069 2966 1067
116 118 294 296 1354 1356 1515 1517 1961 1963 2074 2076 2199 2201 2304 2306 2382 2384 2467 2469 2652 2693 2697 2911 2927 2946 2951 3045 3053 3065 3069 585 587 1233 1235 1886 1888 2126 2128 2327 2329 2676 2687 2694 2950 586 588 1232 1234 1885 1887 2125 2127 2326 2328 2655 2673 2680 2686 2691 2698 295 297 1355 1357 1962 1964 2200 2202 2383 2385 2923 2935 2940 2947 117 119 1514 1516 2073 2075 2303 2305 2466 2468 3044 3052 3064 3068 103 105 252 282 351 447 448 590 692 1449 1451 1873 1874 2037 2045 2425 2427 3029 3033 100 102 250 284 354 451 452 592 694 1871 1872 2035 2043 1183 2111 2112 2261 2278 1180 2113 2114 2263 2280 1484 1486 2446 2448 3042 3056 1189 1190 1454 1481 1185 1186 1452 1479 2430 2443 2428 2441
121 123 195 197 876 878 911 913 1665 1684 2659 2661 582 584 795 797 2549 2706 2716 126 128 1022 1024 1761 2702 20 226 320 362 373 376 410 463 464 504 539 542 581 666 683 748 756 1130 1131 19 227 321 363 375 378 411 505 540 541 583 667 684 747 757 772 773 1029 1030 1773 2550 717 718 770 771 1064 1065 1139 1140 1099 1100 1813 2715 14 171 767 798 13 170 766 796
130 132 303 305 923 1122 1362 1364 1519 1521 1965 1967 2070 2072 2194 2196 2300 2302 2704 2753 2796 2813 2906 2945 3047 3051 3063 3071 1286 1287 1926 1927 2160 2161 2800 2886 2902 577 579 1280 1282 1921 1923 2155 2157 2766 2774 2784 506 508 1251 1253 1900 1902 2130 2132 2741 39 256 299 319 402 404 496 595 699 1075 1199 1202 1488 1490 1867 2025 2034 2053 2058 2267 2269 3034 3057 40 258 301 405 407 497 593 701 1201 1204 1862 2023 2032 2055 2056 323 328 1048 1465 1467 2258 2260 3028 3041 735 1207 1210 2246 2276 736 1209 1212 2244 2274 681 682 950 1458 1493 1456 1491 2387 38
135 137 481 880 882 999 2663 780 512 1262 1264 1266 2486 2792 1979 1981 2963 2965 1507 1509 2033 2031 826 824
148 150 427 429 925 927 1124 1126 2709 2798 2817 2851 246 248 866 868 1295 1297 1932 1934 2162 2164 2828 2839 627 629 893 895 1322 1324 1943 1945 2181 2183 2880 2881 762 763 1883 1884 2117 2118 2761 2762 2777 2778 307 308 332 333 356 358 399 400 403 449 474 476 1081 1083 1166 1480 1482 2054 3040 309 310 359 361 398 401 406 450 475 477 1161 2052 330 335 1058 1060 1453 1455 3035 720 722 1178 2259 2268 721 723 1173 2257 2266 8 143 1059 1082 7 138 1057 1080
215 216 572 803 805 1899 1901 2129 2131 2666 2667 2723 2746 892 894 1942 1944 2180 2182 2822 2877 2882 2893 2898 2819 2875 2891 926 928 1966 1968 2195 2197 480 1044 1046 2024 2059 2245 2247 2026 2057 2277 2275 1089 1091
220 221 687 689 1145 1546 1850 2097 2319 2546 2607 2614 2646 2820 2821 2984 2985 3032 3077 3078 688 690 875 1300 1666 1941 2167 2490 2633 2818 2857 2859 2865 2870 760 761 1589 2635 2636 6 230 312 386 388 416 459 460 498 514 524 543 672 752 758 1973 1974 2982 2983 5 231 311 387 389 417 461 462 499 515 523 544 673 751 759 2579 2580 2952 2953 2203 2204 2502 2503 2967 2980 2981 37 949 1374 1708 2619 1375 1709 2620
280 501 503 1277 1279 1918 1920 2152 2154 2347 2349 2657 2695 2765 2353 2355 1947 1949 2177 2179 2874 2890 571 1419 1421 1996 1998 2238 2240 2995 2996 3015 3016 482 484 1450 1485 1448 1483 2426 2447 2424 2445
413 415 668 670 850 852 1001 1003 1645 1647 1746 1748 1922 1924 2001 2003 2156 2158 2227 2229 2703 2758 2771 2862 2920 3001 3002 3007 3008 858 859 1651 1652 2755 2801 2814 2885 2901 412 414 849 851 1644 1646 2772 2782 428 430 930 932 1697 1699 2922 2934 377 434 516 518 1077 1079 1562 1564 1802 1804 374 433 519 521 1563 1565 1050 1052 1783 1785 1576 1578 1577 1579 1051 1078 1049 1076 1784 1803 1782 1801
483 485 657 659 1385 1387 1412 1414 1735 1737 1980 1982 2214 2216 2720 2740 2854 2919 2956 2989 2994 3013 418 419 2853 2948 744 745 1227 1228 1587 1588 2719 2739 658 660 1411 1413 1745 1747 2000 2002 2226 2228 2949 1384 1386 1734 1736 2213 2215 2957 2959 2977 2979 208 210 249 289 292 346 691 1457 1459 205 207 251 347 693 1492 1494 1188 1187
487 489 507 509 976 1250 1252 1984 1986 2222 2224 2732 2849 2962 597 599 1237 1239 2649 2658 2664 2675 2681 2688 2705 619 621 1334 1336 2848 663 665 3004 3010 486 488 975 1983 1985 2221 2223 381 551 552 1193 1196 2038 2044 2279 2281 382 1195 1198 2036 2046 1215 1217 2264 1214 1216 2262
491 493 732 734 978 980 601 603 782 784 1591 1593 1890 1892 2120 2122 245 247 1933 1935 2163 2165 2823 2824 2835 2836 669 671 1000 1002 3003 3009 149 151 1117 1119 2069 2071 2299 2301 3050 3062
574 576 1246 1248 2332 2334 2795 181 183 2852 180 182 1296 1298 2354 2356 3046 3070 283 591 1856 1857 1861 1869 2442 2444 285 589 1860 1868 2100 2429 2431 2101
578 580 662 664 854 856 1009 1011 1281 1283 1997 1999 2239 2241 236 238 1291 1293 2660 235 237 867 869 1292 1294 2662 853 855 1917 1919 2151 2153 2789 1008 1010 71 75 206 259 298 594 700 70 74 209 257 300 596 702 727 729 726 728 644 645 642 643 1466 1489 1464 1487
610 612 647 649 995 997 1408 1410 1461 1463 1787 1789 3006 3043 634 636 888 890 1317 1319 2690 2899 162 164 1306 1308 1668 1670 2677 2873 845 847 1640 1642 2396 2398 606 607 1102 1104 1641 1823 605 608 1643 1821 846 848
651 653 655 915 917 1346 1348 2617 2810 2847 914 916 1345 1347 1954 2192 2495 2632 2850 2872 775 776 1225 1226 2710 184 185 678 1191 1192 2308 1027 1028 1441 1442 198 199 1205 1206 2088 233 234 1221 1222 959 961 1370 1372 43 269 44 268 17 1224 18 1223
739 982 984 1389 1391 2581 2724 2731 2921 1936 1938 1937 1939 1276 1278 2797 391 392 453 707 679 2560 2793 29
740 741 986 987 1146 1147 2472 617 618 860 861 2650 555 557 823 825 1911 2141 2559 2700 2760 2776 2794 101 262 547 556 1128 1129 1912 104 263 548 558 243 244 2759 2142 1062 1063 2487 2775 1136 1137 229 920 228 919 2337 2612 2699
742 743 988 989 1148 1149 631 632 862 863 223 225 222 685 2021 2022 2078 2091 224 686 2019 2020 2079 2090 2518 2521 2519 2520 409 408
929 931 1118 1120 1696 1698 1833 1835 65 67 98 781 783 1590 1592 2119 2121 2674 2679 2685 2929 2558 2556
1054 1056 1309 1311 3049 1349 85 87 764 624 626 1435 1437 836 1109 834 1111 1701 1797 2578 2591 1715 1769 2501 2533
1402 1404 1469 1471 1750 1752 2040 2042 2414 2416 2437 2439 3012 765 779 281 924 111 272 1194 1879 1881 1977 2068 1197 1876 1878 1975 2066 1569 2459 1574 2461 1829 1831 1376 1378 1047
1405 1406 1544 1545 1739 1740 1851 1852 84 86 896 898 2678 2844 2892 897 899 2825 2889 674 1523 1524 676 1070 1072 1271 1269 1625 1623
1420 1422 2081 2083 2541 2543 614 616 864 1951 1953 2492 2494 708 831 1247 1249 2734 1388 1390 1875 1870 2594
1993 1995 2311 2313 2992 120 122 1683 2816 2888 194 196 2665 2811 807 809 2062 2064 719 724 1627 1689
2005 2007 2093 2095 2510 2512 620 622 900 902 2176 2178 2696 2876 2883 901 903 304 306 2485 2504 2483 2506
2009 2011 2283 2285 3000 163 165 1305 1307 2884 633 635 1318 1320 2173 2175 563 565 2143 2145 1014 1016 357 566 2017 2144 2146 360 564 2015 1213 1510 1218 1512 2297 2295
2231 2233 2410 2412 2433 2435 638 640 2172 2174 2367 2369 2684 2894 172 174 885 887 2358 2360 2831 2879 833 835 2338 2340 72 442 443 695 696 1110 2210 2212 2389 2391 73 444 445 697 698 1112 2107 2109 2298 2104 2106 2296
2235 2237 2316 2318 2604 2606 884 886 598 600 2668 1626 1053 1055 1468 1470 2770 1105 1107 2115 2577 2110 2575 2576 2207 2208 2205 2206
2249 2251 2583 2585 1313 1315 613 615 865 1628 1630 2728 1392 1394 1741 1743 1495 1497 3066 454 2554 2552
2397 2399 2418 2420 1321 1323 1946 1948 2375 2377 2689 2692 567 569 2750 654 656 994 996 2925 62 64 568 570 963 965
2401 2403 2450 2452 628 630 602 604 1889 1891 731 733 2742 2754 267 265 1575 1726 1727 1580 1728 1729 1074
2406 2408 2454 2456 910 912 66 68 1342 1344 777 778 57 59 1423 1425 1753 1755 2997 242 1770 1772 2392 240 2394 1475 1477 1791 1793
127 129 786 788 1762 2757 2855 981 983 456 2084 2087 2536 2538 458 2085 2086 2517 2529 2537 2516 2530 2539
134 136 145 147 1015 1017 1440 2701 881 883 559 561 1976 2063 1978 2061 2523 2593 2522 125 792 124 790
1023 1025 1289 1290 1436 1438 153 754 755 2937 3017 3048 3072 1219 1220 646 641
1333 1335 710 712 1676 1678 2185 2187 819 821 1614 1616 2137 2139 2744 2234 2236 177 179 1141 1143 2315 2317 2961 725 939 1692 1694 730 937 2140 2138
1337 1339 1679 1681 2188 2190 877 879 827 829 609 611 2764 1444 1446 1704 1777 1706 1775
1341 1343 1764 1766 1956 1958 1330 1332 2895 573 575 500 502 1971 1972 1969 1970 1476 1478
1648 1649 749 750 1004 1006 2004 2006 3011 1132 1134 2080 2082 152 455 457 934 936
1661 1663 2371 2373 1236 1238 90 92 652 1518 1520 1637 1639 239 2393 241 2395
1685 1687 785 787 76 78 1415 1417 1443 1445 1090 1088 1599 1721 1597 1719
1950 1952 2491 2493 1662 1664 1903 1905 2478 2480 1018 1020 2008 2010 2943 2092 2094 3054 473 478 1035 1037 2526 2524 1263
2184 2186 1302 1304 789 791 212 214 1992 1994 3005 95 97 1908 2067 1910 2065 331 2309 334
2357 2359 1338 1340 1680 1682 837 839 1427 1429 1757 1759 2941 490 492 2339 2341 1774 1776
2363 2365 1658 1660 1596 1598 167 169 1525 1527 2343 2458 2345 2460 943 1031 941 1033
2564 2566 1310 1312 1242 1244 131 133 1108 1106 2571 2573 1473 1474
1672 1674 1907 1909 106 108 191 193 2975 1200 1203 217 218
1957 1959 2565 2567 1636 1638 648 650 1749 1751 977 979 1815 1817 1880 1906 2018 1877 1904 2016 2590 2592
2189 2191 1606 1608 1363 1365 2310 2312 545 546 967 969 1619 1621 2273 2271
2364 2366 1622 1624 1401 1403 2413 2415 1092 1094 2453 2455 273 964 966 1377 1379 1113 1115
2368 2370 1618 1620 1431 1433 1534 1536 1846 1848 260 261 2463 2465 1703 2388 2390 830 828
2372 2374 1913 1915 2342 2344 2405 2407 2039 2041 2436 2438 253 254 287 1916 286 1914
1268 1270 2230 2232 1786 1788 371 372 1710 1713 1824 1711 1712 1826 2150 2211 2148 2209 313 314
2147 2149 144 146 270 560 1825 2089 271 562 1827 1208 1211 832
2324 2325 1407 1409 1460 1462 517 968 520 970 1380 1381 1382 1383 2108 2105
2482 2484 804 806 1123 1125 316 315 2498 2500 2507 2505 1045 1043
2551 2553 2248 2250 2582 2584 1538 1540 2603 2605 2574 2597 2598 2572 2595 2596 2272 2270 1066 1794
2555 2557 2400 2402 2432 2434 441 1555 446 1560 2462 2464
2333 2335 737 738 946 1034 1036 1513
2409 2411 2282 2284 2449 2451 2292 2294 812 1038 814 2219 2220 2217 2218
2509 2511 2540 2542 1561 1566 2525 2527 1799 2481 2479 2531
264 338 339 703 704 266 705 706 337 340 1096 1097 1504 1505 1245 1243
1989 1990 1987 1988 336 1071 341 1073 1160 1159
1032 1511 948 818 1605 1717 1792 1542
2589 1814 1816 816 2499 1543
1114 1116 1603 2532 1353 1352
1828 2293 1068 1771 921
1830 2291 957 2386
2534 955 769
1718 1720 1373 1371
768 922
958 956
962 960
