70 71 72 73 1351 1738 1376 1377 1378 1379 1507 1759 1760 1761 1762 1852 2381 2621 2457 2629 2015 2016 2017 2018 2537 2538 2539 2540 852 865 1155 1552 2915 2991 64 898 2080 2081 2082 2083 2519 2520 2521 2522 206 2630 1853 2473 3026 3076 1861 1864 3034 3037 1860 1865 3033 3038 0
110 111 112 113 804 805 806 807 750 751 2334 2335 1146 1147 2614 2615 86 87 88 89 907 908 909 910 554 555 2715 2716 57 58 2869 2870 1097 1098 2357 2358 478 479 2609 2610 65 482 2633 2802 258 259 2472 2626 2652 2655 257 260 2653 2654 495 496 2723 2724 444 445 530 531 728 729 743 744 874 875 1897 1898 2127 2128 2476 2477 2549 2550 2867 2868 1027 1028 1058 1059 1134 1135 1137 1138 1936 1937 2170 2171 2489 2490 2561 2562 2060 2097 2290 2319 2423 2440 2470 2471 2535 2546 2600 2607 2624 2625 2627 2628 2322 3075 221 222 682 683 846 847 870 871 2705 2706 2707 2708 2717 2718 2721 2722 379 380 409 410 415 416 741 742 2855 2856 2859 2860 2863 2864 2865 2866 2051 2248 2545 2601 1854 1859 2098 2103 2320 2321 2474 2547 3031 3032 3055 3060 3073 3074 3077 3078 2014 2077 2092 2265 2307 2314 2523 2528 2536 2588 2595 2602 1855 2102 3029 3059 1858 2099 3030 3056 6 7 35 36 11 12 39 40 25 29 52 56 23 24 26 27 51 53 54 55
116 117 118 119 812 813 814 815 1240 1241 1657 1658 532 533 1148 1149 903 904 905 906 90 91 92 93 704 705 766 767 1596 1597 1103 1104 1303 1304 235 236 1544 1819 61 516 386 387 388 389 162 163 239 240 452 453 548 549 734 735 748 749 1029 1030 1060 1061 1128 1129 1143 1144 1443 1478 1522 1533 1767 1790 1842 1843 1150 508 509 598 599 746 747 754 755 391 392 421 422 483 484 688 689 1151 1154 1156 1158 1547 1548 1550 1551 2 3 13 14 17 20
440 441 442 443 859 860 861 862 164 165 987 988 2336 2337 2616 2617 776 777 778 779 580 581 582 583 2699 2700 2857 2858 924 925 2379 2380 498 499 2611 2612 2400 2618 2645 2810 2694 2695 2696 2697 2731 2732 1907 1908 2141 2142 2482 2483 2555 2556 2811 2812 1950 1951 2188 2189 2495 2496 2568 2569 1964 1991 2190 2233 2497 2508 2570 2581 2913 2759 2760 2775 2776 2791 2792 2793 2794 2883 2884 2887 2888 2907 2908 2909 2910 2914 2916 2917 2918 2986 2987 2989 2990 32 33 41 42 43 48
454 455 456 457 866 867 868 869 176 177 1262 1263 985 986 1683 1684 600 601 602 603 786 787 788 789 524 525 1618 1619 500 501 1349 1350 1392 1689 2056 2057 2058 2059 2253 2254 2255 2256 2019 2020 2021 2022 2282 2283 2284 2285 1862 1863 3035 3036
223 224 225 226 1018 1019 1020 1021 880 881 863 864 2386 2387 2622 2623 2325 2613 662 663 664 665 951 952 953 954 899 900 66 67 2421 2422 2619 2620 2636 2637 2804 2805 2350 2608 1973 1974 2012 2013 2207 2208 2242 2243 2506 2507 2509 2510 2579 2580 2582 2583 2641 2642 2800 2801 2947 2948 2949 2950 1884 1927 2116 2155 2475 2488 2548 2563 2952 2953 2966 2967 2980 2981 2982 2983 2998 2999 3006 3007 3022 3023 3024 3025 2639 2640 2643 2644 2803 2806 2808 2809 44 45 49 50 28 34
1242 1243 1244 1245 1659 1660 1661 1662 798 799 324 325 1508 1509 1850 1851 745 1145 1305 1306 1307 1308 1598 1599 1600 1601 84 85 280 281 468 469 502 503 1545 1546 1813 1814 718 1096 1441 1442 1472 1473 1531 1532 1534 1535 1772 1773 1795 1796 1836 1837 1844 1845 178 179 407 408 1186 1187 1188 1189 433 719 740 926 1026 1057 1127 1136 1191 1192 1205 1206 1219 1220 1221 1222 1553 1554 1573 1574 1583 1584 1585 1586 201 366 397 402 489 511 521 523 18 19 21 22 1 8
227 228 229 230 1022 1023 1024 1025 764 765 1366 1367 1757 1758 878 879 1225 1648 674 675 676 677 959 960 961 962 901 902 68 69 1431 1432 1704 1705 1288 1591 1882 1883 1925 1926 2117 2118 2160 2161 2767 2768 2777 2778 2885 2886 2901 2902 2047 2048 2049 2050 2257 2258 2259 2260 2027 2028 2029 2030 2274 2275 2276 2277
1268 1269 1270 1271 1685 1686 1687 1688 853 854 1352 1353 1739 1740 427 428 190 993 1345 1346 1347 1348 1620 1621 1622 1623 772 773 560 561 1393 1394 1690 1691 494 919 356 357 694 695 1047 1048 1070 1071 237 238 298 299 542 543 886 887
76 77 78 79 316 317 318 319 1592 1593 1594 1595 2658 2661 2669 2674 446 451 648 649 650 651 730 731 732 733 998 999 1000 1001 977 978 979 980 1885 1886 1887 1888 2123 2124 2125 2126 168 169 448 449 2657 2662 2670 2673 305 308 1734 1735 1736 1737 1749 1750 1751 1752 423 424 425 426 608 609 610 611 2663 2664 2667 2668 2687 2688 2691 2692 1039 1040 1041 1042 1080 1081 1082 1083 255 522 1549 2919 2988 166 171 304 309 1778 1779 1780 1781 1805 1806 1807 1808 1987 1988 1989 1990 2000 2001 2002 2003 2221 2222 2223 2224 2229 2230 2231 2232 636 638 639 641 698 700 701 703 249 251 252 254 350 352 353 355 2946 2951 1556 1557 1558 1559 1576 1577 1578 1579 2954 2956 2957 2959 2974 2976 2977 2979 2993 2994 2995 2996 3009 3010 3011 3012 9 10
724 725 726 727 470 471 472 473 714 715 716 717 158 159 447 450 2659 2660 1280 1281 1282 1283 1644 1645 1646 1647 1653 1654 1655 1656 1295 1296 1297 1298 373 374 375 376 710 711 712 713 156 161 2755 2756 1411 1412 1413 1414 2818 2821 1917 1918 1919 1920 2156 2157 2158 2159 192 193 194 195 336 338 339 341 1928 1929 1930 1931 2162 2163 2164 2165 2646 1157 2799 2753 2758 2817 2822 2769 2771 2772 2774 2779 2781 2782 2784 1468 1469 1470 1471 1487 1488 1489 1490 1786 1787 1788 1789 1801 1802 1803 1804 2823 2824 2827 2828 2835 2836 2839 2840 1185 1190 1193 1195 1196 1198 1213 1215 1216 1218 3001 3002 3003 3004 3014 3016 3017 3019 2035 2036 2037 2038 2043 2044 2045 2046 2261 2262 2263 2264 2270 2271 2272 2273 37 38
74 75 857 858 62 63 243 244 1433 1434 1435 1436 1714 1715 1716 1717 2078 2079 2088 2089 2090 2091 2308 2309 2515 2516 2517 2518 2529 2530 2589 2590
80 81 82 83 294 295 296 297 1236 1237 1238 1239 157 160 202 203 204 205 929 930 931 932 1121 1122 1123 1124 612 613 614 615 1893 1894 1895 1896 2119 2120 2121 2122 2693 2698 182 187 2651 2656 436 437 1354 1355 1356 1357 1518 1519 1520 1521 417 418 419 420 594 595 596 597 1043 1044 1045 1046 1092 1093 1094 1095 497 183 186 510 435 438 1448 1449 1450 1451 1491 1492 1493 1494 126 127 130 131 136 137 140 141 310 312 313 315 326 328 329 331 1960 1961 1962 1963 2195 2196 2197 2198 2065 2066 2067 2068 2299 2300 2301 2302 2920 2921 2924 2925 2940 2941 2944 2945 3044 3045 3046 3047 3068 3069 3070 3071 1199 1201 1202 1204 1207 1209 1210 1212 2023 2024 2025 2026 2052 2053 2054 2055 2249 2250 2251 2252 2278 2279 2280 2281 4 5 15 16
544 545 546 547 94 95 96 97 632 633 634 635 2671 2672 1258 1259 1260 1261 1321 1322 1323 1324 2375 2376 2377 2378 2330 2331 2332 2333 403 404 405 406 574 575 576 577 385 390 256 261 2710 2713 1388 1389 1390 1391 2849 2850 2396 2397 2398 2399 1903 1904 1905 1906 2133 2134 2135 2136 1938 1939 1940 1941 2176 2177 2178 2179 2807 2638 2711 2712 2848 2851 1452 1453 1454 1455 1483 1484 1485 1486 2424 2425 2426 2427 2449 2450 2451 2452 2739 2740 2743 2744 2745 2746 2749 2750 2872 2873 2874 2875 2890 2891 2892 2893 1173 1174 1177 1178 1179 1180 1183 1184 1871 1872 1873 1874 2111 2112 2113 2114 30 31 46 47
219 220 1016 1017 1230 1231 1649 1650 652 653 949 950 1286 1287 1589 1590 1856 1857 1866 1867 1868 1869 2100 2101 3027 3028 3039 3040 3041 3042 3057 3058
172 173 174 175 197 198 199 200 1232 1233 1234 1235 2326 2327 2328 2329 1358 1359 1360 1361 1514 1515 1516 1517 2382 2383 2384 2385 2466 2467 2468 2469 143 144 145 146 282 284 285 287 2675 2676 2679 2680 2681 2682 2685 2686 1456 1457 1458 1459 1479 1480 1481 1482 2428 2429 2430 2431 2441 2442 2443 2444 1161 1162 1165 1166 1167 1168 1171 1172 2928 2929 2932 2933 2934 2935 2938 2939 1877 1878 1879 1880 2105 2106 2107 2108 3050 3051 3052 3053 3062 3063 3064 3065
106 107 108 109 288 289 290 291 890 891 892 893 191 196 2677 2678 1008 1009 1010 1011 1671 1672 1673 1674 670 671 672 673 1606 1607 1608 1609 1062 1063 1064 1065 2191 2192 2193 2194 128 129 2741 2742 327 330 2889 2894 2266 2267 2268 2269 1791 1792 1793 1794 2238 2239 2240 2241 1384 1385 1386 1387 1575 1580 3015 3018
300 301 302 303 756 757 758 759 848 849 850 851 337 340 215 216 217 218 1250 1251 1252 1253 678 679 680 681 1602 1603 1604 1605 945 946 947 948 1333 1334 1335 1336 138 139 273 276 2843 2844 1753 1754 1755 1756 1415 1416 1417 1418 1710 1711 1712 1713 1181 1182 2936 2937 2841 2846 272 277
526 527 528 529 790 791 792 793 142 147 2683 2684 320 321 322 323 1264 1265 1266 1267 989 990 991 992 1663 1664 1665 1666 894 895 896 897 1632 1633 1634 1635 967 968 969 970 1313 1314 1315 1316 150 151 250 253 1395 1396 1397 1398 1730 1731 1732 1733 1169 1170 2930 2931 148 153 2842 2845
570 571 572 573 760 761 762 763 1254 1255 1256 1257 207 208 209 210 1130 1131 1132 1133 1675 1676 1677 1678 2780 2783 360 361 1527 1528 1529 1530 2819 2820 1692 1693 1694 1695 393 394 395 396 1946 1947 1948 1949 780 781 784 785 2878 2879 2880 2881 358 363 1562 1563 1564 1565
590 591 592 593 768 769 770 771 211 212 213 214 2137 2138 2139 2140 1012 1013 1014 1015 1679 1680 1681 1682 332 333 334 335 1610 1611 1612 1613 2184 2185 2186 2187 941 942 943 944 122 123 2747 2748 2831 2832 368 371 1700 1701 1702 1703 2244 2245 2246 2247 1567 1572 121 124 367 372 2829 2834 1569 1570
604 605 606 607 800 801 802 803 1272 1273 1274 1275 736 737 738 739 1053 1054 1055 1056 2491 2492 2493 2494 585 588 2770 2773 2895 2900 1464 1465 1466 1467 2531 2532 2533 2534 584 589 2897 2898 274 275
684 685 686 687 794 795 796 797 458 459 460 461 820 821 822 823 283 286 920 921 922 923 1624 1625 1626 1627 1113 1114 1115 1116 2367 2368 2369 2370 1745 1746 1747 1748 2462 2463 2464 2465 1828 1829 1830 1831 2409 2410 2411 2412 1561 1566 3000 3005 120 125 369 370
808 809 810 811 911 912 913 914 658 659 660 661 2342 2343 2344 2345 994 995 996 997 1667 1668 1669 1670 690 691 692 693 1640 1641 1642 1643 2359 2360 2361 2362 963 964 965 966 1718 1719 1720 1721 2405 2406 2407 2408 2830 2833
830 831 832 833 915 916 917 918 429 430 431 432 1276 1277 1278 1279 1942 1943 1944 1945 706 707 708 709 782 783 2877 2882 1975 1976 1977 1978 306 307 2069 2070 2071 2072 3008 3013 2151 2152 2153 2154
102 103 104 105 132 133 134 135 411 412 413 414 485 486 487 488 624 625 626 627 1291 1292 1293 1294 184 185 2754 2757 2847 2852 556 557 558 559 1889 1890 1891 1892 2129 2130 2131 2132 1076 1077 1078 1079 1084 1085 1086 1087 1932 1933 1934 1935 2166 2167 2168 2169 586 587 2725 2726 2729 2730 2733 2734 2737 2738
562 563 564 565 826 827 828 829 474 475 476 477 834 835 836 837 2346 2347 2348 2349 504 505 506 507 2709 2714 167 170 434 439 1913 1914 1915 1916 381 382 383 384 534 535 536 537 2180 2181 2182 2183 1049 1050 1051 1052 1072 1073 1074 1075 2896 2899 359 362
98 99 100 101 517 518 519 520 398 399 400 401 490 491 492 493 1117 1118 1119 1120 2353 2354 2355 2356 2073 2074 2075 2076 2303 2304 2305 2306 149 152
268 269 270 271 816 817 818 819 1636 1637 1638 1639 628 629 630 631 1099 1100 1101 1102 2371 2372 2373 2374 2786 2789 263 266 2871 2876 1809 1810 1811 1812 2458 2459 2460 2461 1820 1821 1822 1823 2445 2446 2447 2448 3061 3066 2787 2788 264 265 1568 1571
512 513 514 515 842 843 844 845 346 347 348 349 1628 1629 1630 1631 1031 1032 1033 1034 1952 1953 1954 1955 1763 1764 1765 1766 2031 2032 2033 2034 1774 1775 1776 1777 2008 2009 2010 2011 262 267
538 539 540 541 774 775 876 877 1741 1742 1743 1744 1824 1825 1826 1827 2417 2418 2419 2420 2761 2763 2764 2766
466 467 882 883 838 839 840 841 1362 1363 1364 1365 1427 1428 1429 1430 1696 1697 1698 1699 1163 1164
2665 2666 2689 2690 180 181 927 928 578 579 1125 1126 1832 1833 1834 1835 1194 1197 1214 1217 855 856 154 155
377 378 872 873 1088 1089 1090 1091 2564 2565 2566 2567 1109 1110 1111 1112 1956 1957 1958 1959 2825 2826 1503 1504 1505 1506 1965 1966 1967 1968 1495 1496 1497 1498 2571 2572 2573 2574 1876 1881
550 551 552 553 1899 1900 1901 1902 1139 1140 1141 1142 1284 1285 311 314 2225 2226 2227 2228 2093 2094 2095 2096 2295 2296 2297 2298
566 567 568 569 2338 2339 2340 2341 2172 2173 2174 2175 975 976 2143 2144 2145 2146 2363 2364 2365 2366 1317 1318 1319 1320 2104 2109
1226 1227 622 623 696 697 1002 1003 1004 1005 981 982 983 984 1423 1424 1425 1426 2719 2720 2861 2862 824 825 2751 2752 2853 2854 1979 1980 1981 1982 1996 1997 1998 1999 2217 2218 2219 2220 2234 2235 2236 2237 2960 2962 2963 2965 2968 2970 2971 2973
1006 1007 1228 1229 1289 1290 1587 1588 1651 1652 231 232 233 234 2955 2958 480 481
642 643 644 645 720 721 722 723 2323 2324 2351 2352 351 354 2413 2414 2415 2416
1246 1247 1248 1249 1614 1615 1616 1617 1329 1330 1331 1332 245 246 247 248 933 934 935 936
342 343 344 345 1035 1036 1037 1038 2484 2485 2486 2487 1325 1326 1327 1328 699 702 1536 1537 1538 1539 2524 2525 2526 2527 1208 1211 3049 3054 2785 2790
462 463 464 465 1066 1067 1068 1069 1909 1910 1911 1912 1299 1300 1301 1302 3067 3072
618 619 620 621 1105 1106 1107 1108 2551 2552 2553 2554 955 956 957 958 1726 1727 1728 1729 2969 2972
654 655 656 657 1921 1922 1923 1924 2837 2838 1368 1369 1370 1371 2039 2040 2041 2042 1706 1707 1708 1709 1175 1176
666 667 668 669 2147 2148 2149 2150 937 938 939 940 1337 1338 1339 1340 637 640
2478 2479 2480 2481 971 972 973 974 2762 2765 1372 1373 1374 1375 2541 2542 2543 2544 1403 1404 1405 1406 1722 1723 1724 1725 2942 2943
2557 2558 2559 2560 1341 1342 1343 1344 2735 2736 1782 1783 1784 1785 1419 1420 1421 1422 364 365
1309 1310 1311 1312 1510 1511 1512 1513 1838 1839 1840 1841 2203 2204 2205 2206 2310 2311 2312 2313 188 189
2727 2728 1380 1381 1382 1383 1992 1993 1994 1995 2453 2454 2455 2456 241 242 2922 2923
1444 1445 1446 1447 1846 1847 1848 1849 2388 2389 2390 2391 1540 1541 1542 1543 2213 2214 2215 2216 2631 2632
1474 1475 1476 1477 2392 2393 2394 2395 2511 2512 2513 2514 2436 2437 2438 2439 2961 2964
2584 2585 2586 2587 1437 1438 1439 1440 1768 1769 1770 1771 2575 2576 2577 2578 2084 2085 2086 2087 2591 2592 2593 2594 1555 1560 3043 3048
2286 2287 2288 2289 1407 1408 1409 1410 1499 1500 1501 1502 1815 1816 1817 1818 2209 2210 2211 2212 2401 2402 2403 2404 2975 2978 2992 2997
2603 2604 2605 2606 1399 1400 1401 1402 2315 2316 2317 2318 2647 2648 2110 2115
114 115 1983 1984 1985 1986 2061 2062 2063 2064 2432 2433 2434 2435 59 60 292 293 1870 1875
1460 1461 1462 1463 2004 2005 2006 2007 2291 2292 2293 2294 2649 2650
1523 1524 1525 1526 1797 1798 1799 1800 2703 2704 646 647 2813 2814 888 889
2498 2499 2500 2501 2797 2798 2634 2635 2903 2904 278 279
2502 2503 2504 2505 2795 2796 2905 2906 1159 1160
2596 2597 2598 2599 1200 1203 2701 2702 2815 2816
752 753 2911 2912 2926 2927 2984 2985 3020 3021
616 617 884 885 1969 1970 1971 1972 2199 2200 2201 2202
1152 1153 1223 1224 1581 1582
