0 1 9 10 21 22 30 31 38 37 52 25 100 98 99 27 55 101 23 26 24 56 178 179 201 51 53 54 377 378 433 490 491 492 493 511 516 521 523 522 718 719 740 745 926 1553 1554 1552 1574 1573 1581 1584 1585 1582 1583 1586 1772 1773 1796 1795 1814 1813 1837 1836 1844 1845 1851 1855 1850 1858 1854 1853 2014 2060 2051 2077 2092 2098 2099 2102 2097 2248 2265 2290 2307 2314 2320 2321 2319 2423 2440 2457 2470 2471 2473 2472 2528 2523 2536 2535 2545 2546 2588 2595 2601 2602 2600 2607 2638 2651 2654 2656 2653 2799 3032 3031 3029 3030 3026 3055 3059 3060 3056 3074 3073 3076 3078 3077 3075
2 8 7 19 20 29 28 34 44 45 50 49 59 61 64 115 162 227 228 222 225 226 298 299 364 397 402 407 445 452 482 496 502 531 548 554 598 646 664 665 675 674 705 734 729 744 746 748 865 864 878 871 901 900 950 949 1017 1016 1026 1057 1127 1136 1160 1192 1220 1224 1231 1287 1378 1379 1435 1442 1436 1473 1532 1547 1535 1551 1591 1648 1704 1705 1758 1757 1767 1790 1843 1842 1859 1884 1927 1974 1973 2013 2012 2117 2118 2161 2160 2547 2548 2563 2579 2580 2582 2583 2608 2620 2619 2636 2637 2613 2622 2623 2630 2642 2641 2639 2640 2643 2644 2624 2627 2628 2625 2800 2801 2804 2805 2803 2806 2808 2809 2915 2947 2950 2953 2948 2949 2952 2967 2966 2981 2980 2983 2982 2991 2998 2999 3006 3007 3023 3022 3024 3025
4 3 12 17 15 33 35 40 39 58 89 118 120 121 149 154 148 157 160 230 236 262 264 293 367 369 381 382 456 534 535 647 778 806 807 856 905 906 954 1076 1084 1077 1085 1147 1157 1241 1262 1303 1304 1367 1544 1861 1864 1862 1863 2035 2038 2036 2037 2043 2044 2045 2046 2263 2261 2262 2271 2264 2270 2273 2272 2610 2611 2614 2615 2629 2652 2672 2674 2699 2723 2716 2798 2802 2819 2821 2869 2870 2984 3033 3038 3035 3036
6 5 14 18 11 36 32 47 41 48 86 92 111 125 124 152 153 170 257 306 383 384 441 439 450 469 536 537 564 580 645 704 777 789 824 860 869 924 987 986 1242 1269 1346 1393 1874 1872 1938 1940 1989 1987 2114 2112 2178 2176 2223 2221 2375 2396 2441 2428 2429 2442 2661 2695 2704 2731 2850 2857 2880 2881 2898 2899 2906 2963 2965 2973 2971
16 13 68 43 42 46 57 65 155 190 188 239 265 267 357 356 372 370 500 561 579 694 695 841 852 866 875 884 919 985 1078 1079 1087 1086 1124 1153 1225 1349 1351 1392 1556 1557 1577 1576 1587 1590 1676 1687 1691 1740 1786 1787 1801 1802 1833 1939 1941 2074 2076 2177 2179 2306 2304 2633 2635 2768 2767 2777 2778 2796 2812 2858 2878 2879 2896 2903 2897 2905 2913 3053 3051 3065 3063
172 94 66 71 146 145 158 159 173 198 285 287 373 374 449 711 710 724 804 879 1187 1190 1199 1202 1201 1204 1207 1209 1212 1210 1298 1296 1355 1357 1469 1470 1471 1468 1487 1490 1488 1489 1520 1518 1519 1521 1562 1568 1563 1569 1595 1616 1654 1693 1832 1860 1865 1935 1933 1963 1961 2027 2028 2030 2029 2047 2049 2050 2048 2065 2068 2066 2067 2167 2169 2196 2198 2257 2260 2259 2258 2276 2277 2275 2274 2299 2300 2302 2301 2632 2813 2823 2824 2836 2835 2847 2848 2934 2928 2929 2935 2946 3052 3050 3062 3064
60 63 74 75 123 130 141 163 858 876 1194 1223 1565 1575 1570 1879 2105 2110 2911 2912 2916 2917 2914 2918 3020 3021
62 67 84 85 126 127 136 137 166 167 417 418 499 563 562 595 594 1432 1431 1877 1878 1880 1947 1946 1949 1948 2025 2023 2026 2024 2052 2054 2053 2055 2106 2108 2107 2182 2180 2183 2181 2249 2250 2251 2252 2279 2281 2278 2280 2322 2376 2377 2378 2424 2426 2427 2425 2449 2452 2450 2451 2807 2874 2875 2872 2873 2892 2890 2893 2891 3034 3037
72 70 73 143 144 156 161 174 175 197 199 206 200 282 284 375 376 447 448 713 712 1185 1188 1236 1237 1238 1239 1354 1356 1549 1564 1571 1592 1594 1593 1694 1695 1692 1789 1788 1803 1804 1834 1835 1894 1893 1895 1896 1962 1960 2121 2122 2119 2120 2195 2197 2675 2655 2676 2679 2681 2682 2680 2686 2685 2693 2698 2694 2697 2938 2932 2933 2939 2951
69 79 78 114 122 150 168 177 214 213 549 765 1170 1867 2104 2101 2988 2986 2990 2989
76 77 82 83 129 131 128 320 321 322 323 331 329 358 359 435 438 628 631 629 630 894 897 895 896 889 1722 1723 1724 1725 1746 1747 1745 1748 1817 1818 1816 1815 2328 2329 2931 2930 2975 2976 2977 2978 2992 2993 2996 2987 2997 3061 3066
80 81 138 139 140 215 216 217 218 240 245 246 247 248 275 276 277 348 346 349 347 422 689 764 888 1151 1156 1200 1550 1710 1712 1713 1711 1770 1771 1769 1768 1839 1840 1838 1841 2325 2326 2327 2350 2941 2943 2942 2944 2969 2972 2968 3000 3003 3002 3005 3044 3043 3048 3047
87 95 88 96 107 108 202 205 332 335 662 677 678 681 706 709 730 733 770 769 787 788 796 795 802 801 827 832 909 904 920 923 1286 1300 1292 1318 1330 1326 1334 1350 1391 1463 1502 1530 1543 1546 1653 1689 1701 1702 1707 1708 1715 1716 1727 1728 1736 1956 2069 2072 2080 2083 2095 2184 2298 2295 2312 2369 2373 2379 2432 2453 2466 2521 2520 2525 2526 2598 2597 2626
90 93 97 102 106 109 134 208 280 290 333 524 529 565 582 607 663 679 707 721 768 771 776 779 800 797 794 803 826 829 902 913 921 1347 1385 1386 1434 1461 1462 1501 1500 1515 1516 1529 1528 1542 1541 1677 1750 1793 1792 1820 1823 1831 1828 1819 1958 1984 1985 2009 2082 2081 2186 2214 2215 2239 2357 2353 2371 2367 2384 2408 2404 2500 2499 2519 2522 2577 2576 2618
91 103 104 119 116 132 135 388 387 412 413 485 488 814 813 903 1150 1154 1158 1167 1168 1171 1169 1172 1548 2088 2089 2589 2590
110 112 113 185 182 184 187 221 327 330 326 328 366 444 478 479 489 497 530 728 743 750 751 870 907 910 908 1598 1599 1600 1601 1659 1660 1661 1662 1898 1897 1936 1937 2550 2549 2561 2562 2706 2705 2707 2724 2718 2721 2717 2708 2715 2722 2856 2860 2864 2866 2855 2859 2863 2867 2865 2868
105 117 133 151 164 212 258 313 338 360 741 793 847 991 1046 1174 1294 1382 1649 1668 1890 1995 2021 2100 2332 2340 2409 2491 2739 3068 3067 3070 3071 3069 3072
147 142 211 231 232 233 234 288 289 291 350 351 354 355 566 568 700 699 701 702 849 848 850 851 941 946 943 948 1035 1037 1067 1069 1208 1211 1341 1344 1342 1343 1369 1371 1477 1475 1527 1588 2474 2498 2503 2505 2524 2532 2534 2541 2542 2543 2544 2826 2843 2846 2877 2894 2958 2959
165 176 180 181 237 238 278 416 410 925 1165 1166 1605 1604 1682 1681 1799 1800 2109 2103 2665 2664 2667 2666 2769 2770 2773 2774 2900 2895
169 171 189 192 193 209 210 249 251 304 305 319 318 339 341 352 395 396 504 505 558 559 626 627 639 641 703 1049 1050 1072 1073 1117 1118 1193 1195 1213 1215 1558 1559 1578 1579 1885 1887 1888 1886 1969 1970 1971 1972 2073 2075 2125 2123 2124 2126 2199 2200 2201 2202 2305 2303
183 186 204 203 266 263 295 294 297 296 368 371 419 420 510 596 597 614 615 612 613 1449 1450 1451 1448 1492 1491 1494 1493 2663 2668 2688 2692 2687 2691 2920 2921 2924 2925 2940 2945 3046 3045
191 196 194 195 1152 1159 1155 2116 2133 2134 2135 2136 2233 2581 2811 2810 2851 2904 2985 3027 3028 3039 3040 3041 3042 3057 3058
207 219 255 250 253 252 254 281 570 572 1644 1596 1606 1632 1699 1729 1737 2254 2255 2310 2313 2438 2437 2671 2689 2745 2746 2775 2793 2820 3013
220 241 242 243 244 292 380 379 409 415 616 617 623 652 697 742 952 1019 1021 1028 1027 1059 1058 1134 1135 1137 1138 1443 1478 1522 1533 2208 2243 2398 2415 2413 2507 2510 2658 2662 2670
223 224 229 259 273 310 312 421 436 453 503 509 525 581 602 603 682 688 735 749 755 767 846 861 862 863 953 988 1191 1219 1688 1717 1876 2189 2188 2207 2475 2495 2496 2506 2508 2634 2849 2852 2884 2883 2888 2887 2909 2907 2908 2910 2926 2927
235 256 260 272 274 309 363 362 400 401 520 519 532 624 625 1039 1042 1040 1041 1081 1082 1080 1083 1617 1655 1656 1780 1781 1807 1808 1889 1891 1892 1934 1932 2130 2129 2131 2132 2168 2166 2468 2469 2743 2740 2744 2749 2750 2830 2834 2829 2833 2842 2841 2845
261 270 271 311 308 386 434 528 668 669 708 1186 1197 1856 1866 2690 2747 2772 2771 2818 2839 2936 2956 2955 3014
268 269 279 365 451 480 526 527 638 666 667 1637 1636 1663 1664 1726 1821 1857 1991 1999 2001 2148 2147 2172 2173 2213 2296 2366 2365 2390 2434 2435 2461 2838 2957
283 286 301 302 303 300 512 513 514 515 640 636 637 680 760 763 761 762 934 933 936 935 1009 1008 1011 1010 1203 1333 1335 1336 1362 1363 1365 1364 1415 1416 1417 1418 1852 2559 2557 2558 2560 2564 2565 2566 2567 2571 2573 2572 2574 2736 2737 2735 2734 2825 2828 2922 2923
314 316 317 315 336 340 393 394 495 556 557 584 648 649 731 1232 1233 1387 1388 1389 1413 1414 1424 1423 1456 1457 1480 1479 1555 2219 2220 2236 2237 2657 2669 2673 2919 2960 2962 2970 3001 3004 3017 3019 3016
307 324 325 361 560 578 752 816 820 838 842 886 1766 1765 2659
337 334 344 392 437 463 501 569 592 593 604 605 736 757 783 754 893 1013 1024 1036 1066 1140 1222 1251 1337 1338 1353 1428 1445 2137 2185 2245 2266 2316 2497 2509 2552 2585 2596 2592 2604 2684 2727 2759 2776 2789 2876 3008 3049
342 345 343 353 391 481 506 507 567 590 591 766 786 891 1060 1216 1218 1618 2336 2482
385 389 390 405 403 404 406 470 471 472 473 544 545 546 547 574 576 577 575 1161 1162 1163 1164 2151 2152 2153 2154 2347 2346 2349 2348 2383 2382 2385 2646 2696 2709 2711 2712 2714 2761 2763 2764 2766 2787 2790 2785 2788 2817 2822
398 399 408 414 425 426 468 494 573 587 589 610 611 784 785 853 1126 1189 1345 1352 1685 1690 2753 2757
411 427 431 458 475 484 486 533 553 723 812 823 859 890 973 1091 1214 1253 1261 1271 1267 1275 1372 1739 1753 1784 1848 1966 1993 2019 2022 2034 2175 2211 2289 2387 2391 2395 2414 2458 2512 2540
429 423 432 443 462 487 552 722 799 819 930 989 1226 1265 1754 1944 1967 2018 2204 2355 2381 2539
428 430 461 476 483 550 714 821 883 931 972 992 994 1217 1311 1320 1375 1405 1622 1847 2210 2225 2388 2392 2537 2827
424 446 442 460 477 538 571 586 609 780 781 835 836 844 1376 1647 1678 1734 1914 1916 2212 2227
440 457 498 540 539 676 732 774 775 877 880 1278 1291 1425 1620 1759 1868 1869 2015 2016 2017 2078 2079 2091 2090 2517 2518 2755 2756
459 464 455 465 508 606 738 758 756 944 942 945 947 1068 1141 1142 1139 1250 1252 1339 1540 1658 2205 2268 2318 2317 2341 2483 2961 2979
454 467 583 601 759 773 811 833 960 999 1032 1099 1113 1360 1402 1410 1440 1700 1706 1718 1730 1976 2020 2087 2283 2397 2433 2454 2516 2529
466 542 543 653 696 753 772 790 792 825 898 1070 1277 1284 1283 1290 1453 1484 1645 1651 1779 1806 1907 2235 2351 2570 2862 2885 2994 3010
474 518 517 541 620 720 831 996 1000 1003 1014 1043 1044 1183 1279 1293 1426 1454 1455 1511 1919 1918 1929 1928 2354
551 555 585 599 618 619 659 698 798 881 990 1230 1324 1534 1812 1811 1975 1992 2062 2288
588 600 632 655 656 661 692 687 791 809 932 962 1106 1110 1272 1274 1317 1319 1406 1404 1466 1464 1633 1642 1641 1720 1825 2226 2358 2401 2527
608 621 634 654 660 810 915 956 969 1094 1144 1178 1235 1508 1990 2143 2368 2445
622 657 658 725 817 805 822 843 839 840 868 1175 1255 1256 1273 1270 1282 1438 1629 1743 1742 1751 1761 1764 1983 2033 2041 2267 2459
633 635 716 715 717 727 1173 1176 1177 1873 1870 1875 1871 2650 2781 2779 2840
644 642 643 815 808 837 845 995 1092 1249 1263 1503 1942 1982 1981 2070 2222 2513
650 651 670 671 818 874 981 982 1034 1052 1227 1257 1485 1611 1925 2224 2995
672 673 684 685 747 828 830 899 975 1268 1315 1316 1561 1609 1607 1777 1775 1849 1902 2006 2007 2096 2488 2741
683 686 693 782 834 922 951 958 974 977 984 1264 1314 1396 1399 1621 1824 1910 1911 2370 2407 2412
690 691 726 854 912 980 1133 1149 1206 1373 1377 1589 1625 1640 1669 1883 2460 2538 2605
737 739 855 885 927 928 1048 1047 1145 1181 1184 1266 1504 1506 1624 1652 1909 2142 2352 2431 2430 2792 2815 2816 2886
857 867 872 914 957 961 979 1276 1361 1394 1397 1439 1460 1499 1523 1536 1626 1630 1638 1719 1731 2064 2247 2282 2285 2294 2402 2406
873 882 929 937 940 955 966 971 970 1229 1305 1309 1313 1321 1332 1776 2057 2246 2308 2400 2417 2420
887 917 918 938 939 964 965 978 983 1228 1258 1259 1498 1517 1797 1926 2056
892 911 963 959 967 997 1001 1015 1025 1302 1383 1401 1514 1683 1882 2831
916 968 976 1120 1182 1198 1340 1411 1474 1572 1612 1671 1696 2011 2481 2486 2494
998 1004 1005 993 1096 1179 1180 1221 1509 1560 1628 1672 1697 2128 2144 2146 2209 2783 2954
1006 1007 1071 1196 1205 1243 1297 1301 1545 1597 1921 1930 1943 1986 2342 2360
1002 1012 1018 1030 1045 1129 1240 1234 1288 1295 1908 1920 2003 2465
1022 1023 1020 1029 1098 1103 1128 1143 1244 1245 1433 1441 1472 1531 1650 1762 2127 2155 2242 2515 2530 2649 2710 2713
1031 1033 1063 1065 1132 1130 1131 1247 1246 1248 1289 1566 1698 1709 1774 1794 1965 2031 2085 2084 2086
1038 1053 1056 1088 1101 1260 1285 1307 1359 1381 2032 2292 2439
1054 1055 1051 1089 1107 1119 1122 1308 1328 1421 1510 1613 1667 1675 2477 2487
1061 1064 1074 1090 1105 1312 1325 1348 1380 1467 1615 1614 1721 1830 2174 2217 2504 2569
1062 1075 1095 1097 1327 1420 1526 1539 1619 1915 1952 2094 2191 2311 2393 2551
1093 1104 1102 1280 1281 1374 1409 1567 1666 1679 1732 2059 2901
1100 1111 1114 1123 1299 1400 1429 1458 1496 1634 1646 1763 1912 2150 2309 2361 2456
1109 1108 1112 1121 1310 1403 1422 1430 1465 1635 1631 1643 1783 2093 2145 2372 2455 2609 2964
1115 1116 1146 1254 1398 1419 1610 1680 1785 1881 1955 2464 2479 2578 2837
1125 1148 1306 1323 1395 1427 1446 1476 1513 1657 1744 1756 1923 2480 2797
1322 1331 1358 1412 1602 1603 1752 1899 1900 2008 2728 2726 2762 2765
1329 1366 1370 1390 1444 1608 1674 1782 1809 1904 1968 2004 2206 2228
1368 1384 1447 1459 1580 1673 1829 1997 2002 2138 2139 2338 2683
1407 1408 1481 1482 1623 1639 1826 1917 1924 1988 2071 2158 2165 2403 2784 2782
1437 1483 1486 1538 1741 1798 1901 1905 1953 2231 2330 2356 2478
1452 1497 1524 1525 1714 1749 2042 2162 2164 2170 2230 2232 2386 2780
1495 1505 1512 1627 1670 1735 1760 1810 1945 1994 2334
1507 1665 1686 1733 1903 1906 1913 2010 2058 2113 2256
1537 1703 1755 1791 1846 2005 2149 2193 2363 2603 3015
1684 1738 1922 1954 1977 2039 2141 2345 2359 2732 2832
1778 1805 1827 1931 1951 1964 1980 2234 2241 2269 2443
1822 1950 1979 2140 2159 2238 2284 2419 2484 2501 2514 2853
1957 1959 2156 2157 2216 2229 2253 2293 2489 2575
1978 1996 2063 2192 2203 2194 2485 2502 2555 2844
1998 2000 2111 2115 2187 2315 2492 2554 2553 2599 2606 2814
2040 2061 2171 2163 2190 2324 2344 2418 3054
2218 2240 2287 2297 2362 2394 2476 2594 2677 2786 2871
2244 2291 2333 2364 2389 2411 2446 2612 2889
2286 2335 2339 2343 2531 2587 2678 2742 2748 3018
2323 2337 2416 2490 2568 2752 2974
2331 2374 2405 2447 2493 2700 2733 2794
2380 2399 2448 2556 2645 2760 2754 2791
2410 2422 2511 2533 2584 2593 2647 2795 2902
2421 2436 2617 2701 2729 2738 2854
2444 2463 2462 2631 2703 2719 2882
2467 2586 2591 2660 2758
2616 2621 2720
2648 2725 2751 3009
2702
2730 2861 3012
2937
3011
