830 84 786 62 76 319 1290 1661 198 731 907 675 378 1348 984 2472 2467 112 1358 954 1813 1324 1832 515 1744 893 1748 270 1766 461 1756 768 106 790 808 921 707 347 671 2318 2087 2454 2433 1792 1769 1815 1824 0
1620 88 1644 873 1234 71 774 876 804 1740 414 632 580 625 235 466 118 443 1694 1424 940 1316 2531 2447 944 1312 2591 2438 974 1344 2315 2292 1340 958 2084 2062 1628 1602 1636 1624 463 232 629 655 2083 2080 2589 2518 2516 2529 2258 2048 2280 2025 2263 2045 2283 2020 2077 2314
852 1231 1226 1587 2608 1284 1651 1287 2613 898 865 503 825 255 279 155 407 856 1224 1159 61 2621 1394 919 993 2629 1546 718 1145 64 1353 2618 190 494 1509 2626 745 1096 2991 2915 2646 2638 2802 2810 2807 2799 2633 2919 2913 2645 2988 3075 206 2630 1786 1801 1456 1479 695 2767 357 2777 1047 2885 2901 1070 356 2768 2886 1048 694 2778 1071 2902 1457 1787 1802 1480 1883 1882 1925 1926 2508 2546 2497 2535 2319 2233 2190 2290 2116 2155 2475 2488 887 886 2103 2474 238 237 1222 1206 521 366 1161 511 489 1162 1563 1562 3033 3038 2047 2050 2049 2030 2029 2028 2027 3036 3035 3030 2099 1858 3056 43 19 48 29 52 56 28 34 1 8 27 24
92 2611 2348 883 1238 244 570 725 899 601 95 987 928 476 1758 457 1752 948 1320 2596 2455 936 1302 2524 2434 970 1336 2093 2070 1328 966 2310 2296 2486 2553 2149 1911 916 685 590 301 2254 2057 2079 2517 2515 2090 2089 2590 2308 2530 2259 2284 2021 2275
1232 398 243 58 77 1347 103 2421 582 652 1690 2619 953 501 1104 2620 761 2445 757 2436 801 2095 795 2312 1335 1327 1311 1315 2419 2238 2008 2411 2522 2519 2059 2256 2253 2056 2588 2092 2307 2528 2277 2274
879 377 1616 872 1289 2352 1285 154 885 1152 278 1223 481 1617 525 1391 2399 1385 976 975 1390 1384 2398 2853 2854 2954 2974 1491 1448 1454 1485 2451 2426 2957 2977 1190 1492 1486 2979 2452 2976 1455 2427 1449 2956 2959 2600 2060 1927 2563 2161 2160 2220 2219 2217 2218 299 298 397 1209 402 1207 1172 1171 2107 2105 3037 3034 2251 2250 2279 2249 2278 2252 2281 3029 3059 26 23
1258 294 1646 86 1622 1591 727 572 297 603 910 1392 1435 505 1261 1413 600 1434 982 1645 2469 724 89 983 506 961 571 960 1621 2466 1412 527 1629 946 2598 1404 2453 911 1603 934 1396 2432 2526 300 1637 972 1438 2317 2294 591 1625 956 2064 1416 2086 1626 1638 1608 1612 303 592 918 687 2448 1439 1417 1401 1409 2316 2439 2085 957 973 943 939 2061 2291 2592 2532 2082 2081 2257 2046 2264 2026 2282 2019
1225 1276 1588 387 135 133 486 390 1431 1259 627 1122 134 132 485 1003 730 732 2847 2821 2642 2851 2817 3020 1076 556 558 2836 2840 394 396 1084 2828 2824 3001 3014 393 395 557 559 1077 1085 2823 2835 2839 2827 3002 3016 3063 3053 3051 3065 1935 1933 1932 1934 2168 2166 2167 2169 2068 2066 1999 1997 780 781 785 2302 2237 2235 2300 586 589 784 584 587 310 328 326 312 1860 1865 2260 2276 1863 1862 12 38 37 15
1598 778 1592 1227 477 1239 715 208 903 653 827 1019 1126 1241 1271 620 1064 2366 2503 668 1037 2362 2572 464 1116 2192 2210 233 1953 1102 1976 1610 1606 1640 1632 894 691 679 333 2521 2520 2255 2078 2058 2091 2088 2309 2024 2262 2044
90 772 80 473 98 66 1286 1233 836 1295 583 1303 2358 1004 677 2383 172 662 474 648 1654 645 1597 1360 2378 626 1623 1414 1068 630 2370 1631 1406 2576 656 1033 2374 1605 2499 1398 345 1643 1108 1957 1430 1984 248 1635 2185 1112 1422 2214 760 756 794 800 1309 1313 1325 1333 342 245 667 619 2409 2417 2010 2240 1710 1696 1726 1722 2534 2297 2071 2594 2054 2037 2272
864 467 863 767 65 2351 1648 765 888 986 1738 478 479 1689 1819 1043 1092 2449 2424 1044 1093 2450 2425 1991 2581 2570 1964 689 422 484 392 1551 1547 1550 1548 1853 2473 1855 2102 14 20
788 2609 2328 1229 541 2350 840 2353 99 1346 1120 1006 202 110 623 1098 1676 1715 614 1257 1253 1275 1267 2559 2480 1923 2145 2367 2186 2371 1958 1541 1528 1500 1461 1820 1828
1270 2672 2330 1248 157 1307 2614 1331 2375 260 161 408 158 502 258 510 261 482 2653 2695 2754 2699 2723 2811 2819 2869 2711 2984 2848 2912 3026 3076 2538 2537 2015 2540 2539 2018 2017 2016 2601 2051 2545 2248 2536 2014 2265 2602
1244 2654 104 1260 1293 488 306 307 185 806 57 167 447 242 183 2659 2671 2710 2797 2903 2818 2715 2753 2985 3021 1861 1864 2270 2043 2038 2035 2273 2261 2271 2036
475 1594 72 832 2329 1237 1235 256 156 717 1425 2415 1411 634 199 1354 563 173 841 2384 2652 1834 2670 2657 2698 2927 2911 2946 406 2688 2664 576 2995 3011 2925 2945 2687 405 2663 577 2944 3012 2996 2924 2120 1894 2122 1896 143 144 1980 1982 1998 1996 1962 1960 284 282 2236 2197 2195 2234 1201 1199 1166 1165 1879 1877 2053 2023 2052 2055
1240 2660 1278 1596 1683 1291 1349 364 646 365 889 385 647 516 1150 189 188 2709 2867 2731 2857 3039 1869 3028 3057 2101 3058 3027 2100 1868 1867 1866 1857 1856 3042 3041 3040
1262 2696 1282 828 868 766 168 240 159 170 1549 166 2755 2703 2813 2849 2926 2285 2022 2523 2595
74 102 96 1685 1329 564 187 1188 524 1283 1647 225 1714 2850 2785 2761 1780 1807 1450 1493 2781 2771 1789 1471 1490 1804 1914 1920 2159 2152 1558 1578 1565 1571 1196 1216 1204 1212 44
1614 411 94 100 79 317 1593 1595 495 59 308 448 449 309 200 507 1695 1357 1693 174 1521 1833 1835 547 635 649 979 1386 837 1678 1736 1734 1332 2658 2693 2651 2673 2704 2757 2647 2712 2632 713 2682 2896 2738 376 2676 2730 2878 1051 1074 1470 1489 2963 2971 1788 1803 2675 375 2681 712 1052 1075 2729 2737 2897 2879 2965 2973 2935 2929 2928 2934 1886 2124 2126 1888 2133 2135 1941 1905 1903 2179 1939 2177 195 194 1972 2076 1970 2074 1989 1987 336 338 2221 2200 2304 2223 2202 2306 700 636 638 698 252 355 353 254 1559 1198 1557 1218 1577 1579 1576 1556 31 46 10
2332 1246 1230 1652 562 859 205 905 697 2623 1281 2349 223 977 1125 2641 736 1088 2360 1697 1959 1723 1130 551 1673 1681 1669 1665 1374 1382 1364 1370
316 82 70 1657 1321 1675 1305 437 105 412 1249 1387 2661 1704 1376 175 624 1123 1692 1520 2820 2631 2692 424 1094 2746 2668 608 2740 1045 3070 3046 2679 2685 1087 1079 2725 2733 3050 3062 2962 2970 1885 2123 1887 2125 1906 2136 1904 2134 1988 1990 2075 2073 2303 2222 2224 2305 372 265 370 267 30 16
78 2326 1228 518 2355 520 491 257 438 435 171 101 2331 615 613 1118 204 504 612 1117 2468 2814 2852 2950 420 418 2846 596 594 2834 1080 1039 3047 3071 381 383 535 537 1050 1073 2932 2938 2431 2444 2951 1930 2164 2162 1928 1971 1969 2199 2201 121 153 149 148 124 152 120 125 251 249 350 352 1871 2111 1873 2113 5 4 9
2324 2323 2334 544 798 281 546 2322 1658 1304 1852 1544 197 219 949 2612 2337 2636 2855 2859 3032 3060 1790 1767 1843 2865 3078 2863 1842 1533 1443 1478 1522 3077 2171 2562 2490 1937 2097 2607 1158 1156 1151 1154 39 17 55 54 53 51
440 776 826 1649 877 902 439 721 998 663 1018 829 177 1001 2416 2756 2862 735 2769 2430 1795 749 1836 2916 2918 2803 2808 1916 2154 1918 2157 2001 2230 277 363 3 21
1236 1589 296 2357 2377 1677 60 1582 1660 401 909 1247 978 633 164 1814 2457 2868
111 1600 1242 119 75 812 182 169 555 704 1186 468 1662 1306 2655 1851 1545 236 91 927 750 533 1508 2724 2716 728 2706 2708 549 530 1773 1796 2722 444 453 1845 2718 743 1837 1534 1441 1472 1531 3074 3031 3055 3073 2549 2476 1897 2127 221 747 870 599 846 682 755 509 1586 1554 1584 1574 1221 1219 1191 1205 6 36 22 18
2325 882 1590 2379 853 1687 1155 497 522 1153 179 469 723 1688 2380 1350 854 1351 1691 2381 722 1007 2812 2634 2635 2751 2752 536 384 419 597 423 609 3010 2994 3017 3003 1950 2189 2569 2568 2495 2496 1951 1884 2548 2188 2321 2320 1854 2098 42 41 25
471 1280 73 81 496 259 1160 436 874 304 186 1002 733 1751 650 1737 545 209 929 573 839 1330 711 2782 374 2772 1458 1481 2933 2939 1487 1468 1185 373 710 2774 2784 1469 1459 1482 1488 2960 2968 3019 3004 2156 2153 1949 1915 1917 145 2183 193 2000 339 287 2229 701 641 367 262 1195 1215 1183 1177 1564 1570
318 400 113 456 1659 866 97 815 988 1016 1146 1389 2356 1352 981 116 2386 1367 441 1426 513 2175 1742 1369 2268 891 1053 1945 1363 2033 1746 268 1139 2567 1764 2463 1373 459 2494 1754 1381 2459 514 271 892 460 2564 2491 1942 2172 1010 996 1014 1785 1812 1849 1841 991 2390 1965 2203 2394 1512 1505 1477 1447
1618 2336 442 2616 1297 581 115 2400 925 1684 2697 2335 85 224 2732 2637 729 2776 2760 531 2707 2705 2887 2883 2987 2986 2794 445 2990 2909 2721 2792 744 2907 2471 2423 2440 2717 2470 2989 1136 1057 1026 1127 2128 2477 2550 2555 1907 2482 1898 2141 222 871 847 683 7 35 33
413 1288 493 1345 178 1308 932 2413 540 1762 959 490 1317 1299 1337 1341 2401 2405 2006 2246 945 933 971 955
539 878 68 906 1655 293 807 1000 831 1148 538 1366 492 1294 230 1717
1268 117 83 814 388 203 1757 805 1423 1850 867 1519 93 931 835 1507 1516 821 216 1809 1474 817 212 1444 1782 849 320 1846 1511 843 658 1838 1504 2344 2340 2137 1899 2040 2287 2604 2542 1755 1743 1765 1747
2346 295 1650 858 434 1581 1749 470 869 165 999 1750 2414 2758 218 214 322 660 1362 1368 1372 1380
454 63 857 1552 1157 838 1189 2948 2947 763 686 917 759 803 290 607 797 890 458 269 512 820 842 848 816 50 49
561 901 908 69 665 1359 833 1436 498 779 1705 771 1709 109 1703 811 1440 1733 793 1418 1721 526 912 604 289 2096 1395 1419 1427 1403 2313 967 963
1653 1323 752 451 1024 860 87 1656 1476 2204 2744 1144 3025 1506 2391 1663 1667 1889
2327 764 753 884 114 1433 2354 775 1377 2649 3015 2750 610 3006 2789 2012 2582 2580 1974 2509 2507 2242 2208
904 160 292 67 705 2615 1147 951 229 227 952 228 2870 2173 1943 2565 2492 2227 1994 2586 2513 2 11 40 45
900 880 450 184 554 1759 1760 2422 664 1025 1599 226 962 2387 2648 2804 2805 2800 1030 1061 1058 1027 2999 2998 3007 1772 1137 1844 3024 1129 1134 3023 3022 2980 2952 2966 2982 2809 2806 2013 2583 2510 409 2243 415 741 379 1585 1553 1583 1573
834 446 617 163 480 1393 602 1243 2904 2906 1072 2898 1049 2880 3052 3064 1081 2893 1040 2875 3068 3044 1940 1946 2178 2180 2065 2299 272 358 47
239 861 389 305 2333 862 499 455 2700 2138 1900 2345 2341 567 430 737 550
162 386 875 241 1022 1355 500 2669 2735 2895 2727 2877 2783 2773 2900 2882
881 616 210 1686 1023 1021 324 1378 1514 2702 1811 1499 1446 1483 1513 1967 2205 2388 1826 1510 1173
824 855 2622 2385 1124 1517 579 487 777 428 2656 2286 1966 2039 2603 2395 2541 32
1187 1761 399 676 1017 643 1601 716 1005 950 2889 2686 2691 1779 2684 1193 1213 1569
1739 1020 1615 1361 1149 427 1292 1379 1666 738 1090 2226 1371 568 1055 1670 1365 1993 1141 1674 431 2585 1375 1682 1132 2512 553 1383 2544 2606 2042 2289 1741 1745 1763 1753 2034 2269 2462 2458
930 985 799 1279 1277 207 176 1263 1619 3066 2533 2288 819 851 2543 2298 2690 2666 2109
813 280 1432 980 1515 726 325 1402 1799 1776 1410 2910 2605 1823 2790 2139 1956 2566 2193 1524 2032 1567 2115
924 181 2617 2347 2610 1121 1097 1793 1770 1138 1135 1250 1254
472 644 560 517 1716 1388 787 1518 684 1711 1495 2418 915 1464 2593 2410 809 2247 1731 1536 791 1523 2007 1719 2678 2742 2748 276 266 371 361
642 674 1735 2674 1245 720 2396 426 1082 2871 2667 425 1083 639 703 275 362
2397 622 180 1356 1269 1119 2382 1322 1066 1797 2892 1494 1451 542 201 2108 1210
519 651 1298 714 532 2662 769 1255 1613 2558 2734 942 1968 2921 1140 1537 311 421 351 1168 1880
1296 789 2694 2858 1062 1314 1035 1310 452 2793 1110 1326 1727 1535 2765 1634 1604 657 247 2575 1908 746 139 1192
565 751 578 2713 2701 618 666 343 246 818 850 822 844 2511 2225 2584 1992 739 432 552 569
1103 2376 2714 2720 2719 692 690 997 2228 2408 2856 1452 1106 1453 2174 2369 2069 286 285 585
696 2798 2949 2683 2843 823 2364 1318 1664 897 2993 968 1725 1633 1627 2339 2845 2931 2363 2365 273 263 1175 330 742 1560 264 329 1568
773 2650 2815 2861 628 1501 107 2759 2628 2627 621 1502 1810 1032 123 126 150 1164 141 1178
220 2796 995 1400 2406 2420 1300 1668 2830 1848 1538 2763 2838 1975 1718 1561 368 360 1176 1181 1870 1878
2795 2905 2816 2801 708 706 1041 1086 1028 719 631 1973 2506 688 2207 483 391 523 13
2822 2689 2780 2140 2487 2485 2779 895 992 990 2412 2775 302 2194 2766 2891 2478 3061 321 969 142 146 314 598 588
2747 2975 2936 2741 2770 2955 2930 2736 2728 2826 2943 2923 1947 191 340 138 327 1217 1580 1555
2786 2942 2969 2762 2961 2922 2844 796 758 3067 681 896 337 782 1214 1194 1182
2837 529 2368 2890 3054 654 1031 566 2216 1729 2833 792 762 1266 2359 1133 1498 1526 2293 253 151
3072 1791 2266 2665 913 2372 2680 2872 462 1542 1540 2791 2739 2967 2997 923 215 947 1706 341 1163 416 754
3008 2831 2992 810 2832 770 1274 1256 3043 1405 283 702 699 250 1200 637 354 1208
1611 2560 1707 2505 3048 3000 2031 2874 1015 332 348 2009 231 1840 2908 1527 2749 2953 2964 606 1952 1142 465 2094 211 1702
938 2578 1713 2206 2677 2554 2552 1251 2726 2941 1334 1009 680 2864 2005 2241 2743 2841 2639 2551 349 217 937 2577 1712 640 1876 2547 1180 2114
404 734 534 2825 2574 1701 1342 672 1910 1525 2914 2407 2573 1700 1115 1822 2267 1881 1169
1497 2788 920 2481 1768 2888 346 2150 1825 593 1955 2873 2147 1272 673 1038 147 315 1211
1078 922 2479 1462 1059 288 429 2072 2144 1529 1642 2361 1798 1566 369
2842 1607 1609 1902 3009 1114 2212 964 108 1901 1252 1339 1954 2184 1496
1699 2501 1060 2441 1273 1672 1641 1011 678 2514 2239 1473 3005 335 2244 1034 2527 1777 196 129
574 2764 1805 1778 1013 2343 2011 1818 2899 3045 528 669 1463 2151 2181 2196
1460 2402 1408 2443 2625 1639 1831 605 845 575 2829 2557 935 1105
1774 1143 2866 2146 1265 2917 433 2643 1264 1056 1091 2067
1466 1784 2041 2884 2148 1924 1680 2187 1821 2745 2644 2876 3018 914 1944 693 2295 1817 2063 1202
2404 1995 2860 1922 1978 2389 2787 1909 2338 2978 2373 1089 2446 323 1983 1732 1985 783 1875 1859 1572 1872
382 548 334 2587 1428 1338 2640 2484 1679 1131 2231
1029 2428 2465 1827 2245 1912 1442 2972 234 1839 2121 2198 2301
2624 2393 670 1100 1095 2940 291 1343 1530 1543 2500 2571 2118
403 1128 1532 2983 1484 1806 3049 344 2119 1895 1892 2132 2130 1167
1986 1829 748 595 802 2342 1319 709 2311 2460 1771 1893 2483 313
1816 417 2143 1921 1301 1467 2435 965 2209
1420 1042 2981 3069 2493 1008 2456 1724 2392 2131 1919 2110 2112
611 1046 2920 2894 2191 1671 659 1720 1475 2597 1929
2881 2429 740 1630 1012 1847 661 1069 1931 1938
1808 926 2442 1539 1429 1421 2004 2556 2561 2489 2579 380
1781 2937 3013 994 1399 2437 2213 1977 1107 1113 2464 359
2958 1054 1465 941 1065 1794 2129 2170
989 1783 1728 1708 1111 2461 1913 2182
1407 1415 1437 2504 2502 1036 1099 1197 2104
1397 2215 1730 1063 1936 1891 1948 1170
2403 2211 1101 1503 2165 2176 410
213 1698 2498 1067 1109 122 127
2599 1775 2158 192 2002 1179 1874 1174
1445 2525 1890 2003 1979 136 140 130
1830 1800 2163 1963 131 274
2142 128 2117 1203
1961 1981 508 137
2232 543 2106 1184
1575 331
1220
