585 586 587 588 1351 1738 1370 1371 1372 1373 1503 1763 1764 1765 1766 1850 2381 2621 2457 2629 2019 2020 2021 2022 2536 2537 2538 2539 746 857 1156 1552 2916 2991 420 774 2084 2085 2086 2087 2518 2519 2520 2521 232 2630 1853 2473 3026 3076 1863 1866 3036 3039 1862 1867 3035 3040 2
581 582 583 584 880 881 882 883 683 684 2330 2331 1146 1147 2614 2615 194 195 196 197 789 790 791 792 504 505 2715 2716 268 269 2869 2870 1096 1097 2361 2362 215 216 2609 2610 69 370 2637 2802 100 105 2472 2626 2652 2655 101 104 2653 2654 547 548 2723 2724 226 227 228 229 666 667 747 748 756 757 1893 1894 2123 2124 2476 2477 2549 2550 2863 2864 1027 1028 1062 1063 1128 1129 1136 1137 1940 1941 2166 2167 2489 2490 2562 2563 2060 2097 2290 2319 2423 2440 2470 2471 2535 2546 2600 2607 2624 2625 2627 2628 2322 3075 320 321 362 363 410 411 541 542 2711 2712 2713 2714 2717 2718 2721 2722 184 185 198 199 233 234 243 244 2857 2858 2859 2860 2865 2866 2867 2868 2047 2252 2545 2601 1855 1859 2098 2103 2320 2321 2474 2547 3027 3032 3055 3060 3073 3074 3077 3078 2014 2077 2096 2265 2307 2314 2515 2528 2544 2588 2599 2602 1854 2102 3030 3059 1858 2099 3031 3058 19 20 21 22 15 16 43 44 10 23 35 56 3 9 31 36 41 45 52 55
222 223 224 225 876 877 878 879 1240 1241 1665 1666 685 686 1148 1149 687 688 689 690 795 796 797 798 498 499 170 171 1600 1601 1099 1100 1299 1300 220 221 1546 1813 343 479 448 449 450 451 514 515 230 231 408 409 672 673 751 752 758 759 1029 1030 1064 1065 1130 1131 1139 1140 1447 1472 1522 1533 1773 1790 1836 1843 1150 386 387 388 389 523 524 543 544 463 464 717 718 770 771 772 773 1151 1154 1155 1157 1547 1548 1549 1551 5 6 13 14 34 46
555 556 557 558 914 915 916 917 262 263 986 987 2336 2337 2616 2617 823 824 825 826 120 121 122 123 2699 2700 2855 2856 740 741 2379 2380 919 920 2611 2612 2404 2618 2643 2810 2694 2695 2696 2697 2731 2732 1911 1912 2141 2142 2486 2487 2559 2560 2815 2816 1954 1955 2192 2193 2495 2496 2568 2569 1960 1991 2198 2225 2497 2508 2570 2581 2911 2759 2760 2775 2776 2791 2792 2793 2794 2871 2872 2887 2888 2907 2908 2909 2910 2912 2915 2917 2918 2986 2987 2988 2990 29 30 32 33 42 54
559 560 561 562 910 911 912 913 270 271 1262 1263 988 989 1683 1684 134 135 136 137 827 828 829 830 742 743 1626 1627 921 922 1349 1350 1396 1689 2048 2049 2050 2051 2253 2254 2255 2256 2027 2028 2029 2030 2286 2287 2288 2289 1864 1865 3037 3038
455 456 457 458 1014 1015 1016 1017 860 861 749 750 2386 2387 2622 2623 2323 2613 126 127 128 129 959 960 961 962 617 618 775 776 2421 2422 2619 2620 2635 2636 2803 2804 2350 2608 1973 1974 2012 2013 2203 2204 2242 2243 2502 2503 2513 2514 2579 2580 2586 2587 2639 2640 2800 2801 2947 2948 2949 2950 1882 1925 2116 2159 2475 2488 2548 2561 2952 2953 2966 2967 2980 2981 2982 2983 2998 2999 3018 3019 3022 3023 3024 3025 2641 2642 2644 2645 2805 2806 2808 2809 0 1 37 38 4 53
1242 1243 1244 1245 1657 1658 1659 1660 874 875 152 153 1504 1505 1851 1852 680 1145 1309 1310 1311 1312 1596 1597 1598 1599 793 794 512 513 88 89 371 372 1544 1545 1818 1819 204 1098 1441 1442 1473 1474 1523 1524 1542 1543 1767 1768 1795 1796 1837 1838 1844 1845 313 314 394 395 1186 1187 1188 1189 219 317 661 753 1026 1061 1127 1138 1191 1192 1205 1206 1219 1220 1221 1222 1553 1554 1567 1568 1583 1584 1585 1586 302 322 329 342 385 396 397 522 17 18 50 51 26 49
459 460 461 462 1022 1023 1024 1025 862 863 1374 1375 1761 1762 760 761 1231 1650 144 145 146 147 955 956 957 958 631 632 777 778 1439 1440 1708 1709 1288 1589 1883 1884 1926 1927 2117 2118 2160 2161 2761 2762 2777 2778 2885 2886 2901 2902 2052 2053 2054 2055 2257 2258 2259 2260 2031 2032 2033 2034 2266 2267 2268 2269
1268 1269 1270 1271 1685 1686 1687 1688 908 909 1352 1353 1739 1740 707 708 255 985 1345 1346 1347 1348 1622 1623 1624 1625 831 832 98 99 1405 1406 1690 1691 739 918 272 273 678 679 1047 1048 1074 1075 315 316 391 392 496 497 735 736
180 181 182 183 573 574 575 576 657 658 659 660 205 210 375 376 2659 2660 1280 1281 1282 1283 1644 1645 1646 1647 1653 1654 1655 1656 1291 1292 1293 1294 249 250 251 252 691 692 693 694 207 208 374 377 2657 2662 2755 2756 1411 1412 1413 1414 1745 1746 1747 1748 2818 2821 1917 1918 1919 1920 2151 2152 2153 2154 275 276 277 278 351 352 353 354 1928 1929 1930 1931 2168 2169 2170 2171 2646 1158 1550 2799 2989 2753 2758 2817 2822 1456 1457 1458 1459 1491 1492 1493 1494 1778 1779 1780 1781 1805 1806 1807 1808 1996 1997 1998 1999 2238 2239 2240 2241 2763 2765 2766 2768 2786 2787 2788 2789 2829 2830 2833 2834 2841 2842 2845 2846 1185 1190 1193 1195 1196 1198 1214 1215 1216 1217 1556 1557 1558 1559 1570 1571 1572 1573 2993 2994 2995 2996 3013 3014 3015 3016 11 12
781 782 783 784 601 602 603 604 1590 1591 1592 1593 2658 2661 2663 2668 373 378 490 491 492 493 668 669 670 671 1000 1001 1002 1003 977 978 979 980 1885 1886 1887 1888 2125 2126 2127 2128 516 521 2664 2667 139 142 1734 1735 1736 1737 264 265 266 267 703 704 705 706 2669 2670 2673 2674 2687 2688 2691 2692 1039 1040 1041 1042 1084 1085 1086 1087 393 390 2919 518 519 140 141 1983 1984 1985 1986 2221 2222 2223 2224 337 338 339 340 441 443 444 446 421 422 425 426 532 533 534 535 2946 2951 2954 2956 2957 2959 2974 2976 2977 2979 27 28
418 419 779 780 744 745 764 765 1435 1436 1437 1438 1718 1719 1720 1721 2078 2079 2088 2089 2090 2091 2308 2309 2516 2517 2522 2523 2529 2530 2593 2594
613 614 615 616 500 501 502 503 482 483 484 485 2665 2666 1246 1247 1248 1249 1321 1322 1323 1324 2375 2376 2377 2378 2332 2333 2334 2335 282 283 284 285 589 590 591 592 447 452 102 103 2702 2705 1388 1389 1390 1391 2849 2850 2396 2397 2398 2399 1895 1896 1897 1898 2133 2134 2135 2136 1946 1947 1948 1949 2176 2177 2178 2179 2807 2638 2703 2704 2848 2851 2733 2734 2737 2738 2741 2742 2745 2746 1452 1453 1454 1455 1479 1480 1481 1482 2880 2881 2882 2883 2896 2897 2898 2899 2428 2429 2430 2431 2441 2442 2443 2444 1167 1168 1171 1172 1179 1180 1183 1184 1871 1872 1873 1874 2111 2112 2113 2114 2960 2962 2963 2965 2968 2970 2971 2973 2035 2036 2037 2038 2043 2044 2045 2046 2261 2262 2263 2264 2278 2279 2280 2281 47 48 24 25
785 786 787 788 597 598 599 600 1236 1237 1238 1239 206 209 303 304 305 306 925 926 927 928 1123 1124 1125 1126 130 131 132 133 1889 1890 1891 1892 2119 2120 2121 2122 2693 2698 402 407 2651 2656 643 644 1362 1363 1364 1365 1518 1519 1520 1521 256 257 258 259 699 700 701 702 1043 1044 1045 1046 1088 1089 1090 1091 318 319 404 405 642 645 323 325 326 328 364 366 367 369 474 475 476 477 720 721 722 723 1965 1966 1967 1968 2194 2195 2196 2197 2069 2070 2071 2072 2299 2300 2301 2302 2928 2929 2932 2933 2940 2941 2944 2945 3044 3045 3046 3047 3068 3069 3070 3071 1199 1201 1202 1204 1207 1209 1210 1212 2023 2024 2025 2026 2056 2057 2058 2059 2244 2245 2246 2247 2274 2275 2276 2277 39 40 7 8
453 454 1012 1013 1225 1226 1648 1649 114 115 949 950 1289 1290 1594 1595 1856 1857 1860 1861 1868 1869 2100 2101 3028 3029 3033 3034 3041 3042 3056 3057
116 117 118 119 294 295 296 297 1232 1233 1234 1235 2326 2327 2328 2329 1354 1355 1356 1357 1514 1515 1516 1517 2382 2383 2384 2385 2466 2467 2468 2469 289 290 291 292 345 346 347 348 2675 2676 2679 2680 2681 2682 2685 2686 1161 1162 1165 1166 1173 1174 1177 1178 2922 2923 2926 2927 2934 2935 2938 2939 1877 1878 1879 1880 2105 2106 2107 2108 3050 3051 3052 3053 3062 3063 3064 3065
65 66 67 68 807 808 809 810 154 155 156 157 274 279 2677 2678 1004 1005 1006 1007 1679 1680 1681 1682 57 58 59 60 1606 1607 1608 1609 1066 1067 1068 1069 2188 2189 2190 2191 324 327 2727 2728 719 724 2889 2894 2270 2271 2272 2273 1797 1798 1799 1800 2234 2235 2236 2237 1384 1385 1386 1387 1569 1574 3006 3011 2726 2729 2891 2892 3008 3009
84 85 86 87 811 812 813 814 896 897 898 899 350 355 437 438 439 440 1254 1255 1256 1257 76 77 78 79 1602 1603 1604 1605 945 946 947 948 1337 1338 1339 1340 365 368 431 436 2843 2844 1753 1754 1755 1756 1415 1416 1417 1418 1714 1715 1716 1717 1169 1170 2924 2925 433 434
162 163 164 165 819 820 821 822 465 466 467 468 1258 1259 1260 1261 1018 1019 1020 1021 1667 1668 1669 1670 549 554 2749 2750 531 536 2831 2832 1431 1432 1433 1434 1710 1711 1712 1713 551 552 2748 2751
172 173 174 175 815 816 817 818 469 470 471 472 2137 2138 2139 2140 1132 1133 1134 1135 1936 1937 1938 1939 331 334 2780 2783 2825 2826 1987 1988 1989 1990 2310 2311 2312 2313 1419 1420 1421 1422 332 333 2779 2784 2824 2827
627 628 629 630 833 834 835 836 1264 1265 1266 1267 990 991 992 993 1671 1672 1673 1674 967 968 969 970 423 424 1392 1393 1394 1395 1495 1496 1497 1498 2936 2937 2975 2978 2725 2730 2781 2782
633 634 635 636 837 838 839 840 563 564 565 566 888 889 890 891 344 349 2683 2684 200 201 202 203 1628 1629 1630 1631 1113 1114 1115 1116 2371 2372 2373 2374 725 730 1741 1742 1743 1744 2458 2459 2460 2461 1824 1825 1826 1827 2405 2406 2407 2408 1561 1566 3000 3005 726 729 2890 2893 1562 1565 3001 3004
637 638 639 640 841 842 843 844 567 568 569 570 288 293 2689 2690 1661 1662 1663 1664 1053 1054 1055 1056 1632 1633 1634 1635 61 62 63 64 1105 1106 1107 1108 2367 2368 2369 2370 379 384 2770 2773 72 73 2895 2900 2462 2463 2464 2465 1814 1815 1816 1817 2432 2433 2434 2435 1575 1580 3043 3048 381 382 71 74 2771 2772 1576 1579
709 710 711 712 845 846 847 848 186 187 188 189 1272 1273 1274 1275 994 995 996 997 1675 1676 1677 1678 1407 1408 1409 1410 1692 1693 1694 1695 550 553 2747 2752
713 714 715 716 853 854 855 856 674 675 676 677 1276 1277 1278 1279 2491 2492 2493 2494 106 107 108 109 357 360 2498 2499 2500 2501 138 143 2531 2532 2533 2534 3012 3017 1921 1922 1923 1924 358 359
245 246 247 248 803 804 805 806 731 732 733 734 866 867 868 869 148 149 150 151 1295 1296 1297 1298 403 406 2754 2757 2847 2852 307 308 309 310 398 399 400 401 1899 1900 1901 1902 2129 2130 2131 2132 1057 1058 1059 1060 1080 1081 1082 1083 1932 1933 1934 1935 2162 2163 2164 2165 330 335 356 361 2823 2828 2835 2836 2839 2840
619 620 621 622 849 850 851 852 577 578 579 580 900 901 902 903 2346 2347 2348 2349 929 930 931 932 2701 2706 2819 2820 517 520 641 646 2155 2156 2157 2158 298 299 300 301 593 594 595 596 1942 1943 1944 1945 2180 2181 2182 2183 1049 1050 1051 1052 1076 1077 1078 1079 2769 2774 432 435 526 527 528 529
235 236 237 238 799 800 801 802 506 507 508 509 870 871 872 873 1117 1118 1119 1120 2353 2354 2355 2356 2073 2074 2075 2076 2303 2304 2305 2306 2424 2425 2426 2427 2445 2446 2447 2448 380 383
412 413 414 415 884 885 886 887 427 428 429 430 1109 1110 1111 1112 2357 2358 2359 2360 1305 1306 1307 1308 2879 2884 1510 1511 1512 1513 1828 1829 1830 1831 1181 1182
623 624 625 626 904 905 906 907 1618 1619 1620 1621 190 191 192 193 1031 1032 1033 1034 1950 1951 1952 1953 2785 2790 2873 2878 1846 1847 1848 1849 2015 2016 2017 2018 1774 1775 1776 1777 2092 2093 2094 2095 3049 3054 70 75 2875 2876 1563 1564
858 859 864 865 571 572 762 763 1749 1750 1751 1752 2409 2410 2411 2412 3007 3010
2671 2672 695 696 697 698 1903 1904 1905 1906 923 924 94 95 96 97 2478 2479 2480 2481 1329 1330 1331 1332 1208 1211 1870 1875 3067 3072
494 495 754 755 892 893 894 895 981 982 983 984 1333 1334 1335 1336 727 728 2874 2877
239 240 241 242 2338 2339 2340 2341 1092 1093 1094 1095 1284 1285 90 91 92 93 2582 2583 2584 2585 2449 2450 2451 2452 2589 2590 2591 2592 3002 3003
605 606 607 608 2342 2343 2344 2345 2172 2173 2174 2175 975 976 1640 1641 1642 1643 2147 2148 2149 2150 2735 2736 1820 1821 1822 1823 2291 2292 2293 2294 2992 2997 2110 2115
280 281 1141 1142 1143 1144 1229 1230 2324 2325 2351 2352 1035 1036 1037 1038 537 538 737 738 2709 2710 2813 2814 1961 1962 1963 1964
2564 2565 2566 2567 480 481 651 652 998 999 1587 1588 1341 1342 1343 1344 1213 1218 217 218 2719 2720 510 511 2739 2740 1801 1802 1803 1804
1008 1009 1010 1011 1227 1228 1286 1287 486 487 488 489 662 663 664 665 2861 2862 2853 2854 1464 1465 1466 1467 1487 1488 1489 1490 1979 1980 1981 1982 2000 2001 2002 2003 2213 2214 2215 2216 2226 2227 2228 2229
1651 1652 110 111 1121 1122 1250 1251 1252 1253 1610 1611 1612 1613 1832 1833 1834 1835 545 546 2905 2906 681 682 1782 1783 1784 1785 1577 1578
211 212 213 214 1614 1615 1616 1617 1101 1102 1103 1104 1956 1957 1958 1959 1555 1560
647 648 649 650 1636 1637 1638 1639 609 610 611 612 1907 1908 1909 1910 2743 2744 336 341 2764 2767 1380 1381 1382 1383 2039 2040 2041 2042 1726 1727 1728 1729 1460 1461 1462 1463 2942 2943 1200 1203 2961 2964
653 654 655 656 1913 1914 1915 1916 2184 2185 2186 2187 933 934 935 936
80 81 82 83 2143 2144 2145 2146 2363 2364 2365 2366 473 478 2392 2393 2394 2395 2282 2283 2284 2285 2217 2218 2219 2220 2453 2454 2455 2456
158 159 160 161 1070 1071 1072 1073 937 938 939 940 1475 1476 1477 1478 1839 1840 1841 1842 1529 1530 1531 1532 1791 1792 1793 1794 2633 2634 1175 1176 2955 2958 3061 3066
166 167 168 169 2482 2483 2484 2485 1358 1359 1360 1361 1757 1758 1759 1760 2540 2541 2542 2543 1427 1428 1429 1430 1700 1701 1702 1703 1525 1526 1527 1528 1163 1164 1194 1197
176 177 178 179 2551 2552 2553 2554 941 942 943 944 525 530 2837 2838 1366 1367 1368 1369 2603 2604 2605 2606 1534 1535 1536 1537 2575 2576 2577 2578
2555 2556 2557 2558 951 952 953 954 1301 1302 1303 1304 442 445 1376 1377 1378 1379 3020 3021
963 964 965 966 1313 1314 1315 1316 1786 1787 1788 1789 1468 1469 1470 1471 416 417
971 972 973 974 1317 1318 1319 1320 1992 1993 1994 1995 1397 1398 1399 1400 2400 2401 2402 2403 2061 2062 2063 2064
1325 1326 1327 1328 1443 1444 1445 1446 1809 1810 1811 1812 2707 2708 311 312 2524 2525 2526 2527
1506 1507 1508 1509 1969 1970 1971 1972 2230 2231 2232 2233 1401 1402 1403 1404 2631 2632 253 254
2205 2206 2207 2208 2509 2510 2511 2512 1704 1705 1706 1707 1538 1539 1540 1541 2504 2505 2506 2507 2315 2316 2317 2318 2649 2650 2104 2109
2388 2389 2390 2391 1722 1723 1724 1725 1499 1500 1501 1502 1975 1976 1977 1978 2065 2066 2067 2068 2930 2931 2969 2972
1423 1424 1425 1426 1730 1731 1732 1733 2436 2437 2438 2439 260 261
539 540 2004 2005 2006 2007 2571 2572 2573 2574 2595 2596 2597 2598 124 125 286 287 1876 1881
1769 1770 1771 1772 2008 2009 2010 2011 2209 2210 2211 2212
2248 2249 2250 2251 2795 2796 2903 2904 112 113 1448 1449 1450 1451
2413 2414 2415 2416 2295 2296 2297 2298 2647 2648
2080 2081 2082 2083 2811 2812 1152 1153 2920 2921
1696 1697 1698 1699 2797 2798 2199 2200 2201 2202
766 767 2913 2914 1223 1224 2984 2985
2417 2418 2419 2420 768 769 1483 1484 1485 1486
1159 1160 1581 1582
