0 4 1 22 35 21 5 14 13 6 34 46 31 52 41 36 45 3 55 9 144 146 147 145 171 170 222 223 224 225 230 231 343 387 386 388 389 409 408 448 451 449 450 464 479 463 498 499 515 514 523 524 543 544 631 632 672 673 685 686 717 718 751 752 759 758 771 770 772 773 797 796 795 798 862 863 1022 1023 1024 1025 1029 1030 1065 1064 1100 1099 1130 1131 1140 1139 1150 1151 1154 1155 1157 1240 1241 1288 1439 1440 1472 1447 1503 1522 1533 1547 1548 1549 1551 1600 1601 1650 1761 1762 1773 1790 1813 1836 1843 1854 1853 1858 1893 1894 1925 2013 2012 2014 2060 2047 2077 2099 2102 2123 2124 2096 2159 2242 2243 2252 2265 2290 2307 2314 2476 2473 2477 2488 2513 2515 2514 2528 2544 2535 2545 2549 2550 2561 2586 2588 2587 2601 2602 2599 2600 2637 2647 2648 2701 2706 2702 2705 2712 2713 2711 2714 2716 2717 2721 2715 2718 2722 2803 2804 2805 2806 2807 2808 2809 2991 2998 2999 3018 3019 3020 3023 3024 3022 3025 3027 3030 3031 3021 3026 3055 3059 3058 3074 3073 3076 2
16 11 30 29 8 10 7 19 20 70 71 56 75 74 195 197 216 215 226 227 318 362 363 370 410 411 540 539 548 557 558 547 555 556 667 666 747 748 757 756 867 869 926 928 1552 1626 1627 1665 1850 1929 1931 1962 1964 2103 2142 2141 2166 2319 2547 2560 2559 2562 2611 2612 2614 2607 2629 2643 2663 2624 2627 2666 2628 2625 2760 2759 2776 2775 2792 2793 2795 2794 2796 2791 2811 2813 2858 2860 2868 2866 2870 3032 3060 3077 3078
15 33 37 38 18 26 17 43 44 48 69 98 138 139 143 142 184 185 198 199 219 234 233 244 253 243 254 268 269 317 342 371 372 385 393 396 397 453 454 495 512 572 661 753 881 883 914 916 961 959 962 960 1028 1027 1063 1062 1128 1129 1136 1137 1156 1192 1191 1206 1205 1220 1219 1222 1223 1224 1221 1310 1312 1347 1345 1371 1370 1373 1372 1441 1442 1473 1474 1523 1524 1542 1543 1859 1941 1954 1973 1974 2167 2192 2203 2204 2474 2495 2490 2502 2503 2568 2563 2579 2580 2619 2620 2615 2616 2639 2818 2819 2850 2852 2857 2859 2865 2872 2867 2888 2910 2908 2916 2953 2952 2967 2966 2981 2980 2983 2982
12 24 23 28 27 40 39 53 54 101 102 104 103 130 132 238 236 258 256 257 259 323 319 325 326 328 364 366 367 369 390 432 434 433 435 486 488 527 529 528 526 619 621 700 699 701 702 755 754 870 872 903 901 977 979 1039 1042 1040 1041 1085 1084 1087 1086 1118 1120 1862 1864 1865 1867 1883 1884 1932 1934 1945 1943 1979 1981 2023 2024 2026 2025 2056 2057 2058 2070 2059 2072 2117 2118 2162 2164 2183 2181 2213 2215 2246 2247 2244 2245 2275 2274 2277 2276 2300 2302 2322 2323 2404 2608 2621 2638 2719 2798 2800 2816 2834 2833 2846 2845 2848 2851 2874 2875 2891 2890 2903 2957 2959 2977 2979 2985 3036 3039 3045 3037 3038 3047 3069 3071
25 42 111 49 47 32 62 64 51 50 88 89 272 302 313 314 322 522 697 695 909 918 1048 1061 1127 1186 1189 1187 1188 1346 1348 1352 1353 1553 1554 1567 1568 1583 1584 1686 1688 1690 1691 1796 1795 1837 1838 1955 1960 2193 2198 2496 2497 2664 2733 2737 2815 2883 2887 2906 2907 2915 2917 3052
72 59 61 60 67 68 95 125 156 220 276 327 341 791 808 941 1004 1005 1097 1564 1609 1682 1681 1706 1874 1906 1958 1959 2006 2007 2479 2504 2510 2509 2677 2676 2726 2727 2841 2844 2925 2926 2988
57 58 63 73 65 66 97 124 154 221 277 324 336 789 810 943 1007 1006 1096 1563 1607 1679 1680 1704 1871 1904 1956 1957 2005 2004 2481 2506 2511 2512
76 77 78 79 86 85 87 84 112 113 329 359 357 358 360 438 439 437 440 774 1026 1098 1145 1230 1229 1870 1855 1875 2505 2507 2548 2646 2641 2843 2923 2924 3075
80 81 82 83 141 140 163 162 165 164 228 229 338 339 465 468 466 467 1159 1160 1914 1913 1916 1915 1936 1939 1937 1938 1975 1977 1976 1978 2225 2239 2241 2238 2240 2581 2675 2644 2678 2680 2785 2787 2788 2790 2830 2831 2832 2969 2972 2970 2971 2989
90 93 91 92 157 155 160 161 158 159 186 188 217 218 331 330 334 335 735 736 780 865 1550 1577 1576 1578 1579 1593 1591 1654 1656 2122 2120 2163 2165 2553 2551 2572 2574 2583 2582 2584 2585 2595 2597 2596 2598 2736 2767 2768 2935 2936 2954 2955 2990 3012 3014 3015 3017 3061 3062 3066 3065
96 99 94 174 172 424 422 426 425 421 423 1582 1581 1594 1595 1657 1659 1719 1718 1721 1720 1763 1765 1844 1845 2098 2116 2361 2387 2386 2421 2470 2471 2569 2593 2635 2636 2634 2640 2645 2820 2821 2856 2947 2949 3033 3041
100 105 117 118 116 119 180 182 183 181 232 251 249 250 252 275 278 352 351 353 354 447 452 500 501 502 503 691 692 693 694 1168 1167 1171 1172 1180 1185 1179 1183 1184 1190 1246 1247 1248 1249 1297 1298 1295 1296 1449 1450 1448 1451 1483 1485 1484 1486 1515 1514 1517 1516 1863 1866 1872 1873 1896 1895 1897 1898 1928 1930 2027 2029 2030 2028 2048 2049 2051 2050 2075 2073 2074 2076 2113 2111 2114 2112 2135 2133 2136 2134 2170 2171 2168 2169 2253 2256 2255 2254 2286 2287 2288 2289 2305 2303 2304 2306 2332 2334 2333 2335 2353 2354 2355 2356 2424 2426 2425 2427 2446 2445 2448 2447 2467 2466 2469 2468 2651 2653 2656 2654 2725 2729 2730 2748 2752 2747 2751 2753 2754 2757 2758 2799 2842 2829 2847 3044 3046 3068 3070
108 106 107 109 168 169 166 167 344 348 345 349 383 384 379 380 625 626 623 624 816 817 818 815 933 936 934 935 1134 1132 1133 1135 1158 1287 1286 1561 1566 1620 1618 1621 1619 1701 1702 1700 1703 1758 1757 1760 1759 1969 1972 1970 1971 2008 2010 2009 2011 2082 2080 2083 2081 2642 2750 2749 2779 2780 2784 2783 2912 2937 2938 2958
110 114 152 153 260 261 273 315 316 391 392 420 511 510 651 679 678 1565 1562 1651 1652 1746 1748 1783 1782 1785 1784 1801 1802 1803 1804 1833 1835 1927 1926 2001 2003 2032 2033 2034 2031 2053 2054 2052 2055 2160 2161 2227 2229 2258 2259 2257 2260 2266 2267 2268 2269 2862 2885 2886 2901 2902 3007 3001 3002 3008 3035 3040 3053 3051 3063
115 121 123 474 473 476 477 478 475 741 740 1300 1589 1597 1596 1598 1599 1689 2180 2182 2301 2299 2321 2618 2855 2876 2877 2893 2892 2904
120 122 127 129 194 196 262 263 287 286 320 321 402 403 406 407 496 497 505 504 683 684 749 750 875 908 1013 1047 1074 1075 1660 1658 1685 1687 1764 1766 1818 1819 2320 2362 2379 2381 2422 2457 2475 2632 2633 2761 2762 2777 2778 2863 2913
126 131 134 137 150 178 177 204 412 482 485 580 609 612 792 866 931 930 947 946 964 957 968 965 969 1250 1309 1393 1394 1396 1409 1408 1413 1420 1428 1424 1425 1429 1603 1637 1641 1674 1772 1800 1816 1826 2035 2038 2068 2084 2087 2143 2187 2184 2278 2281 2294 2326 2350 2359 2358 2373 2377 2372 2478 2520 2519 2526 2555
128 135 133 136 148 176 179 414 483 484 578 611 610 790 868 929 932 945 948 955 963 966 967 970 1252 1311 1392 1395 1407 1411 1410 1423 1422 1427 1430 1426 1605 1643 1639 1672 1770 1798 1814 1824 2037 2036 2066 2085 2086 2145 2185 2186 2279 2280 2292 2328 2357 2360 2371 2374 2375 2480 2518 2524 2521 2557
149 151 247 248 245 246 266 264 265 267 332 337 356 374 378 373 377 415 413 441 444 516 519 518 521 532 534 671 669 703 705 706 704 732 734 799 801 850 852 873 871 1000 1002 1119 1117 1556 1558 1570 1572 1610 1612 1645 1647 1653 1655 1747 1745 1778 1781 1779 1780 1805 1806 1807 1808 1834 1832 1856 1861 1868 1899 1920 1922 1933 1998 2000 2069 2101 2129 2154 2156 2226 2657 2659 2732 2763 2765 2786 2822 2995 2996 3016
175 173 211 213 289 288 293 292 382 381 470 469 472 471 637 639 656 654 834 833 835 836 884 886 991 993 1173 1176 1178 1175 1265 1266 1264 1267 1301 1303 1314 1316 1401 1403 1636 1638 1662 1664 1727 1726 1728 1729 1749 1751 2472 2626 2669 2672 2683 2686 2741 2744 2826 2827 2918 2939 2940 2943
187 201 192 193 274 355 368 436 446 676 677 715 716 728 814 990 1072 1073 1143 1144 1170 1204 1242 1257 1327 1328 1540 1541 1677 1678 1793 1794 2115 2273 2272 2318 2317 2554 2605 2606 2671 2670 2769 2770 2898 2900 2895 2897 3067 3072
190 191 189 203 279 350 365 431 533 675 674 713 714 812 992 1070 1071 1141 1142 1162 1169 1182 1177 1255 1325 1326 1331 1332 1477 1478 1537 1536 1538 1539 1675 1676 1791 1799 1792 1848 1849 2330 2609
202 200 280 531 535 536 837 838 839 840 888 891 889 890 972 974 1113 1115 1161 1163 1166 1164 1319 1317 1320 1318 1381 1383 1397 1399 1510 1512 1628 1631 1629 1630 1733 1731 1743 1741 2681 2684 2728 2894 2934 3005
206 208 207 205 209 210 1193 1195 1194 1196 1197 1198 2125 2126 2127 2128 2201 2202 2199 2200 2263 2264 2261 2262 2630 2652 2655 2679 2682 2685 2693 2694 2697 2698 2911 2922 2927 2946 2950 2951 3050 3064
214 212 281 525 530 644 643 1640 1642 1668 1670 1710 1712 1821 1823 2104 2109 2594 2690 2687 2838 2873 2899
237 235 255 304 306 645 641 642 646 784 782 851 849 1001 1003 1049 1052 1050 1051 1076 1077 1078 1079 1666 1857 1917 1860 1869 1879 1880 1886 1892 1923 1997 2043 2044 2100 2108 2107 2151 2157 2327 2329 2346 2348 2418 2420 2428 2430 2429 2431 2443 2444 2441 2442 2772 2774 2782
241 242 239 240 290 291 340 554 550 709 710 711 712 725 727 730 821 819 822 820 1019 1020 1018 1021 1037 1035 1036 1038 1152 1351 1384 1385 1390 1391 1546 1580 1617 1616 1771 1851 2105 2138 2139 2137 2140 2250 2251 2248 2249 2484 2485 2493 2494 2527 2878 2919 3000 3003
270 271 312 311 416 417 561 559 562 560 689 690 687 688 831 832 874 1138 1165 1174 1181 1529 1527 1528 1530 1841 1842 2021 2022 2091 2665 2668 2700 2699 2802 2812 3042
282 300 301 283 294 295 305 346 376 405 418 520 552 574 573 579 595 596 589 590 721 726 766 853 854 925 1057 1058 1080 1081 1153 1212 1216 1277 1282 1276 1284 1283 1354 1355 1364 1365 1452 1453 1467 1466 1480 1479 1490 1489 1878 1919 1921 1965 1966 1963 2045 2046 2106 2153 2155 2194 2195 2347 2351 2382 2383 2703 2704 2771 2781 2814
284 285 298 299 303 296 297 347 375 404 419 517 551 575 576 577 591 592 593 594 729 722 767 855 856 927 1059 1060 1082 1083 1199 1207 1215 1278 1279 1280 1281 1285 1356 1357 1362 1363 1454 1455 1465 1464 1481 1487 1482 1488 1918 1924 1961 1967 1968 2152 2158 2196 2197 2349 2352 2384 2385
307 309 310 308 333 361 398 399 400 401 427 430 443 428 429 603 601 602 604 720 783 785 786 1123 1124 1234 1235 1559 1573 1592 1698 1699 1891 1885 2071 2121
394 395 480 481 494 513 680 719 723 724 764 1299 1585 1586 1768 1767 1940 2088 2089 2661 2662 2864 3028 3029 3057 3056
442 445 567 568 570 569 640 638 655 653 841 842 844 843 885 887 951 952 953 954 1054 1056 1208 1211 1209 1210 1304 1302 1315 1313 1376 1379 1377 1378 1402 1404 1469 1471 2148 2147 2149 2150 2174 2172 2210 2209 2212 2211 2233 2231 2773 2839 2871 2956
455 457 458 456 542 541 617 618 769 768 857 950 949 985 1606 1604 1846 1847 1991 2530 2801 2920 2921 2987
459 461 460 462 681 682 743 742 761 760 1202 1201 1228 1227 1456 1457 1458 1459 1492 1494 1491 1493 1683 1684 1709 1708 1738 2508 2631 2810 2849
490 491 492 493 629 627 628 630 733 731 802 800 900 902 978 980 1555 1557 1560 1602 1754 1756 1903 1905 2176 2177 2178 2179 2221 2224 2222 2223 2734 2742 2880 2882 2896 2960 2963 2968 2976
487 489 508 509 506 507 553 622 620 805 806 803 804 893 892 895 894 981 983 984 982 1045 1043 1046 1044 1088 1090 1091 1089 1200 1217 1218 1946 1947 1983 1984 2132 2131 2216 2667 2974
538 537 571 652 707 738 737 864 898 896 940 938 1421 1419 1912 2228 2419 2417 2695 2756 2789 2797 2828 2932 2944 3009
546 545 708 739 765 788 823 915 919 986 1125 1214 1237 1239 1520 1518 1571 1888 2688 2986
563 549 564 565 566 633 634 635 636 922 921 923 924 989 988 1445 1446 1505 1535 1534 1544 1663
581 584 582 583 746 860 861 987 1147 1146 1231 1876 1881 1877 2015 2018 2016 2017 2308 2309 2546 2589 2591 2590 2592
586 585 588 587 658 657 659 660 1203 1213 1360 1361 1499 1500 1590 1694 1695 2079 2284 2285 2450 2449 2571
599 600 597 598 662 665 664 663 779 975 976 998 999 1236 1238 1386 1387 1412 1414 1887 1889 1890 1985 1980 1986 1999 2119 2214 2423 2440 2658 2948
607 605 608 606 648 647 649 650 775 776 793 794 920 1290 1289 1349 1350 1545 2063 2061 2064 2062 2380 3006 3011 3010
613 616 615 614 744 745 1226 1225 1405 1406 1692 1693 1740 1839 1840 1882 2498 2499 2540 2541
670 668 763 762 858 859 1569 1574 1705 1707 1776 1774 2097 2205 2208 2206 2207 2234 2236 2740 2994
698 696 777 778 876 877 878 879 958 956 1149 1148 1358 1366 1587 1588 2019 2489 2869 2984
787 781 1011 1010 1233 1232 1388 1389 1735 1734 1982 1996 2002 2536 2516 2537 2529
809 807 904 906 905 907 942 944 1033 1031 1067 1069 1243 1245 1435 1436 1437 1438 1608 2090 2578 2673 2837 2840
813 811 897 899 1253 1251 1263 1575 1661 1714 1717 1713 1722 2189 2316 2367 2388 2622 2879 2909
824 825 826 880 882 917 1014 1016 1262 1911 2110 2217 2218 2219 2220 2393 2392 2395 2394 2487 2486 2522 2523 3034
829 827 828 830 910 911 912 913 1268 1271 1269 1270 1711 1715 1716 1724 1732 2696 2731
845 847 848 846 994 997 995 996 1101 1102 1104 1103 1273 1272 1275 1274 1307 1308 1305 1306 1667 1669 1822 1820 2397 2396 2399 2398
939 937 1244 1259 1260 1329 1330 1432 1431 1615 1737 1769 1812 1852 1951 1950 2483 2492 2491
971 973 1093 1092 1094 1095 1116 1114 1254 1256 1359 1416 1415 1418 1417 1623 1625 1649 1648 2337 2649 2929 2930 2978
1009 1008 1055 1258 1261 1343 1344 1341 1342 1532 1614 2041 2436 2482 2691 2689 2823
1012 1053 1291 1293 1294 1292 1521 1519 1633 1634 1632 1635 1750 1752 2342 2345 2343 2344 2416 2414 2835
1015 1017 1122 1334 1338 1339 1382 1433 1444 1949 2130 2312 2339 2525 2570 2881
1034 1032 1066 1068 1337 1340 1380 1434 1611 1613 1644 1646 1989 2566 2577 2724 2766
1105 1106 1107 1108 1369 1367 1368 1739 2325 2363 2364 2975
1110 1109 1112 1111 1398 1400 1463 1461 1501 1513 1511 1697 1723 1811 1830 1831 2146 2338 2401 2411 2433 2610 3049
1121 1323 1321 1374 1900 1901 1902 2173 2175 2283 2370 2368 2391 2389 2452 2738
1126 1322 1324 1375 1907 1910 1908 1909 1987 1992 1995 1993 1994 2315 2455 2454
1335 1333 1336 1671 1673 1696 1942 1944 2709 2710 2817 2928 2941 2933 2945
1443 1460 1498 1508 1525 1786 1988 2188 2190 2500 2565 2576 3048
1462 1468 1496 1502 1506 1507 1730 1788 2191 2291 2402 2412 2434 2464 2465 2567 2997
1470 1475 1476 1504 1531 1725 1753 1935 2040 2437
1495 1497 1509 1744 1742 1787 1789 2230 2232 2282 2293 2331 2962 2992 2993 3043
1526 1622 1624 1952 2020 2095 2235 2271 2739 2825
1736 1775 1797 1990 2078 2094 2270 2432 2501 2531 2884
1755 1809 1810 1815 1828 2065 2067 2340 2406 2453 2458 2735
1777 1825 1948 2039 2237 2311 2313 2543 2692
1817 1827 2042 2092 2144 2310 2324 2438 2451 2552 2573 2964
1829 1953 2093 2296 2435 2456 2558 2660 2708 2914
2298 2295 2297 2341 2369 2390 2400 2403 2836 2889 2931 3004
2336 2463 2459 2532 2538 2542 2707 2854
2365 2366 2409 2410 2415 2462 2461 2720 2723
2376 2378 2517 2539 2613 2743 2745 2905
2407 2405 2408 2460 2533 2853 2973
2413 2439 2604 2650 2674 2942
2534 2556 2564 2603 2961 2965
2575 2746 2764 2861 3013
2617 3054
2623 2755 2824
