2846 2763 10 2081 975 2863 2435 2894 386 1630 354 2280 362 3011 2164 2162 2023 83 39 526 198 2848 2977 2013 758 129 1002 12 759 42 618 1604 2215 2278 2800 2173 2814 23 2427 20 2822 2098 143 372 2349 244 614 864 2230 2406 2949 255 2232 348 356 2213 2175 347
880 1237 2073 2736 80 1549 2760 579 2242 2206 1572 228 1770 3 38 3003 626 1299 2244 1574 2101 796 2204 2059 34 882 1707 161 1705 1569 212 1608 539 1606 2 2941 1772 798 1571 213 2658
1924 874 1232 1563 2034 2913 1268 690 1560 3073 1096 2198 2265 2771 2866 2812 3023 2043 21 1460 2864 1063 566 702 1310 2290 389 50 2914 2917 438 474 2307 2674 2858 45 3007 258 3055 1550 2856 3021 669 491 2246 560 1012 920 54 507 107 2170 1916 52 53 1127 1565 3058 14 2916 393
2884 1892 1387 308 232 2659 2524 1506 2084 1713 417 340 2482 2297 268 1756 2784 2542 1927 1188 1410 2942 2029 2085 1748 332 3048 3077 1729 2592 41 744 32 1309 2783 1337 1214 16 363 1369 2568 3047 328 1874 1434 808 421 867 2541
2772 2523 1878 794 2804 2149 2391 628 1371 1522 1921 15 1634 2066 2342 2040 2458 2413 2432 878 652 1568 3054 2464 917 1747 3012 8 7 43 2792 2115 2228 1579 2653 1831 2750 2982 662 2298
2379 2735 580 2571 2605 2171 2729 823 2852 914 2718 1937 2964 727 2495 1855 1157 2320 1153 25 226 2188 916 26 231 1300 2366 825 952 1379 412 44 2387 696 31 349 24 721 2668 9 1907 1958 722 2696 1854 728 954 1154 723 260 729 2490 2208 720 1974 1155 2507 110 3037 627 2805 2603 58 2486 877 1258 1345 2336 610 726 2819 2141 2573 230 37 46 2547 57 1853 879
2624 2648 745 755 2657 2203 122 114 2725 2276 1443 1577 28 376 2070 1997 1928 2136 55 51 2168 2628 2973 423 3031 2686 509 263 2052 2127 1999 810 360 330 2667 216 310 3020 2728 1126 1011 787 2275 2630 17 2072 2306 2697 1887 1158 3065 324 241 422 3015 2821 1863 488 1710 2753 418 295 2851 868 2310 1734 87 1082 323 1885 1926 2237 2221 1533 1865 1802 2828 1894 131 341 746 22 2054
3051 2350 137 2757 2200 1051 1068 120 1896 2530 138 1952 193 801 1052 559 2264 33 2263 3074 2737 337 463 2470 6 2758 207 2305 2738 11 3050 196 3053 534 1117 2135 352 2807 3052 1790 718 1953 1118 443 770
2687 2532 2818 1152 2829 567 651 3034 869 1383 2291 1449 2664 540 1010 1417 980 1046 2224 366 1389 1411 2842 2651 2128 753 2169 2647 786 1487 2998 66 1216 1235 1501 2946 788 2236 1455 2956 1296 1239 63 1292 1008 1786 1186 2974 2813 154 2676 152 2284 2252 1092 704 1044 1094 978
620 992 2567 2218 188 2014 1275 1388 2110 2898 1006 2395 249 1390 2794 2191 3016 404 297 2021 2374 2177 904 2723 1077 1273 1150 2576 403 2843 658
1415 2485 1592 266 2698 1558 2057 2150 2912 1965 217 1201 1782 197 1484 1751 608 2270 632 2984 280 2927 1784 2685 1594 2938 388 111 265 3038 279 1327 1179 1381 486 2260 1737 194 2970 2075 2951 1181 1557 1834 549 2960 2933 2035 2037 2309 2518 1749 551 606 1899 1858 2655 1967 3062 1990 2000 215 1362 1694 276 1559 86 1199 1556 2002 1804 1901 1518 275 1832 88 113 1988 1692 634 3018 1735 1307 2662
2931 2614 1017 885 256 2741 148 2593 476 1333 1685 1475 2341 2928 108 344 2643 1639 2918 571 1638 1147 123 1805 19 27 2403 2744 1728 220 862 2229 1220 909 147 1192 2340
2506 1688 2854 409 407 1996 214 1919 2471 2010 1838 2008 1255 1992 2235 1297 3040 2095 1189 2166 1985 1414 2907 296 2498 2429 2344 2551 5 300 339
1719 1312 1661 1918 155 97 1819 384 2046 2151 743 1086 2119 2449 1058 766 2785 3041 852 76 2347 128 1856 2048 134 2830 1839 2036 126 854 738
2397 2335 1796 2919 542 1798 1426 1035 2882 2398 733 1680 1424 1476 2971 1174 2399 803 1079 2443 229 2708 1478 2441 1172 2673 1614 118 2333 2745 2672 101 1762 907 2396 1338 2895 600 1005 2709 541 1187 2994 1339 813 1679 103 1774 1065 1029 292 2809 2879 2322 2968 1340 601 906
590 899 124 1722 2940 1531 2930 1403 845 2521 1995 449 849 1396 811 1194 508 779 775 1982 2415 2308 2408 1613 1497 536 2250 1975 695 1879
2296 1373 435 678 1712 1698 2743 859 2097 64 2514 2481 603 2595 411 725 13 544 239 1287 2143 36
2167 1938 1511 1406 1516 1727 72 419 1276 1849 502 1745 84 2762 2872 1101 1197 426 838 1053 637 756 3046 888 1910 2795 563 1466 581 67 2878 734 1267 2061
1431 832 2967 483 1175 61 2063 1355 2326 2071 1703 2425 645 611 2691 2121 713 1183 1717 1240 814 455 762 47 802 2091 785 445 2106 1451 2254
1889 462 2459 1090 959 2582 284 77 2489 1893 1398 1260 2781 1305 90 1088 961 1361 1647 1122 2615 1120 2378 3072
2195 468 2383 367 2677 106 1541 605 1740 2746 151 1628 523 2569 2796 1821 927 2891 2947 431 1115 2466 2558 922 2684 1702 424 2299
777 506 3017 2952 1354 1164 245 689 910 2274 1413 1432 911 1998 142 287 2849 1083 29 1037 1163 336 141 595 2777 1231 2234 1482 1481 1864 2055 288 2632 2636 2871 769 964 2641 2739 2053 1 2633 594 516 2201 2778 686 1866 257 2810
2759 168 986 1960 1976 1664 958 2527 2581 1146 705 1095 1489 1632 1316 48 2493 56 673 2442 732 2991 2607 2123 2688 2680 1176 359 293 264
2713 650 219 2954 2112 1427 1842 2748 999 912 1581 2255 2823 3002 163 2216 447 2683 2943 1050 1585 2321 1699 835 1030 454 1330
139 688 2993 2635 2076 749 711 2799 316 2117 2273 1003 2906 1757 528 2862 469 1883 1294 2645 2902 1204 748 1521 1071 1286 1534 2272 1934 1648 254 415 2003 687 2740 774 1767 1935 2058 1884 3025 2231 317 2302 1845 1867 2901 2056 1485 2300 1435 1486 2001 517 1418 2118 1212 1026 2803 1689 1351 1114 2915 2640 1210 672 206 3063 1441 1862 1228 1070 2161 857 2634 1202 1136 282 1177 2160 1227 0 2271 2074 136 2233 18 1591 140
1253 2579 872 1257 679 211 1768 1341 2386 1678 2496 382 2751 901 915
1360 2742 2825 2251 223 1944 130 2505 1430 503 2157 301 2500 1091 199 2316 40 3067 938 1121 2494 471 380 1605 2182 351 945 2932 1780 93 1564 1646 461 1332 327 2267 1578 335 2876 1673 1019 1915 1198 2764
883 2156 2027 2639 631 1514 1329 2465 1870 2752 668 322 1161 2082 2158 1675 1820 850 1084 1771 3059 799 641 2438 930 2133 62 115 2282 1667 2285 2062 1811 1445 2787 2811 375 2102 116 1812 2283 1085
374 1456 2937 2142 2154 222 2301 1344 2152 1444 2319 621 2546 2987 905 96 2833 303 2797 2487 224 395 2939 1653 306 1779
1385 2652 1636 270 2338 572 1994 2870 1567 3006 2064 1049 2880 1875 1508 893 1399 1215 150 1554 49 1823 70 1825 2463 1200 1165 358 615 2707 1741 2401 414 478 1911 2900 326 2292
441 238 2619 1733 2078 2343 2433 783 3001 3049 2373 1382 2371 1555 2791 2345 1130 1314 2992 2675 1787 1814 2457 1641 960
1302 677 1690 1714 3000 1346 2186 676 2528 3044 1590 1792 1979 204 2793 2245 1553 2529 2473 202 2642
1250 460 1715 1617 656 1336 996 221 2478 428 2086 2356 1561 440 1076 2256 1408 1110 833 2761 2468 984 2409 209 764
2618 218 2990 1552 190 2670 299 1904 1420 714 1057 2903 1224 1419 2730 804 1886 1536 1352 2731 1178 112 2183 2031 2790 1954 191
2108 453 1386 2962 2253 701 2420 1448 2483 2995 480 2327 1056 1054 957 2997 2692 955 2140 1180 2419 2328 2105 2124 1171 1412 1480 956 179 1238 1471 574 94 2444 2426 2988 178
1876 399 1512 936 3022 2248 693 2477 1317 1813 2116 2394 2844 633 1219 180 1384 875 2519
681 1447 646 2885 2114 1649 1652 2089 392 2202 2721 583 1644 2428 2020 2816 1576 1047 932 1601 2346 68 1526 1492 2712 2351 1693 790 2929
2450 437 1218 1669 773 1328 2502 3064 876 2205 1640 1742 99 2860 2935 2779 2281 371 629 1027
2612 919 1281 1869 165 1677 974 2369 1566 1356 425 236 616 2756 2559 966 1950 2586 2155 1599 235 1440
1743 201 465 895 602 2961 1588 2978 1674 1542 1746 304 277 200 2536 2456 2808 894 946 2094 2511 1760 1141
731 1991 2330 2380 1140 1959 385 2720 406 2515 1374 2986 589 987 2423 2626 35 500 1325 2617 665 791 2855 2909 2461 2706 2989 1098 2704 2780 2609 2400 446 644 793 79 699 2090 527 1139 1097 3027 2826 3075 2060 1366 2621 708 730 1028 1861 1313
1847 484 2096 1289 1263 1666 607 977 307 2019 1500 807 1093 153 498 2131 525 2979 2887 234 2660 1207 866 1454 761 1380 1827 379 2710 2845
1763 1766 1971 135 490 1269 59 467 2834 848 2539 1972 413 1252 119 1270 1087 781 1818 2832 164
290 2513 1663 2501 505 1829 1828 568 2701 716 747 1166 1246 2831 2897 2921 2865 1897
1650 1138 968 1835 1519 1274 707 533 2950 1610 1213 2517 2649 934 2199 2920 1483 990 836 2815 630 2304 442 1803 546 100 30 1293 863 109
162 1623 2417 715 741 1463 2189 591 2520 1940 2699 167 2332 792 1326 2726 2455 492
2129 1342 1691 1625 203 2564 305 1135 698 1687 1073 1586 1191 1031 2694 294 3056 4 2560 1955 186 597 2570 1627
1041 227 1731 2207 2376 2597 2362 1350 2348 1877 784 2981 2329 1494 653 2314 156 1723 643 2022 1917 2225 1391 851 436 1467 951 479 2525 1900
592 1422 2293 840 918 519 1402 2545 361 709 2454 535 2313 1860 856 397 795 2910 1438 2599 1624 1708 2092 2018
195 69 2724 1502 2689 2217 2194 2874 1850 1335 1551 1596 2945 2410 2382 842 1548 2859 2227 1242 427 149 1545 2999 1109 494 2549
3057 3068 1873 598 923 1249 1582 861 1433 926 2257 2047 685 2469 314 3069 1963 2452 2024 144 640 2384 2905 1074 2352 2944 2113 1607
2627 2980 1898 160 2422 1107 933 158 1912 464 2975 2839 1547 3070 2837 891 941 1622 2446 2099 890
2181 2479 146 1173 1144 1080 1936 661 1395 853 251 2769 1973 1375 2782 459 2820 1303 1372
826 712 1195 1761 510 1465 1939 2088 243 2411 2604 2663 2700 2440 333 780 1306 2041 1203
2554 2038 530 1809 240 1089 1777 2389 655 2353 127 1425 2447 778 364 1872 2249 2881 1682 843 554 1949
1914 60 648 1837 1452 1580 622 2178 1616 2577 2243 1524 233 1450 944 1964 1069 1151
2331 2623 515 577 497 1272 2600 1775 1788 1464 994 176 3024 1159 903 1264 2610 390 664 962 1913 1948 887 2719
2138 556 1841 939 1236 2467 2424 315 1392 818 1288 1132 2111 820 692 532 1706 2802 757
751 2083 410 2896 2702 1038 325 1488 2588 1793 1951 1676 2911 1229 1583 1510 1206 1442 2531 654 1230 1840 489 2548 2492
1193 768 2923 1416 2798 174 345 2033 1168 1633 2372 1643 827 1401 513 2824 2430 1575 1320 1718 1223 2827 1190 2405 2733 1145 1732 1271 1319 512 2806 175
740 680 752 396 269 2589 329 145 1259 1657 2959 283 3035 1602 2835 763 2025
1043 573 1724 886 1686 2044 1394 2126 697 3036 737 2766 1725 2926 1744 2153 2847 1857 2050 1182
2042 972 2359 334 2436 1906 617 182 953 943 1066 2770 1423 183 2222 1062 259 2125 1681
1208 694 1672 1810 1902 2526 171 482 1530 782 739 2051 1593 2503 2969 377 2631 2544 809 125
1462 169 924 2836 1895 98 309 1645 65 1966 1931 3042 1570 2197 1826 1807 192 1880 2259 2049 2693 873 1283 1946 2877 2165 2801 2375 1184 1968 1654 2174 457 121 2666 1365 1671 1920 3030 2026 1933 2841 2354 342 394 1042
1113 1148 2890 2146 2012 493 1368 1799 3008 2120 545 1755 663 2475
2065 91 2853 2017 3005 378 1397 1347 2749 3009 433 1909 3014 587 355 1656 1517 865 320 976 908 724 2732 1922 1266
420 2922 1983 1099 1234 2553 691 2093 902 2241 2611 1888 2318 588 1034 485
1609 1343 1428 1930 2462 2555 289 1791 2437 1540 1525 3043 2226 1711 285
472 2258 318 1523 1367 2646 925 2360 3013 2966 1067 2584 1668 684 2578
553 1890 666 855 2180 2261 2077 1405 2317 1437 2948 896 470 2009 2445 754 2620 2715 821
1527 1421 719 1142 2325 2768 2535 1584 173 981 2644 2572 2488 2955 387 675 2886 776 1359 458 548
1615 434 2533 1980 537 2196 2789 2591 1611 543 2976 2079 1629 1111 2223 1100
1225 1961 1978 1843 1942 2238 1846 319 3078 343 561 1279 931 1851 450 189 1941
2681 1491 487 1196 550 1400 286 1833 2669 1830 1977 1185 1720 1783 2067 2661 2934 1376 1962 2277 552 2925 2032
520 1378 2312 881 985 1021 246 1503 619 2606 1781 1018 2540 993 997 1004 1986
816 2650 2509 278 1651 2211 2972 649 970 2212 710 1439 969 2289 1808 1721
2187 1407 1683 2104 2873 1241 432 2109 3033 274 2185 831 504 1597 2474 529
1495 2087 858 1665 1059 613 1493 2324 2638 767 466 3066 555 2538 2722 2767 1515 267
1285 1660 1014 2755 75 624 248 177 3010 2268 302 2045 1600 1769 1001 609
2172 1947 133 1282 401 1247 2747 948 210 1923 1321 2665 1322 2924 2888 1546 2703 369 1470 2279 2132 638 2817 797 3039 2875 2130 1479 897
1539 1801 272 353 2364 2583 1446 1116 1295 1016 979 1562 1945 71 350 1143
1891 181 1349 1637 860 940 2262 1993 1469 1726 3019 1507 1457
452 2587 1970 2585 2370 844 1670 2678 1358 321 2339 2776 2838 444
370 1123 2103 2069 1815 596 1020 271 2714 599 2625 1754 262 2716 2705 947 562 1167 2734 2899
2193 1520 1587 700 365 400 2497 2499 1078 1000 929 660 2192 132
1248 383 2315 247 518 2965 771 913 1776 166 1848 2682 95 2953 1244 1033
313 104 102 1752 2908 1753 2850 2552 2983 982 1498 1370 312 311 1738 2480
703 800 2402 1816 965 1254 2598 2295 416 830 2210 570 935 2414 2594 2365 2068 2516 2377
2239 1658 2869 949 1331 2857 2608 683 950 717 501 2629 2563 2580 2867 2184 2985 3032 2637 538 3060 1709 2007 3026
381 1162 281 2602 1642 1789 1701 2534 967 338 1631 2861 829 2269 2958 2773
565 456 2407 1535 1844 1209 1925 2214 85 1131 2717 2287 1504 585 1496 1245
481 1277 2100 1662 187 1217 991 521 1626 78 1859 3076
1363 2005 2774 1795 1353 2690 1298 1621 736 1905 1871 81 1903 1357 2892 547 1290
2711 2266 1957 1765 1039 1024 2550 1984 889 391 812 2190 2510 2575 250
642 3004 1981 1595 1377 2311 2504 1334 1778 1461 1048 1956 1280 398 1868 2361
1149 2148 439 2139 670 884 2537 1055 242 900 760 2556 973 2416 841 1324 1750 819 1134
2004 1075 1764 1112 1881 2392 2671 402 2453 2358 846 451 2786 237 105 2357
1436 1103 2484 1700 1612 1137 1932 346 2472 1618 2566 252 1544 1797 557
184 1156 1817 1696 2754 995 172 261 2840 1129 2601 2163
1987 1716 1032 892 1348 639 1064 1106 2439 225 2145 1736 1124
1989 1221 1635 448 1806 89 1278 2144 2412 1262 2448 1128 898 1404
1505 495 817 1758 742 575 2006 2431 298 2220 1659 2963
1119 706 1251 185 1261 1315 2460 1852 74 1265 1824
1537 2476 2294 1474 2590 1061 1222 2654 657 2011
828 477 373 3045 2656 1169 1105 357 2883 584 1573
1013 2368 1308 1499 635 524 2451 2388 1226 92 1453 368 2385 2303 208 1730
1081 1364 625 2765 989 1943 569 2363 2393 1102 1473
2334 1929 1800 253 1458 1060 2134 1108 291 2122 2367
1291 1529 2030 1620 2418 205 82 983 2679 1323 765 1133
667 2562 1311 1704 834 2107 582 2080 2695 1908 2288 159 1045
1318 847 1773 2727 1409 789 2616 805 1509 839 2893 1170 1822 475
73 1684 157 1007 2622 2421 2936 2015 2565 942 273 2337 531
1040 636 1459 1233 671 3071 576 735 2323
1023 1589 499 2016 2039 2390 2957 511 405
1528 772 1393 674 963 2543 2596 937 2159 659 806
2512 1655 998 170 2996 1429 2355 2381 1468 1036
586 1015 1160 430 2028 1025 1477 1284 2557 647
1301 578 2209 1009 1695 564 2788 2404 1304 1104
1211 1836 815 1125 1256 1543 2179 593 2904 3028 1243
3061 1603 871 623 429 2286 1739 2147
837 2176 1513 1882 2508 1785 2434 2613
2137 870 1205 1072 921 558
682 1022 1697 928 2868 1969 1794 2889 2574
1472 1598 824 604 2240 2561 2775
1538 496 117 822 750 1490
612 971 3029 2247 408 1619 514
2219 988 522 1532
2522 2491 473 331
1759
