0 1 2 3 4 5 6 9 10 21 22 27 28 31 35 36 41 45 46 52 55 144 145 146 147 222 223 224 225 230 231 386 387 388 389 390 416 417 479 514 515 523 524 543 544 631 632 672 673 685 686 751 752 758 759 858 859 1547 1548 1549 1551 1552 1600 1601 1650 1761 1762 1773 1790 1813 1836 1843 1853 1854 1858 1859 1893 1894 1925 2012 2013 2014 2047 2060 2077 2096 2099 2102 2103 2123 2124 2159 2242 2243 2252 2265 2290 2307 2314 2473 2474 2476 2477 2488 2513 2514 2515 2528 2535 2544 2545 2547 2549 2550 2561 2586 2587 2588 2599 2600 2601 2602 2609 2610 2613 2622 2623 2624 2625 2626 2627 2628 2637 2647 2648 2701 2702 2705 2706 2711 2712 2713 2714 2715 2716 2717 2718 2721 2722 2803 2804 2805 2806 2807 2808 2809 2991 2998 2999 3018 3019 3020 3021 3022 3023 3024 3025 3026 3027 3030 3031 3055 3058 3059 3073 3074 3076
7 8 11 12 19 20 29 30 50 51 54 56 70 71 74 75 215 216 226 227 318 362 363 370 402 403 406 407 410 411 555 556 557 558 666 667 740 741 747 748 756 757 866 867 868 869 1567 1568 1585 1586 1622 1623 1624 1625 1739 1740 1767 1768 1795 1796 1837 1838 1844 1845 1851 1852 1928 1929 1930 1931 2141 2142 2225 2319 2559 2560 2581 2607 2643 2731 2732 2759 2760 2775 2776 2791 2792 2793 2794 2795 2796 2799 2986 2987 2988 2990 3032 3060 3077 3078
13 14 15 16 17 18 26 37 38 53 170 171 204 219 260 261 315 316 317 319 342 343 371 372 385 453 454 512 513 641 643 644 646 661 717 718 746 753 770 771 777 778 876 877 878 879 955 956 957 958 1029 1030 1064 1065 1130 1131 1139 1140 1148 1149 1156 1159 1160 1205 1206 1221 1222 1225 1226 1309 1310 1311 1312 1370 1371 1372 1373 1441 1442 1473 1474 1523 1524 1542 1543 1544 1545 1589 1665 1666 1708 1709 1850 1883 1884 2116 2166 2167 2203 2204 2475 2489 2490 2502 2503 2546 2633 2634 2635 2636 2641 2642 2644 2645 2646 2802 2818 2819 2820 2821 2857 2858 2859 2860 2865 2866 2867 2868 2869 2870 2916 2952 2953 2966 2967 2980 2981 2982 2983 2984 2985
23 24 25 34 39 40 42 47 48 49 256 257 258 259 302 322 329 506 507 508 509 522 619 620 621 622 699 700 701 702 918 1145 1151 1154 1155 1157 1158 1351 1546 1855 1960 2097 2098 2198 2320 2321 2322 2381 2472 2497 2570 2618 2629 2638 2664 2665 2666 2667 2725 2726 2729 2730 2747 2748 2751 2752 2874 2875 2876 2877 2890 2891 2892 2893 2919 3036 3037 3038 3039
32 33 43 44 57 58 59 60 69 124 125 154 155 156 157 198 199 228 229 233 234 243 244 268 269 397 914 915 916 917 919 920 1062 1063 1096 1097 1136 1137 1349 1350 1472 1503 1533 2192 2193 2379 2380 2440 2457 2471 2495 2496 2568 2569 2616 2617 2727 2728 2810 2815 2816 2887 2888 2903 2904 2909 2910 2915 2918
61 62 63 64 72 73 139 142 396 442 443 444 445 469 470 471 472 637 638 639 640 1150 1169 1170 2143 2144 2145 2146 2172 2173 2174 2175 2217 2218 2219 2220 2681 2683 2684 2686 2764 2765 2766 2767 2842 2843 2844 2845 2961 2962 2963 2964 2989
65 66 67 68 88 89 158 159 160 161 186 187 188 189 313 314 735 736 774 985 1061 1098 1186 1187 1188 1189 1219 1220 1405 1406 1504 1505 1594 1595 1818 1819 2117 2118 2548 2823 2825 2826 2828 2912 2954 2955 2958 2959
76 77 78 79 84 85 86 87 112 113 357 358 359 360 437 438 439 440 496 497 831 832 1026 1161 1162 1165 1166 2336 2337 2423 2504 2505 2506 2507 2509 2510 2511 2512 2841 2846 2923 2924 2925 2926
80 81 82 83 138 140 141 143 162 163 164 165 336 338 339 341 465 466 467 468 726 727 728 729 803 804 805 806 1179 1180 1183 1184 1246 1247 1248 1249 1936 1937 1938 1939 1975 1976 1977 1978 2065 2066 2067 2068 2133 2134 2135 2136 2830 2831 2832 2833 2879 2880 2883 2884 2917 2969 2970 2971 2972 3067 3069 3070 3072
90 91 92 93 217 218 239 240 241 242 330 331 334 335 709 710 711 712 793 794 1213 1214 1217 1218 1329 1330 1331 1332 1431 1432 1433 1434 1550 2582 2583 2584 2585 2589 2590 2591 2592 2723 2724 2873 2878 3000 3002 3003 3005
94 95 96 97 172 173 174 175 184 185 567 568 569 570 959 960 961 962 986 987 1128 1129 1191 1192 1223 1224 1973 1974 1991 2508 2619 2620 2621 2675 2677 2678 2680 2785 2787 2788 2790 2920 2921
98 99 152 153 232 272 273 391 392 393 510 511 651 652 678 679 908 909 998 999 1047 1048 1074 1075 1240 1241 1562 1563 1564 1565 1576 1577 1578 1579 1745 1746 1747 1748 1782 1783 1784 1785 1801 1802 1803 1804 1862 1864 1865 1867 2000 2001 2002 2003 2031 2032 2033 2034 2052 2053 2054 2055 2226 2227 2228 2229 2257 2258 2259 2260 2266 2267 2268 2269 2658 2659 2660 2661 3001 3004 3007 3008 3009 3010 3035 3040
100 101 102 103 104 105 1856 1857 1860 1861 1868 1869 2100 2101 2323 2326 2327 2328 2329 2350 2608 2630 2911 2922 2927 2934 2935 2938 2939 2946 2947 2950 2951 3050 3051 3052 3053 3062 3063 3064 3065 3075
106 107 108 109 166 167 168 169 344 345 348 349 379 380 383 384 421 423 424 426 623 624 625 626 815 816 817 818 933 934 935 936 1132 1133 1134 1135 1163 1164 1358 1359 1360 1361 1427 1428 1429 1430 1525 1526 1527 1528 1618 1619 1620 1621 1700 1701 1702 1703 1757 1758 1759 1760 2351 2352 2749 2750 2779 2780 2783 2784 2936 2937
110 111 220 221 408 409 463 464 772 773 795 796 797 798 862 863 988 989 1288 1396 1447 1522 1738 2160 2161 2274 2275 2276 2277 2707 2708
114 115 253 254 255 420 545 546 680 775 776 860 861 1014 1015 1016 1017 1027 1028 1193 1195 1196 1198 1215 1216 1227 1228 1286 1287 1487 1488 1489 1490 1863 1866 2043 2044 2045 2046 2278 2279 2280 2281 2421 2422 2639 2640 2777 2778 2901 2902 2913 2914
116 117 118 119 180 181 182 183 205 207 208 210 249 250 251 252 275 276 277 278 351 352 353 354 374 375 376 377 500 501 502 503 691 692 693 694 1185 1190 1250 1251 1252 1253 1291 1292 1293 1294 1456 1457 1458 1459 1491 1492 1493 1494 1518 1519 1520 1521 1556 1557 1558 1559 1570 1571 1572 1573 1610 1611 1612 1613 1653 1654 1655 1656 1778 1779 1780 1781 1805 1806 1807 1808 1832 1833 1834 1835 1895 1896 1897 1898 2027 2028 2029 2030 2048 2049 2050 2051 2073 2074 2075 2076 2168 2169 2170 2171 2253 2254 2255 2256 2286 2287 2288 2289 2303 2304 2305 2306 2651 2653 2654 2656 2753 2754 2757 2758 2829 2834 2847 2848 2851 2852 3044 3045 3046 3047 3068 3071
120 121 122 123 262 263 286 287 320 321 504 505 539 540 541 542 547 548 683 684 749 750 1127 1138 1683 1684 1689 1882 1954 1955 2404 2470 2522 2523 2593 2594 2631 2632 2855 2856 2907 2908 3033 3034 3041 3042
126 127 128 129 373 378 455 456 457 458 617 618 766 767 1022 1023 1024 1025 1602 1603 1604 1605 1926 1927 2056 2057 2058 2059 2386 2387 2800 2801 2948 2949
130 131 132 133 206 209 235 236 237 238 298 299 300 301 323 325 326 328 364 366 367 369 404 405 474 475 476 477 593 594 595 596 642 645 720 721 722 723 754 755 1057 1058 1059 1060 1080 1081 1082 1083 1123 1124 1125 1126 1199 1201 1202 1204 1207 1209 1210 1212 1464 1465 1466 1467 1932 1933 1934 1935 2069 2070 2071 2072 2162 2163 2164 2165 2299 2300 2301 2302 2761 2762 2797 2798 2824 2827 2835 2836 2839 2840
134 135 136 137 270 271 311 312 498 499 516 517 520 521 559 560 561 562 742 743 1152 1153 1262 1263 1553 1554 1583 1584 1685 1686 1687 1688 1690 1691 1911 1912 2088 2089 2308 2309 2486 2487 2694 2695 2696 2697 2699 2700 2871 2872 3028 3029 3056 3057
148 149 150 151 245 246 247 248 264 265 266 267 332 333 356 361 432 433 434 435 518 519 526 527 528 529 703 704 705 706 731 732 733 734 799 800 801 802 870 871 872 873 1039 1040 1041 1042 1084 1085 1086 1087 1117 1118 1119 1120 1899 1900 1901 1902 2023 2024 2025 2026 2129 2130 2131 2132 2244 2245 2246 2247
176 177 178 179 274 279 324 327 525 530 807 808 809 810 904 905 906 907 941 942 943 944 1181 1182 1366 1367 1368 1369 1534 1535 1536 1537 1606 1607 1608 1609 1704 1705 1706 1707 1846 1847 1848 1849 2417 2418 2419 2420 2670 2671 2672 2673 2769 2770 2773 2774 2837 2838 2974 2975 2978 2979
190 191 192 193 350 355 365 368 431 436 674 675 676 677 713 714 715 716 811 812 813 814 1070 1071 1072 1073 1141 1142 1143 1144 1168 1171 1254 1255 1256 1257 1325 1326 1327 1328 1538 1539 1540 1541 1675 1676 1677 1678 1791 1792 1793 1794 2382 2383 2384 2385 2895 2897 2898 2900
194 195 196 197 473 478 581 582 583 584 719 724 1555 1560 1569 1574 2614 2615 2652 2655 2863 2864
200 201 202 203 346 347 531 532 535 536 549 551 552 554 563 564 565 566 633 634 635 636 837 838 839 840 888 889 890 891 971 972 973 974 1317 1318 1319 1320 1380 1381 1382 1383 1397 1398 1399 1400 1628 1629 1630 1631 1730 1731 1732 1733 1741 1742 1743 1744 2466 2467 2468 2469
211 212 213 214 288 289 292 293 381 382 422 425 695 696 697 698 833 834 835 836 990 991 992 993 1109 1110 1111 1112 1173 1175 1176 1178 1264 1265 1266 1267 1313 1314 1315 1316 1392 1393 1394 1395 1636 1637 1638 1639 1661 1662 1663 1664 1828 1829 1830 1831 2396 2397 2398 2399 2889 2894
280 281 394 395 533 534 571 572 849 850 851 852 900 901 902 903 929 930 931 932 1049 1050 1051 1052 1076 1077 1078 1079 1581 1582 1917 1918 1919 1920 1946 1947 1948 1949 1961 1962 1963 1964 2035 2036 2037 2038 2151 2152 2153 2154 2176 2177 2178 2179 2199 2200 2201 2202 2261 2262 2263 2264 2693 2698 2703 2704 2771 2772 2781 2782 2817 2822 2881 2882 2896 2899
282 283 284 285 290 291 294 295 296 297 418 419 447 448 451 452 573 574 575 576 589 590 591 592 1174 1177 1276 1277 1278 1279 1284 1285 1354 1355 1356 1357 1452 1453 1454 1455 1479 1480 1481 1482 1877 1878 1879 1880 1921 1922 1923 1924 1965 1966 1967 1968 2105 2106 2107 2108 2155 2156 2157 2158 2194 2195 2196 2197 2346 2347 2348 2349 2428 2429 2430 2431 2441 2442 2443 2444 2813 2814 2885 2886
303 304 305 306 550 553 577 578 579 580 681 682 857 923 924 1280 1281 1282 1283 1362 1363 1364 1365 2270 2271 2272 2273 2763 2768 2928 2929 2932 2933
307 308 309 310 337 340 398 399 400 401 412 413 414 415 427 428 429 430 441 446 449 450 627 628 629 630 853 854 855 856 892 893 894 895 925 926 927 928 1167 1172 1321 1322 1323 1324
459 460 461 462 687 688 689 690 760 761 874 875 949 950 1194 1197 1468 1469 1470 1471 2039 2040 2041 2042 2562 2563 2579 2580
480 481 494 495 537 538 725 730 896 897 898 899 1035 1036 1037 1038 1388 1389 1390 1391 1983 1984 1985 1986 2188 2189 2190 2191 2741 2742 2745 2746 2968 2973
482 483 484 485 585 586 587 588 657 658 659 660 1200 1203 1208 1211 1561 1566 1575 1580 1870 1875 2110 2115 2657 2662 2663 2668 2669 2674 2687 2688 2691 2692 2956 2957 2976 2977 2993 2994 2995 2996 3013 3014 3015 3016
486 487 488 489 597 598 599 600 662 663 664 665 768 769 779 780 975 976 1871 1872 1873 1874 1885 1886 1887 1888 1996 1997 1998 1999 2111 2112 2113 2114 2125 2126 2127 2128 2221 2222 2223 2224 2238 2239 2240 2241 2424 2425 2426 2427 2445 2446 2447 2448
490 491 492 493 601 602 603 604 668 669 670 671 781 782 783 784 977 978 979 980 1000 1001 1002 1003 1590 1591 1592 1593 1734 1735 1736 1737 1889 1890 1891 1892 1979 1980 1981 1982 2119 2120 2121 2122 2213 2214 2215 2216 2676 2679 2682 2685 2960 2965
605 606 607 608 609 610 611 612 647 648 649 650 785 786 787 788 1232 1233 1234 1235 1987 1988 1989 1990 2061 2062 2063 2064 2940 2942 2943 2945 3006 3011 3043 3048
613 614 615 616 744 745 1229 1230 1448 1449 1450 1451 1483 1484 1485 1486 1876 1881 2104 2109 2709 2710 2941 2944
653 654 655 656 739 789 790 791 792 1146 1147 1242 1243 1244 1245 1289 1290 2078 2079 2090 2091 2524 2525 2526 2527
707 708 737 738 823 824 825 826 880 881 882 883 1299 1300 1940 1941 2516 2517 2529 2530 2536 2537 2538 2539 2811 2812
762 763 764 765 937 938 939 940 1018 1019 1020 1021 1475 1476 1477 1478 1529 1530 1531 1532 1692 1693 1694 1695 1839 1840 1841 1842 1969 1970 1971 1972 2008 2009 2010 2011 2080 2081 2082 2083 3012 3017 3061 3066
819 820 821 822 1258 1259 1260 1261 1341 1342 1343 1344 1423 1424 1425 1426 1614 1615 1616 1617 1753 1754 1755 1756 1769 1770 1771 1772 1956 1957 1958 1959 2004 2005 2006 2007 2015 2016 2017 2018 2689 2690 2743 2744 2992 2997
827 828 829 830 910 911 912 913 921 922 1268 1269 1270 1271 1345 1346 1347 1348 1352 1353 1626 1627 2019 2020 2021 2022 2084 2085 2086 2087 2518 2519 2520 2521
841 842 843 844 884 885 886 887 951 952 953 954 1272 1273 1274 1275 1305 1306 1307 1308 1407 1408 1409 1410 1632 1633 1634 1635 1722 1723 1724 1725 1749 1750 1751 1752 2357 2358 2359 2360 2388 2389 2390 2391 2409 2410 2411 2412
845 846 847 848 963 964 965 966 994 995 996 997 1301 1302 1303 1304 1376 1377 1378 1379 1401 1402 1403 1404 1640 1641 1642 1643 1667 1668 1669 1670 1710 1711 1712 1713 2342 2343 2344 2345 2363 2364 2365 2366 2413 2414 2415 2416
864 865 1012 1013 1231 1439 1440 1587 1588 2291 2292 2293 2294
945 946 947 948 1236 1237 1238 1239 1411 1412 1413 1414 1714 1715 1716 1717 2092 2093 2094 2095
967 968 969 970 1053 1054 1055 1056 1105 1106 1107 1108 1460 1461 1462 1463 1648 1649 2137 2138 2139 2140
981 982 983 984 1008 1009 1010 1011 1043 1044 1045 1046 1088 1089 1090 1091 1384 1385 1386 1387 2719 2720 2739 2740 2853 2854 2861 2862
1004 1005 1006 1007 1031 1032 1033 1034 1295 1296 1297 1298 1913 1914 1915 1916 2234 2235 2236 2237
1066 1067 1068 1069 1337 1338 1339 1340 1415 1416 1417 1418 1596 1597 1598 1599 2330 2331
1092 1093 1094 1095 1101 1102 1103 1104 1495 1496 1497 1498 1506 1507 1508 1509 1651 1652 1696 1697 1698 1699 2551 2552 2553 2554
1099 1100 1121 1122 1679 1680 1681 1682 1903 1904 1905 1906
1113 1114 1115 1116 1435 1436 1437 1438 1763 1764 1765 1766
1333 1334 1335 1336 1644 1645 1646 1647 1671 1672 1673 1674 1942 1943 1944 1945 2180 2181 2182 2183 2786 2789 2930 2931
1374 1375 1657 1658 1659 1660 1718 1719 1720 1721 2310 2311 2312 2313
1419 1420 1421 1422 1907 1908 1909 1910 2205 2206 2207 2208 2315 2316 2317 2318
1443 1444 1445 1446 1726 1727 1728 1729 1809 1810 1811 1812 2324 2325
1499 1500 1501 1502 1510 1511 1512 1513 1824 1825 1826 1827 2184 2185 2186 2187 2478 2479 2480 2481 2491 2492 2493 2494
1514 1515 1516 1517 1950 1951 1952 1953 2147 2148 2149 2150 2230 2231 2232 2233
1774 1775 1776 1777 2209 2210 2211 2212 2282 2283 2284 2285 2361 2362
1786 1787 1788 1789 1820 1821 1822 1823 2248 2249 2250 2251 2482 2483 2484 2485
1797 1798 1799 1800 1992 1993 1994 1995 2338 2339 2340 2341 2400 2401 2402 2403
1814 1815 1816 1817 2332 2333 2334 2335 2353 2354 2355 2356 2733 2734 2737 2738
2295 2296 2297 2298 2367 2368 2369 2370 2432 2433 2434 2435 3049 3054
2371 2372 2373 2374 2392 2393 2394 2395 2405 2406 2407 2408 2540 2541 2542 2543
2375 2376 2377 2378 2735 2736 2849 2850
2436 2437 2438 2439 2458 2459 2460 2461
2449 2450 2451 2452 2462 2463 2464 2465 2564 2565 2566 2567 2571 2572 2573 2574
2453 2454 2455 2456 2498 2499 2500 2501 2649 2650
2531 2532 2533 2534
2555 2556 2557 2558 2603 2604 2605 2606
2575 2576 2577 2578 2755 2756
2595 2596 2597 2598
2611 2612
2905 2906
