0 6 5 2 1 59 58 24 26 29 42 37 49 53 54 52 27 60 55 21 51 207 260 261 262 290 293 287 294 302 304 397 399 416 414 490 489 517 516 562 561 571 572 616 615 687 686 710 711 734 730 750 770 772 777 872 881 973 1015 1037 1068 1099 1128 1137 1231 1297 1390 1554 1568 1584 1586 1590 1662 1766 1769 1792 1819 1838 1844 1855 1858 1853 1882 1937 2009 2014 2039 2060 2077 2090 2098 2102 2116 2171 2247 2265 2248 2290 2307 2314 2477 2473 2490 2510 2519 2530 2536 2535 2545 2548 2563 2588 2587 2595 2601 2606 2600 2644 2630 2639 2641 2642 2643 2645 2721 2814 2816 2857 2855 2863 2859 2867 2865 2992 3006 3020 3022 3024 3027 3028 3031 3026 3055 3059 3058 3075 3073 3076 10
13 3 9 4 14 25 30 31 36 50 45 158 157 160 159 195 196 259 258 273 274 349 391 392 389 390 406 402 405 410 446 447 492 491 501 500 527 528 534 535 543 544 646 669 670 691 690 708 722 718 720 709 735 726 728 732 731 751 767 771 773 823 824 836 835 863 858 918 930 1017 1022 1016 1023 1027 1038 1061 1069 1129 1130 1138 1139 1553 1567 1581 1585 1583 1624 1625 1651 1690 1763 1764 1768 1791 1837 1843 1854 1908 1907 1925 1960 2008 2101 2142 2141 2159 2198 2246 2320 2321 2337 2336 2350 2381 2422 2421 2440 2423 2470 2471 2486 2487 2488 2497 2509 2560 2561 2559 2570 2586 2649 2650 2700 2699 2755 2756 2760 2754 2757 2759 2775 2776 2791 2795 2796 2792 2804 2805 2799 2803 2806 2807 2809 2913 2912 2914 2918 2916 2915 2993 2991 3007 3023 3025
8 22 7 18 71 72 33 32 41 40 46 65 56 81 82 116 115 151 128 146 145 192 201 208 209 224 225 301 324 329 330 323 337 336 352 353 361 376 375 377 387 506 507 599 652 800 799 871 892 954 1040 1039 1084 1085 1147 1371 1545 1863 1866 1872 1864 1865 1874 1892 1891 1894 1893 1927 1929 1942 1944 2020 2021 2022 2019 2044 2045 2047 2046 2112 2114 2133 2135 2136 2134 2169 2167 2180 2182 2249 2250 2251 2252 2284 2285 2282 2283 2332 2333 2354 2375 2424 2425 2450 2449 2638 2662 2659 2664 2666 2741 2742 2746 2745 2747 2748 2751 2752 2801 2829 2830 2842 2841 2876 2877 2896 2897 2984 3034 3037 3035 3036
11 12 16 17 15 35 34 39 38 100 28 228 230 229 395 412 429 444 493 593 610 628 662 663 704 707 899 897 1080 1081 1082 1083 1124 1126 1150 1158 1154 1156 1157 1153 1237 1236 1299 1439 1443 1533 1547 1548 1549 1552 1551 1596 1597 1657 1757 1767 1845 1861 1889 1890 1936 2103 2119 2120 2170 2474 2475 2476 2489 2547 2550 2549 2562 2609 2610 2635 2614 2622 2658 2660 2624 2628 2708 2706 2705 2712 2719 2720 2860 2856 2862 2868 2888 2889 2903 3065 3063
20 19 23 67 43 44 48 47 83 84 126 147 125 327 344 355 369 749 789 909 908 949 985 1026 1155 1242 1244 1347 1348 1349 1350 1370 1372 1394 1393 1441 1442 1639 1826 1856 2048 2049 2146 2293 2654 2655 2704 2810 2847 2850 2872 2871 2927 2953 2986
62 63 178 69 61 64 66 91 137 180 251 350 475 526 532 585 679 696 1550 2647 2651 2813 2818 2906 2946
57 68 79 80 95 93 148 169 170 298 345 380 425 433 426 450 451 499 624 723 765 843 848 983 1091 1090 1112 1165 1570 1633 1636 1726 1806 1805 1825 2340 2369 2370 2383 2418 2447 2448 2465 2620 2621 2669 2671 2692 2690 2782 2783 2786 2787 2836 2838 2873 2926 2977 2978 3060 3066
74 73 77 78 75 76 92 89 90 333 334 338 448 449 538 701 1587 1588 1694 1695 1692 1693 2287 2288 2286 2289 2295 2297 2296 2298 2701 2702 2880 2879 2884 2883 2911 3067 3070 3069 3072
85 70 88 111 114 172 197 263 265 279 280 307 308 339 340 494 549 550 1089 1110 1179 1181 1182 1184 1199 1202 1201 1204 1209 1212 1250 1252 1253 1251 1291 1289 1290 1292 1462 1460 1463 1461 1485 1483 1518 1520 1556 1557 1559 1558 1571 1573 1602 1605 1603 1604 1653 1655 1654 1656 1783 1785 1782 1784 1801 1803 1834 1832 1867 1895 1896 1897 1898 1930 1931 1932 1933 2037 2038 2035 2036 2058 2056 2073 2075 2130 2129 2162 2163 2257 2258 2270 2273 2299 2302 2657 2728 2732 2737 2733 2734 2738 2758 2835 2824 2828 2840 2839 2848 2852 3033 3052 3050 3064
86 87 113 112 171 286 285 299 300 407 408 422 421 485 486 631 632 1101 1159 1163 1180 1185 1186 1189 1183 1190 1240 1239 1241 1238 1356 1357 1354 1355 1457 1458 1459 1456 1480 1482 1511 1513 1871 1885 1886 1961 1962 2031 2032 2053 2054 2070 2071 2111 2113 2127 2128 2125 2126 2199 2200 2201 2202 2263 2264 2261 2262 2277 2275 2304 2306 2322 2326 2328 2327 2329 2382 2384 2385 2428 2430 2429 2431 2442 2444 2467 2469 2634 2670 2661 2673 2681 2685 2674 2693 2697 2928 2934 2929 2932 2933 2938 2950 3038 3053 3051
94 101 97 98 105 102 99 110 106 152 155 156 253 292 445 458 533 540 539 541 542 547 548 573 574 668 802 861 860 1049 1052 1050 1051 1115 1117 1622 1648 1689 1758 1790 1836 1862 1877 1879 1880 1878 1934 1935 2105 2106 2108 2107 2132 2160 2161 2260 2259 2301 2335 2351 2352 2468 2466 2739 2885 2886 2905
103 104 96 109 135 127 154 245 332 530 819 841 884 900 1254 1264 1313 1325 1658 1739 1753 2684 2994 3008
108 107 179 226 621 626 702 725 724 774 857 931 1048 1047 1063 1127 1145 1379 1562 1563 1565 1564 1649 1650 1963 2033 2034 2319 2607 2608 2613 2629 2646 2625 2627 2767 2768 2815 3077
118 121 123 124 122 131 132 134 133 117 119 120 305 306 331 328 362 363 360 555 556 553 554 1873 1926 1928 2052 2055 2069 2072 2334 2353 2355 2356 2443 2441 2727 2731 2753 2823 2827 2851 3062 3074
129 130 139 140 193 198 199 206 284 316 317 347 351 348 354 356 368 386 409 461 471 557 558 613 617 638 640 849 893 921 972 1072 1073 1572 1646 1673 1674 1737 1804 1919 1917 1948 1946 1949 1947 1965 1967 1990 1988 2057 2059 2151 2153 2172 2175 2173 2174 2194 2196 2214 2216 2271 2272 2640 2665 2696 2698 2703 2709 2710 2724 2772 2774 2784 2808 2817 2820 2849 2882 2881 2890 2891 2939 2962 2960 2968 2970
138 136 144 141 200 222 289 288 319 318 357 359 372 374 403 404 401 473 559 642 739 737 738 740 762 761 763 764 810 808 853 855 866 868 933 935 1046 1044 1057 1059 1093 1095 1166 1171 1172 1175 1169 1170 1176 1247 1249 1274 1272 1295 1322 1324 1449 1451 1481 1479 1488 1490 2026 2024 2051 2076 2074 2164 2256 2254 2279 2281 2300 2766 2790 2800 2798 2812 2833 2845 2875 2895 2924 2944 3030 3039 3042 3045 3057
143 142 149 163 190 204 223 255 303 335 618 727 755 803 888 980 979 1010 1034 1045 1094 1177 1344 1388 1389 1411 1434 1448 1487 1502 1576 1735 1734 1749 1778 1809 1888 2223 2224 2236 2235 2484 2599 2919 2949 2957 2954 2974 2997 3011
150 153 161 164 174 188 202 191 211 796 805 854 890 977 1036 1028 1060 1148 1243 1281 1343 1380 1433 1501 1508 1535 1612 1668 1697 1747 1774 1800 1812 1887 1957 2131 2195 2225 2229 2234 2237 2245 2458 2505 2598 2723
186 184 173 187 185 212 213 653 675 719 1857 1859 1860 1868 1869 2100 2099 2325 2461 2802 2811 2853 2854 2870 2869 3029 3040 3041 3056
165 166 167 168 250 249 252 297 296 343 346 678 680 681 721 741 746 812 811 1019 1018 1077 1076 1353 1383 1381 1382 1544 1561 1609 1608 1677 1678 1795 1796 2618 2688 2691 2689 2735 2736 2887 2892 2989 3010 3013
162 175 182 176 189 203 210 699 766 785 814 833 911 928 993 1152 1472 1667 1696 1775 1902 2001 2197 2213 2303 2380
183 181 277 278 276 311 313 314 312 325 326 602 603 604 605 752 754 757 813 937 938 939 940 1141 1143 1144 1142 1288 1334 1335 1333 1336 1505 1569 1574 1607 1606 1704 1705 1707 1706 1760 1759 1762 1761 2204 2203 2206 2205 2239 2240 2238 2241 2315 2317 2316 2318 2626 2744 2743 2769 2770 2773 2935 2936 2937 2975 2979 2990 3078
177 205 214 215 233 234 342 427 454 455 889 967 1151 1173 1195 1203 1213 1579 1582 1647 1751 1752 1781 1811 2155 2156 2166 2349 2348 2419 2420 2427 2452 2451 2763 2785 2788 2822 2821 2846 2988 2996 2998 3012 3009
194 216 217 231 236 235 241 242 268 275 283 341 364 365 400 418 456 457 459 460 495 856 869 1011 1207 1210 1280 1282 1283 1417 1415 1418 1416 1454 1452 1455 1453 1500 1499 1644 1645 1750 1779 1810 1920 1918 2002 2000 2003 2025 2023 2050 2152 2154 2165 2231 2232 2233 2230 2253 2255 2278 2280 2656 2653 2764 2761 2834 2995
220 218 219 221 266 295 310 309 388 423 420 551 552 606 607 609 608 1164 1178 1193 1215 1223 1248 1323 1391 1484 1578 1736 1943 1945 1983 1984 1985 1986 2181 2183 2221 2222 2276 2274 2377 2378 2399 2398 2667 2711 2965 2971 2963 2973
227 232 244 614 736 743 830 829 953 968 991 1024 1054 1168 1198 1208 1216 2147 2104 2148 2177 2176 2210 2291 2342 2343 2363 2372 2364 2371 2391 2404 2406 2433 2439 2464 2677 2675 2678 2680 2771 2825 2922 2956 2982 3043
239 238 237 240 394 393 438 439 440 441 463 464 469 470 683 682 716 717 748 759 758 875 874 950 1070 1071 1136 1591 1708 1709 1883 1884 1850 2117 2118 2366 2365 2387 2386 2472 2619 2636 2637 2615 2631 2777 2778 2819 2917 2952 2980 2981 2985 3032
246 243 247 264 267 281 413 434 598 775 951 1025 1225 1378 1524 1973 2207 2515 2516 2517 2518 2528 2529 2593 2594 2948 2983
248 257 254 396 415 481 581 620 649 783 776 817 831 946 942 956 960 964 1174 1286 1314 1310 1326 1342 1467 1532 1593 1611 1615 1637 1641 1842 1954 2065 2086 2373 2597
256 269 270 398 417 477 587 594 645 651 647 790 1403 1399 1419 1431 1466 1493 1531 1538 1598 1599 1686 1772 1799 1817 1827 1952 2063 2079 2081 2091 2192 2308 2357 2361 2534 2592
271 272 282 315 378 435 482 567 744 747 1007 1005 1066 1067 1065 1064 1135 1133 1560 1994 2005 2042 2083 2648 3014 3016 3061
291 321 322 370 371 437 580 627 883 910 912 929 1100 1191 1192 1206 1205 1219 1222 1220 1221 1304 1302 1351 1352 1473 1474 1504 1503 1522 1523 1534 1683 1813 1958 2188 2495 2564 2900 2908 2904 2910
320 358 366 379 419 465 466 654 655 692 693 760 778 801 926 925 989 1132 1197 1217 1228 1575 1679 1680 1700 1701 1797 1798 2193 2268 2269 2312 2313 2837 2893 2898 2955 2959 2958
367 373 424 467 472 589 656 664 694 729 745 807 815 1006 1032 1134 1337 1423 1475 1529 1681 1703 1771 1777 1793 1839 1956 1972 2006 2030 2084 2137 2243 2617 2921 2999 3017 3044
382 381 384 385 383 498 496 497 658 660 659 661 700 697 698 742 820 821 822 927 1031 1029 1360 1363 1446 1527 1528 1555 1618 1620 1619 1621 1682 1702 1776 1971 2029 2085 2679 2676 2779 2780 3048 3047
411 430 431 522 523 568 637 753 845 846 885 923 924 919 987 1109 1162 1196 1211 1315 1316 1516 1517 1642 1643 1788 1789 1823 1822 1875 1923 1924 2043 2064 2110 2292 2345 2344 2362 2374 2436 2434 2435 2437 2462 2463 3046
432 436 488 563 590 612 667 685 705 712 756 997 996 1111 1307 1629 1698 1724 2061 2413 2414 2526 2987 3015 3019
428 468 484 504 513 769 795 827 976 1187 1200 1269 1318 1400 1409 1478 1664 1716 1755 1830 1995 2397
442 443 479 480 546 545 600 601 643 779 780 975 1096 1218 1234 1232 1233 1235 1486 1577 1592 1594 1595 1780 1802 1901 1989 2016 2508 2652
452 453 579 630 629 768 786 828 1123 1160 1450 1489 1964 1966 2139 2555 2694 2920 2925 2941 2945
462 476 487 502 639 666 689 873 876 887 896 904 903 907 917 1366 1384 1748 1756 1833 1847 1911 1992 2266 2457 2460 2537
474 503 510 519 781 787 922 936 971 999 1412 1663 1671 1675 1899 1987 1999 2540 2544 2951 3001
478 508 509 505 536 565 583 676 784 941 955 959 1230 1284 1373 1387 2040 2062 2393 2580
483 512 518 525 570 595 625 825 834 839 847 1214 1385 1398 1469 1728 1732 1821 2088 2179 2220 2409 2843 2930
511 515 529 537 591 648 657 782 793 864 880 914 944 958 962 966 974 1245 1465 1492 1530 2087 2527 3003
514 520 564 592 611 713 733 791 837 879 1098 1422 1729 1733 2089 2502
521 560 575 576 671 788 806 826 840 852 986 998 1004 1014 1537 1814 2080 2553 2569
524 569 597 623 622 838 844 984 990 1246 1258 1440 1521 1626 1672 1824 1910 1979 1980 2522 2931
531 582 644 635 695 794 818 862 905 947 1426 1444 1526 1600 1721 2149 2310
566 586 584 792 797 798 882 1097 1161 1306 1303 1330 1676 1876 2041 2309 2415 2455 2717 2718 2864
577 578 672 673 804 842 850 851 894 895 1471 1539 1738 1915
588 633 636 650 684 859 898 902 982 978 1194 1445 1525 2094 2456 2543
596 619 688 715 878 945 1001 1021 1033 1365 1405 1421 1510 1848 1909 1953 1978 2482
634 665 674 832 867 963 981 1055 1056 1103 1167 1256 1369 1468 1787 1786 1820 2244 2417 2714
641 809 816 1088 1092 1188 1293 1305 1329 1368 1494 1712 1808 1939 2492
677 886 906 916 1226 1227 1364 1362 1519 1566 1670 1699 1717 1955 1970 2405 2539 2794
706 714 865 877 901 943 957 965 1255 1259 1261 1265 1414 1659 1746 1740
703 870 891 934 952 969 1041 1311 1339 1374 1589 1623 1881 2007 2242 2407 2411 2551
915 913 1013 1229 1257 1267 1263 1271 1309 1341 1358 1714 2015 2027 2338 2346 2541 2602
920 948 970 1224 1260 1268 1276 1279 1287 1437 1438 2018 2078 2612 2623
932 988 994 1008 1262 1266 1273 1270 1296 1601 1688 1846 2095 2227 2432
961 995 1009 1119 1122 1275 1285 1346 1616 1741 1977 2068 2388 2389 2412 3054
992 1002 1020 1102 1116 1120 1277 1301 1498 1546 1627 1661 1691 2121 2143 2453 2663
1003 1012 1114 1294 1298 1308 1320 1328 1435 1630 1710 1921 1940 2520
1000 1035 1030 1058 1104 1300 1312 1332 1407 1427 1613 1617 1631 1640 1976 1981 2096 2211 2454 2503 2577 2572 3002
1043 1042 1053 1087 1086 1118 1652 1723 1725 1744 1743 2208 2390 2438 2581 3071
1062 1075 1074 1105 1106 1131 1361 1402 1687 1993 2092 2123 2331 2379 2496
1078 1079 1146 1327 1338 1340 1424 1477 1476 1614 1765 1870 1904 1905 1903 1906 1950 2478 2479 2491 2512 2531 2532 2866
1108 1107 1140 1319 1317 1345 1470 1638 1666 1815 2109 2145 2212 2403 2401 2686 2707 2716
1113 1121 1278 1359 1367 1375 1413 1509 1660 1669 1900 2514 2567 2972
1125 1149 1321 1377 1376 1397 1406 1507 1610 1632 1831 1975 2360 2416 2797 2831 2923
1331 1395 1396 1495 1496 1515 1580 1635 1634 1807 2115 2150 2294 2408 2789
1386 1401 1404 1410 1464 1514 1665 1715 1719 1829 2324 2323 2632 2844 2858
1392 1408 1420 1425 1429 1436 1432 1685 1720 1818 1912 2311 2368 2481 2521 2558
1428 1430 1447 1684 1835 1852 1849 2124 2122 2394 2582 2682
1491 1497 1506 1628 1718 1742 1816 1840 2144 2185 2446 3000 3004 3005
1512 1541 1542 1713 1794 1828 1938 1941 1969 2358 2498 2554 2726 2832
1536 1543 1711 1773 1951 2004 2013 2028 2178 2217 2402 2603 2902
1540 1722 1730 1914 1997 2157 2190 2524 2568 2578 2781
1727 1731 1913 1982 1996 2138 2184 2267 2392 2483 2964
1745 1841 1922 2011 2067 2347 2523 2556 2730
1754 1916 1959 2168 2186 2226 2341 2480 2533 2943
1770 1968 1974 1991 2140 2187 2209 2542 2557 2591 2604 2683
1851 1998 2012 2191 2395 2485 2493 2500 2729
2010 2017 2082 2158 2367 2410 2538 2611 2695
2066 2093 2189 2339 2565 2672 2687 2715 2750
2097 2218 2219 2228 2359 2499 2504 2740
2215 2305 2330 2400 2494 2590 2722
2376 2396 2426 2501 2513 2749
2445 2459 2511 2573 2574 2585
2506 2507 2552 2566 2546 2583 2967 2966
2525 2579 2571 2633 2762 2899 2909 2976
2575 2576 2584 2589 2765 2878 2942 2969
2596 2605 2725 2793 2826 2947
2616 2668 2713 3049
2861 2901 2961 3018
2874 2894 2940
2907 3021 3068
