2633 2207 2105 2003 1150 204 3038 1166 1048 2031 2119 12 112 1247 2821 1455 56 1161 273 2679 2648 2032 2420 2335 2680 272 3007 1858 764 2686 2651 738 1879 2667 392 2442 2742 1453 2328 2257 1864 2827 1249 779 1891 651 1162 2054 2258 538 3002 1295 999 2 2033 1186 678 26 1047 1173 113 1481 3031 2443 49 2266 1234 2269 1867 2130 1902 2734 1420 494 736 1452 1074 496 316 47 2828 497 1932 1934 232 864 2504 2162 1145 1422 3035 1232 2001 315 1297 1165 1454 2034 2355 2431 1900 2108 1177 2733 3001 1877 1479 2227 1190 2430 2840 2731 2052 1889 537 768
2535 617 2723 5 1187 581 1759 1215 2712 2990 1571 14 2805 863 1205 2528 3026 2546 1893 986 771 2476 21 389 1854 3073 797 2097 1065 3030 215 450 3032 3077 4 35 9 2717 3027 582 673 2515 2647 2718 1030 632 45 2077 2488 2637 2810 52 666 683 225 1894 372 22 2047 376 2544 41 2060 2807 2716 31 2715 3055 686 226 224 798 2724 3060 2806 1567 2714 747 1136 2713 1131 2808 2477 3075 231 464 1149 541 3058 752 1760 2711 20 1181 320 1925 1100 524 2014 221
378 412 1757 2395 567 2887 959 1426 667 100 2775 1311 558 2357 457 2847 44 913 1952 123 223 1697 2602 37 2039 915 957 824 88 2245 1062 2603 2967 830 1763 1970 32 2695 29 19 2079
375 1935 2782 2591 575 1438 106 947 2361 2579 1770 1733 2090 1725 1709 592 304 1828 2036 201 1280 2308 1487 1939
261 1273 1542 1428 1378 1851 2195 1751 1484 1316 269 1102 1800 1928 219 2460 526 2134 2983 963 889 2895 1940 1890 1956 2836 394 2248 1509 1767 50 2560
305 843 817 159 1381 1367 2262 268 2764 1429 766 1819 709 2908 1403 1758 911 51 1750 154 2903 23 424 1582 1688 2750 2670 1099 263 2380 13 2457
192 222 1863 728 2822 2540 2606 1678 1001 1010 230 2280 1996 74 2557 421 2989 2790 313 2241 1997 28 8 1076 532 1082 1011 187 870 1000 2043 2240 868 446 3009 2170 626
565 997 2965 1388 1113 2783 2235 1257 308 1875 2416 1104 1284 82 1018 1192 3006 2853 1072 490 1906 730 2270 404 2886 2481 1198
2412 2778 145 3025 237 343 778 166 1942 635 2999 409 1673 1533 2641 1447 1696 3 1024 25 2947 1 1439 2268 53 2980 2091 99 2517 1231 1588 2053 38 1022 956 1375 1139 777 34 1722 1565 2644 408 1883 2899 1140 2635 1804 2952 1029 958 2640
662 3015 2425 1169 906 115 2996 525 2570 2325 530 415 1625 1468 42 890 1315 1786 2417 2445 3036 36 1331
2225 479 1051 1991 2795 2491 397 2142 2474 2627 228 1855 2643 1383 342 1380 707 1700 198 823 2337 2732 2319 2987 2613 2098 184 30 54 708 1911 253 2440 55 1912 2991 661 2493 2265 940 2494 2336 2492 1853 2796 2141 1146 2776 2472 1028 2404 739
2468 2722 1515 968 1440 951 566 2931 416 1632 72 953 636 887 2857 2111 2671 2830 2736 2388 467 1727 279 834 841 2845 990 275 2339 2681 164 970 1799 149 443 1661 836 1637 1410 2838 2358 302 2690 2934 2400 885 203 992 369 1575 2303 2367 2825 2725
962 2143 587 2332 1394 2072 122 2401 2469 1723 2244 820 714 1357 2414 832 2247 1705 715 2478 194 2084 1724 689 1529 1689 602 420 1596 613 1694 2056 637 2068 800 1732 1499 67 790 2456 1103 2461 1698 165 2035 1425 808 1693 2237 3069 1111 2307 838 1034 2448 1406 1119 1913 2059 238 2519 235 2278 162
876 1616 1984 2121 1977 333 266 691 3041 1009 1592 2748 1171 2187 1183 2957 1578 2286 2962 643 2703 1485 1333 352 2864 2974 1309 492 1412 500 2222 2041 892 2139 1504 483 105 2685 1391 2025 1981 64 283 1896 278 2048
2273 1683 264 251 2409 745 1021 1369 762 2534 2088 1856 2024 33 2109 948 1434 2850 974 2030 2631 2232 536 2632 1370 46 18 1708 260 1589 2942 2536 1346 2636 1345 1159 1225 1684
2154 1354 3046 1270 1806 1312 335 1081 1965 822 1222 1144 15 17 2023 246 248 2852 2668 1058 2951 1448 1861 2786 2069 393 2812 1779 2933 332 2490 1514 2834 406 3037 429 2486 151 2814 2288 427
2298 2437 291 185 1432 108 2434 795 2649 2943 549 439 811 2901 436 1728 2499 2516 853 2397 1857 2683
2614 2470 976 750 2236 1687 1023 570 695 1445 2762 1477 2362 1335 920 2231 1993 668 1118 131 1788 2865 1714 1884 1811 1142 1254 2566
543 2972 470 607 460 368 1084 1815 641 849 886 202 1393 2877 321 1812 2832 1194 2346 1175 2788 1376 1496 2580 993 1548 1108 2858 1301 2333 3063 339 1810 2992 1995 425 1817 2064 1938 1507
1850 737 1115 1020 2360 433 2107 746 2926 2220 2820 1086 2709 2646 2382 1077 319 679 929 1878 2324 280 2375 900
2243 1691 512 2239 1353 2482 1622 2770 1255 2587 317 875 2910 1583 1188 2917 2811 395 1904 1838 1337 2531 1795 1538 1524 1191 1791 1660 918 2092 2102 2676 1614 1127 255
160 1576 60 648 2113 1179 2125 2261 2968 1202 2662 2396 2126 2112 1184 2429 780 1098 1185 769 2327 2221 1210 1233 2428 2924 2963 1865 975 1172 2326 1873 1562 2658 3022 2675 2630
1163 507 2863 933 734 2541 2206 2019 2826 1132 1133 2505 244 2846 2310 1193 671 2969 2498 1525 2959 39 770 939 619 721 663 2311 898 24 629 1358 423 942 1679 1526 434 48 2104 2188 2958
825 2020 2925 127 289 615 2973 2205 1593 1033 1237 1774 1109 697 2506 0 2353 2511 2234 1945 3023 2542
391 1397 2589 1147 387 2575 1762 1238 1031 2378 2844 2915 1415 2882 2576 2089 2564 941
1657 505 749 943 1765 2562 2600 2588 544 2051 881 969 2116 2096 2869 1523 2252 2634 2290 410 1837 2866 16 1219 2645 1594 2548 362 2601 195 761 2166 498 403 1441 520 1585 1818
463 685 620 2219 1148 1308 535 451 2988 2729 2263 1294 2276 2520 682 27 2638 2728 514 1813 1671
923 2065 323 256 1591 2062 979 1348 2191 1633 3017 1869 2368 341 2507 381 1615 1534 2253 3010 792 1279 1495 1546 650 1387 2350 869 922
344 1707 2292 1411 807 68 1608 1470 1730 713 675 2672 1985 327 1390 2422 2037 2598 1405 840 157 711 1067 2553 2567 1682 856 802 2843 380 438 2966 904 2578 2891 2900 2467 442 85 276 1586
546 1785 2559 1647 2021 449 2153 1379 893 399 1080 2862 1643 1918 7 104 218 2771 2046 1559 882 2756 43 627 1789 2586 2896 2433 197
176 2616 2888 1243 1611 1421 2393 2341 1296 2624 274 293 2192 178 1666 1374 10 2625 2872 2103
1124 1658 585 1264 294 1170 2622 1558 3053 2316 1717 2304 2539 727 250 1794 1057 1035 2652 2669 2932
1122 1227 2906 1491 1566 212 1994 2159 664 3034 1196 40 2198 595 857 2902 1075 407 2407 701 3057 2740 325 3071 3047 3020 258 3013 1488 774 755 331 2799 2993 1286 1743 1554 1519 2798 522 132 1456 3008
693 1463 2892 142 1218 1897 2831 1948 2752 568 1164 2747 2210 119 2666 902 1832 503 2106 426 2230 2050 2871 172 1712 286 2148 1713 1216 2758 2212 2922 61 1275 207 654 2904 1610 2075 1556 2677 2211 2150 2956 3070 616 801 1409 1805 2389 2209 1670
2351 144 489 1720 528 300 2761 1823 3042 1155 3014 2854 3056 383 2418 2976 2804 2777 596 2948 322 702 1973 2720 2287 2446 2441 390 760 2885 631 6 2960 510
2410 1951 1870 888 1467 216 298 684 819 1916 2549 200 1120 133 2194 1845 2004 1807 1097 2509
614 1957 236 1459 1464 1158 96 1386 3061 785 677 2140 897 475 1457 1384 1466 295 3029 168
2074 1835 946 174 2444 1235 784 2384 2674 1517 1888 2950 1886 141 2314 148 2694 2693 125 2329 646 1356 337 1834 1963 1961 1160 931 1516 1482 601 972 518 214 398 377 1079 338 2073 2076 3062 2044 1871
303 262 2458 2285 2175 1825 1116 1361 1741 1373 156 2452 1130 2889 562 1748 1240 910 152 1095 1246 891 2370 1744 724 3004 2402 469 1272 718
447 1650 547 1321 649 2156 971 330 1511 2937 644 2155 356 1083 1490 1045 476 1212 2781 2784 1282 413 723 1680 2766 1924 2267 995 2945 1283 2763 2055 855 347 1672 1458 1923
2621 2082 1506 254 937 1032 2794 2617 1027 599 2503 2909 2611 351 1527 2855 2628 3059 2697 2128 1695 382
2114 2555 2868 772 1836 652 2793 430 2870 722 1544 1710 1206 1547 2663 2501 1269 533 3078 725 1260
1015 1266 2008 1719 799 247 1305 1037 87 3048 2371 478 239 90 3003 2618 2218 523 621 1313 1842 2015 2780 2080
83 2313 1362 114 829 171 2538 2016 2199 2954 1626 858 2813 681 2650 1492 2081 1085 2944 3043
2390 155 209 2136 147 1070 3052 2754 1287 1494 2305 1344 2160 265 1017 1352 2275
517 1718 2878 924 936 1568 1444 2524 2343 1328 161 386 1298 2522 3049 97 1304 2595 2530 1539 954 1320 488 611 1325
328 597 2565 1475 2767 877 1366 1472 1134 1972 519 1135 1557 367 2867 2768 809 1655 340 2582
2537 1747 2585 1692 1462 1259 1055 2623 716 1008 1330 1512 1319 710 363 2829 2894 1676 625
1887 2217 2321 606 374 576 594 252 2394 2893 1941 2765 81 1829 2172 2459 2408 2981 852 2296 2655 2406 1569 1570 1726 2373 3064 1964 2110 3000 1042 2392 2939
2525 1802 757 1587 109 2739 1882 908 1735 2364 287 1777 2970 1745 482 120 2527 2946 1801 977
548 1919 1746 742 2463 1980 309 826 310 1324 833 2224 2180 2264 1214 1385 2045 444 493 1579 1465 1201 1663 1868
1686 1044 563 1090 1784 2201 804 2283 1503 179 1898 726 571 2707 866 925 2256 1478 1930 1917 2833 71
501 2837 2158 2526 2133 1936 839 1277 2979 2419 2094 242 1535 1953 175 2975 334 2835 2590 1174
296 928 2626 1617 1342 2093 2151 729 628 2063 1782 2911 311 2279 297 2706 2704 2200 927 163 354 2689 591
314 396 2510 1826 2297 867 1230 2489 656 980 696 982 873 2815 140 3072 698 1043 11 2284 1827 3016 3074 1041 1450 95 3019
1351 1773 1910 653 2743 58 136 1907 1350 1026 2147 2558 2496 69 2816 2912 499 1349 909 271 137 515 998 2495 2497 2085 2289 1551
2551 1443 1427 1704 456 960 2779 1416 2317 233 1876 1199 2800 1606 401 2250 3054 545 1846 1563 860 2760 2005 101 2774 1903
1223 1435 539 847 473 468 1071 2949 1959 1436 126 966 812 349 2521 1761 2619 1552 455
2424 1239 2354 301 2818 1642 2607 699 2038 2817 1377 2823 529 786 642 1998 552 1224 2029 2664 1931 1999 1921 665 1414 3028 1413 1874 2995 1849 405
2574 2386 961 98 191 1229 1126 2929 2058 1322 1167 1217 1211 2026 1483 2875 1449 1833 2028 229 1947 2890
2447 2356 1742 360 1781 2348 1114 1922 435 78 2659 2007 2842 851 3011 1933 1513 2657 2660 2349 608 2291 872 2532
2769 480 2095 2347 138 2529 1068 2982 1248 1983 803 189 2167 2604 2204 2597 2819 2552 1880
2012 921 2334 177 1505 2569 2484 1549 810 2149 2594 1220 170 3033 2907 2259 540 748 2403 411 2916
1123 2986 1872 1176 2577 1641 84 1329 639 1635 1197 2984 1992 1664 326 1395 213 1555 1914 1553 2174 384 950 1821 2735
270 1339 466 2405 2629 2563 2087 2612 153 1061 1771 1299 1831 1341
2002 1623 2010 793 618 2791 1926 402 366 2249 1317 486 2471 89 2759 2215 1318 735
2411 583 1278 1988 878 2040 243 2435 610 1809 2233 2880 1252 1128 2550 916 1937 894 388 2940 2272
459 903 196 2687 879 1734 1986 139 2078 2751 1573 2642 1049 422 516 1866 2749 2860 978 1737
1824 2330 2399 2226 353 935 1510 1360 441 2101 348 2861 1629 1646 419 1852 669 3039 2255 660 704 1408 1598 694
553 1968 1091 217 2572 1228 2848 385 1520 2935 2898 1424 1125 2801 2841 2169 2797 3068 775 2176 1489
2584 791 66 199 2483 2413 914 981 2450 1151 2994 241 2123 240 2879 2881
2918 2978 1729 740 1797 604 2479 687 1417 1093 1399 1107 2365 1607 657 1437 2379 495 1038 2352 1950
1613 440 2583 2066 336 3067 531 2702 2480 2421 1736 2773 1129 907 1400 359 2331 1208 861 1476 1430 1203 288
1581 3076 1389 588 2216 292 1153 2851 2196 345 1944 1204 1253 1862 1364 2132 2913 2423 346 2661 2071 2656 2301 1982 485 2214 1844 586 103 2182 2299 2099 2698 1967 502 117 290
1154 805 758 2242 432 2513 1701 1796 1690 1649 751 672 2228 2809 3021 2639
1290 1106 965 1244 1738 361 358 842 2971 2593 2581 1600 1078 2708 1094 2802 1860 2161 2561 3045 1054
1541 1990 743 1338 2223 985 1816 1639 564 1382 2369 1359 2464 831 1306 2571 561 1200 1580 364 634
930 1137 1250 111 2152 1946 1572 1962 1292 1920 1895 281 2385 1039 850 2171 1518 2730 2377 2876 1117 2202 871 2745 572 1699 1612 753 2027 1281 1363 1195 2281 2426 1656 1780 2178 511 2135 1929
658 1978 2318 1960 1263 2691 1859 1752 600 312 692 1508 2487 1976 1089 2568
2744 329 3051 2710 2295 1168 2312 86 865 77 1221 1584 2923 2466 2726 1560 513
1681 854 1372 76 983 1731 70 816 2145 1830 2936 2177 640
182 506 955 2654 1060 2067 1143 1755 1087 2246 1500 1493 2129 1605 1653 1577 712 2018 1501
2803 973 789 2485 282 205 2057 1407 2203 2905 2705 1451 2556 3044 1285
2144 2573 2306 93 573 2874 116 1265 1401 1644 1971 1958 554 2011 2741 2179 1209 1251 210 901 249 1778 1881 2938
1019 448 1110 1706 2338 1207 1885 2955 2117 1180 1602 3012 1431 1703
211 781 1702 2006 1599 307 2439 169 1820 2462 1340 1288 1716 1332 1753 1112
731 1769 1901 2372 2131 1522 912 2737 2398 1532 2300 1674 732 2260 285 1943
454 428 2118 1604 318 3065 2927 1326 1668 2605 1536 1669 3018 1302
62 1624 2022 1101 1787 2700 521 1659 1300 2438 1423 1908 844 2274
481 1776 2849 1092 2342 996 848 1667 1334 2453 2785 2363 1336 720 1640 994 2451 1561 2678 845 846 2359
487 2921 257 355 2322 2502 2692 1141 1156 1189 2508 2673 193 1073 2688 598
674 437 1772 991 190 2185 1966 306 3050 788 1793 874 1365 2315
2197 945 484 813 1631 2941 2376 638 2302 1178 2727 1052 2383 2181 2183
2859 688 717 1892 2309 984 509 414 1754 1307 477 1059 557 1064
2387 2883 2719 1530 1528 1740 622 534 2772 2699 2173 2696 579 1721 3040 158 2320 2920
181 452 1803 2746 2787 1630 706 1152 2165 2086 65 1486 1899 2753 2277
75 188 1848 1621 1905 1004 1368 818 1537 1847 1006 1619 527 1289 1182 2930 1007 59 2961 934 1564 1005 623 1261 379
63 324 1543 2251 2792 2610 1121 1808 1433 1268 2340 2465 794 828 186
1025 2449 917 471 1822 938 1327 2436 964 1347 559 2518 1590 453 2344
2374 1293 107 1002 1634 2083 1105 603 2454 1392 1574 167
605 821 2596 129 609 2415 2124 2013 1677 2701 542 2721 926 1245 1839 3024 2599
57 659 590 2127 2964 79 2985 1550 1258 944 2554 277 1236
783 1715 418 461 118 1711 2997 1609 2345 2293 2009 2592
2514 504 1138 1595 949 756 1909 2473 128 1627 2998 1013 2545 227 2609 2953 370 1012
580 773 767 2856 1256 988 700 1314 2163 2115 550 578
741 2193 1915 2189 1474 1628 1442 932 1841 796 1675 1003 458 135
1636 1618 2977 2755 859 373 556 705 1927 862 2914 2213 267 1652 2928
815 1460 1620 630 680 1645 905 719 1783 676 1975 1979
1502 284 2323 754 1954 1662 2381 1521 1053 1471 883
2070 2738 1355 782 1069 2271 2757 1792 150 417 2824 234 365 1050 124 2682
827 2432 2665 1665 612 555 1461 1843 1213 1056 2897
952 220 814 2884 1396 574 2049 1419 1262 2190 80 1775
208 2164 1469 400 1274 1402 2168 733 206 2653 2100 2061 806 593 2839
703 1267 1768 584 2500 987 462 1498 2184 472
645 465 2137 2146 896 1540 647 1949 2789 655 357 895
1276 2157 245 102 2512 1974 2138 143 2543 1323
2608 2455 1046 1840 91 2254 1473 2238 919 1814 183
1685 1066 2523 1157 670 1955 134 1597 1638 1241 989
1063 2919 2017 173 569 1310 1756 350 445 1036 1418
2208 1654 1969 2475 1531 130 2547 2186 1096
259 1242 1291 1404 2000 1989 2229 899
1798 371 787 2533 1749 835 765 967 3066
2684 299 146 1987 1371 92 2873 2294 508 1545
577 744 1764 2427 1014 624 2391 1343
1480 110 776 2366 1303 1497 474 2282 884
1601 589 3005 1603 1446 431
880 73 1271 1766 2042 633
2120 2620 1398 690 837 491 1790 759
763 1226 1739 94 1016 1088
551 2122 1040 2615
1648 560
180 121
1651
