950 827 797 1100 2991 2703 2723 2647 791 1626 1725 1599 2810 2802 1097 1851 1743 2718 1651 703 643 662 533 1237 1392 1544 1288 2331 2400 2472 2350 386 349 1151 646 1581 260 548 2886 2902 228 229 547 2885 2901 1155 2550 2120 2476 2508 2546 2225 2319 2159 2607 2581 2488 2561 1890 1991 2097 1925 1567 1583 1585 1553 1157 1156 2321 2320 1154 1153 1854 2101 429 610 230 412 1853 2473 3038 3033 3036 3035 1855 2102 3031 3058 2098 1858 34 12 48 4 25 56 15 36 27 26 24 21 10
989 1024 802 1002 936 823 2614 509 1233 1685 2353 1230 247 159 123 256 589 1116 1243 2381 1734 2384 659 161 1120 1102 523 1076 425 1029 91 69 251 532 1020 1006 996 992 1938 2491 2566 2176 2394 1969 2203 2390
1016 987 308 932 1000 1657 2629 472 1519 508 1687 1764 1321 108 109 243 137 1650 1258 1282 1248 682 270 1370 1692 2398 147 431 1754 2604 2543 1760 1515 1507 383 1746 2288 1475 311 2042 1740 1444 1677 1681 1669 1665 2287 2041 2603 2542 1270 1266 1262 1256 2538 2017 2539 2016 2536 2014 2265 2606 2284 2283 2021 2020 2271 2037 2036 2272
856 869 1010 868 1011 855 2653 2654 2799 2756 2818 2988 2821 2755 2651 2646 2656 2822 2817 361 241 459 1281 1415 1289 460 1290 360 242 1280 1416 2758 2753 457 456 341 342 217 216 194 1274 1275 1297 1298 1413 2349 2355 2348 2356 2419 1414 2420 263 289 409 463 302 767 64 418 231 401 155 1223 552 1060 554 2771 2774 2839 2835 1461 3002 3004 88 2784 2781 2827 2823 132 1083 3018 1484 3016 235 2788 2785 2842 81 1094 2846 205 2764 209 2761 1045 2834 2830 2997 1452 3011 1499 2995 3009 1450 1489 2451 2426 1459 1482 2431 2444 1184 2157 1916 2168 2158 1915 1929 2169 1928 2156 2155 2167 2166 295 296 2234 2235 2236 2237 376 1914 1913 377 1927 422 1926 423 1999 1998 1996 1997 324 755 756 323 746 745 1190 1189 2111 2113 1215 1195 1164 1873 1163 1871 1193 1213 1863 1866 2046 2044 2251 2249 2262 2032 2053 2275 2055 2277 2034 2264 3029 3056 3041 3040 2282 2019 1865 1864 22 17 42 41
789 1096 954 825 2853 2708 2658 1598 1818 833 964 2804 2869 2856 403 400 528 527 542 546 647 1582 3076 3026 2537 2018 2540 2248 2015 2039 2545 2601
852 873 894 924 1001 851 2864 2696 2712 2693 2811 2801 2926 1673 199 1647 639 1695 373 471 254 1656 1646 1752 2709 474 473 201 375 196 641 849 850 892 871 999 922 193 1654 1644 1645 1671 1750 1693 197 192 304 303 62 65 306 526 301 395 66 1550 560 1052 558 1050 2883 1785 2928 2891 140 142 1075 1073 2934 1804 139 2779 1074 2890 2824 2782 2772 557 2882 2769 2836 1051 559 141 1049 1072 3001 3015 2935 2929 1803 1784 1783 1782 1802 1801 61 2154 1919 2165 2153 1920 2174 2151 2152 2172 2163 1933 2231 1948 2195 2197 2233 354 1918 1917 1946 1931 359 357 1968 2003 1966 2001 319 318 102 316 356 317 101 94 93 106 105 98 97 1559 1573 1572 1558 1557 1571 1570 1556 1862 1867 2260 2259 2258 2257 2059 2058 2057 2056 2270 2038 2035 2273 40 7 6
340 455 307 215 339 111 2797 2660 2639 3021 2726 2852 2662 2848 1655 1751 1250 1604 1518 1834 309 113 266 1283 1252 1291 1292 1520 1602 1653 1832 195 1417 1749 265 268 1182 1181 1158 388 550 2737 3050 86 2731 3062 233 2752 203 2746 1780 1811 3046 3070 1454 1501 1778 1809 1463 1486 1179 2135 1893 2133 300 2303 299 2305 1891 421 420 2071 2069 1218 1216 1577 1576 1579 1565 1196 1198 1562 1563 1564 1578 33
861 485 878 912 898 1758 2622 351 1835 1852 2417 864 60 1372 664 1382 2336 686 1356 956 1342 1326 960 938 1318 926 1306 886 890 906 902 1849 2226 1842 1992 1808 2582 2511 1789 1360 1376 1368 1386 2340 2344 1903 2137
784 536 882 916 2917 1850 2621 1251 1273 1763 1766 480 461 352 683 1352 1504 2387 2386 655 165 513 448 150 314 432 384
793 1098 966 835 2652 2659 2815 2707 1600 1819 2805 2855 1622 1709 2870 290 287 719 212 435 434 442 2523 2522 2521 2520 2089 2088 2087 2086 3037 3034
979 632 949 798 919 1627 1232 2346 1322 350 2608 520 221 362 597 628 544 644 1253 1437 1300 998 1357 1124 1348 414 1735 649 1924 1106 1715 2095 188 1110 2146 2312 1719 585 2558 1711 2453 475 2481 1697 2436 168 524 656 428 927 939 957 961 2143 1921 2555 2478 1800 1773 1816 1826 1425 1409 1429 1397 2439 2456 2094 2311 2256 2253 2048 2031 2051 2274 2307 2090 2519 2595
935 607 920 794 965 1625 1238 2418 1334 2626 135 1591 510 398 580 389 1394 1249 2422 705 978 2469 602 1641 2068 2013 697 1637 2241 2294 77 1619 2414 563 1607 2402 2526 2598 660 451 164 514 947 943 983 969 1612 1616 1630 1634 2061 2295 2590 2532 1433 1405 1401 1421 2448 2435 2083 2316 2252 2047 2078 2517 2516 2092 2594 2528 2308 2081
1114 1012 931 828 779 2697 2754 2812 2950 2648 2851 1757 2326 2382 1623 2467 521 374 138 642 1259 1439 184 413 599 283 417 696 1150 769 2673 2429 2932 3051 2685 2938 3063 2442 1071 1048 2680 2692 145 225 3047 2424 3071 2449 2925 2945 1899 2121 1887 2127 2162 2194 2300 2306 2201 337 1930 507 1963 2072 1965 2074 759 749 2114 1874 1878 2106 2023 2278 2100 1868 1856 1860 30 1 11 50 20
976 1126 1149 1025 2665 2616 127 1659 330 2375 248 638 620 439 157 1260 982 2463 1268 177 578 1135 1091
863 895 486 865 917 796 918 2333 688 436 415 609 1335 1505 158 1513 933 312 1940 1445 1787 382 2178 1476 1806 430 148 2493 2568 1514 1506 1840 1847 694 714 565 79 2556 2479 1910 2148 1729 1733 1713 1699 2005 2243 2404 2416
859 218 787 913 875 1683 2623 1022 2332 988 121 1388 1362 310 666 687 1353 1244 237 59 1008 1383 530 1905 1667 990 2043 1358 2139 249 1663 994 1366 2289 2342 89 1018 1679 67 1004 2338 1675 1374 1384 2605 2544 385 433 149 313 903 907 887 891 1807 2583 1788 2512 2227 1848 1841 1993 1387 1361 1369 1377 2266 2460 2465 2027 2285 2022
980 1118 1147 1017 909 877 518 1333 1744 862 1411 488 160 271 675 1373 893 1418 867 1512 905 901 1846 2585 1839 2514 2389 2393 885 1805 2229 2206 889 1995 1786 1972 1144 1056 1755 1761 1747 1741 1447 1516 1478 1508
975 985 923 2695 2800 2794 2906 2655 2636 1014 1380 284 452 387 207 2634 2250 2079 2045 2515 2091 2529 3028 3059
974 1145 973 2862 2631 2863 2725 2919 2650 2739 670 717 608 1552 469 394 1183 2322 2518 2309 2593 2080
676 810 826 790 2854 2617 329 1381 1293 591 619 971 185 470 945 2405 941 2409 1775 1794 955 959 2240 1824 2012 1814 818 806 848 840 1493 1466 1542 1527 2033 2276 2255 2024 2279 2050
788 899 836 2724 2912 2927 2757 2704 2913 2985 2649 2710 2700 200 186 288 282 406 718 402 63 2946 690 258 1061 708 1139 1130 1843 1791 1837 1027 1768 500 1534 1473 1441 1522 491 722 273 534 728 446 732 720 1221 1219 1191 1205 2588 2530 2077 2314 14 9 18 55 54 52 51
214 1013 1113 2661 2657 2861 1146 2635 405 404 556 134 211 83 380 381 327 328 23
778 783 454 809 1601 1723 1099 612 951 1296 2612 1689 1694 353 444 674 441 637 1235 590 1303 692 712 2150 1330 1912 1338 2007 1731 1727 2245 169 1064 1314 2485 1705 2410 567 1033 1310 2554 1701 2406 478 588 191 650 831 843 817 805 1712 1698 2065 2291 1716 1720 2597 2525 1343 1319 1327 1307
776 879 953 2819 2850 2630 2948 2633 914 2615 1023 2637 952 2619 2620 775 239 240 392 411 592 410 390 238 2379 2366 2325 407 730 731 727 726 2768 2778 2777 2767 2171 2563 2495 2188 2490 2564 2510 2247 2208 2207 2507 2506 2116 492 723 2587 2579 2580 2477 2548 274 1937 1958 733 2009 1973 1974 535 447 1882 729 2103 721 2474 2547 1861 13 44 37 8 47 46 28 49 29
872 631 219 2701 2632 2793 2667 372 255 1363 1178 2951 204 1058 2427 236 1081 2452 1458 1481 1175 1170 1176 1169
1003 1125 908 2847 2668 2702 876 598 545 443 724 2736 2879 2887 2730 2964 2972 1869 1857 2099 1859
606 930 2666 2813 2904 2638 2663 2664 2644 668 579 153 151 57 322 1177 2263 2054 3039 3030 3057 2049 2254 3042
1117 801 2816 2905 2947 3074 792 136 858 331 124 1245 1287 2334 2352 2385 2468 156 653 222 210 2745 1042 3044 2920 3045 2751 84 1087 144 2940 3069 3068 143 1086 223 1041 2921 2941 1897 2131 2129 2161 2160 2299 2301 2302 1895 348 347 1935 1934 2075 2076 2073 368 369 1879 1877 2107 2105 2026 2281 2025 2280 19
112 2814 2740 2694 2721 1658 881 2699 399 1302 1521 202 1455 234 1502 85 549 3053 3065 1462 1485 498 499 294 490 772 734 1551 1548 1212 1210 0 2
883 857 2798 2711 3020 2984 1597 2613 272 626 370 2715 2719 2713 616 711 1845 1790 262 1836 2705 517 1767 562 572 1547 1549
774 874 2949 2849 2820 2722 2640 1724 1722 1661 1765 1590 1589 600 227 1378 1299 1225 2365 2421 704 1152 2881 2962 2889 2970 2894 2874 2954 2974 2489 2170 2562 2509 2246 2586 1936 2008 1568 1584 1586 1554 702 621 701 538 38 39 5
780 2903 2698 2911 1691 1690 479 100 1393 1351 126 125 1180 371 2687 2875 2675 2766 2790 2895 2676 2688 1886 2126 1902 2124 2175 2181 1949 2304 1943 2070 573 539 758 748 45
2808 1738 795 1605 617 1148 332 716 665 972 2377 2378 1503 1286 2261 2052
910 1684 834 911 929 291 179 645 1279 1350 1349 673 154 2795 2775 2899 2791 2907 2909 2900 2908 1068 2910 1128 1137 1138 2918 1069 2914 1129 2916 2872 2871 2759 1037 2915 1038 1523 1442 1535 1474 2560 2142 2189 2565 2487 2496 2198 2497 751 750 2570 1908 1959 773 1960 770 771 735 1222 1220 1192 1206 43 3
880 986 1247 1662 635 706 267 187 669 921 1277 245 1009 623 2569 1269 1019 174 1265 1005 2494 2776 1062 3060 2760 1028 3032 2459 2464 2141 1907 31
915 1624 1737 1674 1226 630 438 1323 897 2380 1994 679 1829 581 1793 2584 1055 1134
1595 1015 963 1594 640 1652 445 114 634 1234 1229 1435 1371 321 1140 3025 2980 3007 2966 3023 1131 2982 2993 2952
1239 2354 2466 1246 1510 2327 1511 1355 2383 487 633 1241 2329 285 286 408 2669 1457 2681 1480 2682 87 2732 551 2670 2738 3052 3064 1456 1479 2428 2441 2430 2443 1900 2122 2128 1888 495 2202 276 280 1964 1186 1160 1165 1171
2376 2396 1596 2347 1295 601 437 1236 854 977 766 768 541 2763 1044 2959 2425 2998 2787 1093 3012 2979 2450 2888 2880 1080 1057 2963 2971 3003 3017 1945 2183 2173 2213 2230 2223 1947 753 1985 1987 2000 574 762 743 540 738 16
636 1412 777 2611 178 786 800 1304 453 838 846 1953 2193 2064 2298 820 2362 812 2358 2591 2533 1909 2147 2482 2551 2359 2363 1950 2190
519 1354 1708 2609 1736 130 440 1546 1440 2328 397 269 830 1428 1815 842 1424 1825 816 1408 1797 804 1396 1770 1079 1032 1103 1121 1728 1732 1543 1494 1467 1528
1272 2610 2717 1389 1284 537 107 543 2461 1739 2976 1488 3073 2627 1753 2470 2807 997 993 494 2216 1172 53
1688 1686 1648 292 99 391 799 1278 2458 995 2268 991 2029 970 2391 747
1813 2618 824 618 677 782 808 1469 2437 1982 2212 1496 2454 1979 2209 2010 2238
198 1660 1588 689 870 1345 1672 224 1536 2924 1781 942 1495 946 1468 1331 1339 1315
128 611 2397 684 2323 220 363 1115 1324 2324 2399 1390 1399 2897 82 1431 131 2968 1007 2117 2214 1884 1990 344 364 1880
122 511 667 110 1379 246 2735 2786 888 2357 2343 68 1676 1375 2747 2228 2413 2860 832 2286 2115 736 740 2112
629 672 613 781 1336 1227 1301 206 476 1305 586 1317 3066 648 189 1341 1325 3054
462 596 129 1364 853 595 896 264 1365 305 213 2944 2933 2939 2200 2199 2196 1967 1962 1961 119 75 1202
685 663 2351 860 671 2527 1395 1633 1629 2599 1407 1084 1039
226 627 1438 1593 1347 1228 1224 925 937 2865 2867 3024 2628 3022 253 707 1078 1031 1776 1795
416 1240 785 866 1123 58 466 482 2573 2679 2845 1490 2931 622 2686 2828 1981 182 477 1631 1609 2524 2062 315 120
173 257 1346 1285 1391 807 2770 803 2780 815 837 845
614 244 1294 1242 1436 232 1034 2030 2973 2720 2179 1101 2552 1316 1983 35
1231 1592 594 2832 2884 1309 2367 2877 2220 1385 2937 3013 3014 2942 1105 2987 967 2983 2388 2961 3048 1053 2211 2297 2957 584 583 70 1104 958 1107 1748 1827 1830 346 2109 1214 424 95 742 1185
396 1649 2773 2744 811 2480 2762 1525 1095 2205 2969 1142 1537 1419 2513 1261 2742 2505 2641 577 699 715 1108 1608 2576 1707 338 1194 1199
2330 1276 1587 393 2838 2878 146 1085 2958 3049 1611 1615 2492 1762 116
2337 2335 464 2690 426 2843 2831 170 1089 2783 2978 2936 3008 841 981 2930 2994 839 2217 1311 496 1217 96 1167
1545 1833 2671 2683 2672 2749 449 2553 2743 1065 2269 3019 654 1109 1923 2462 497 379 1174 118 760 278 326 74 1168
1603 934 725 2765 90 568 1465 2893 2084 522 1313 2684 2844 2981 2145 1264 3000 481 2992 2219 2806 515 566 1638 1666 1831 2066 1320 1509 1471 1402 1188 333 1208 505 1203
281 652 2741 2401 2729 2339 1540 1254 2557 2789 2923 3078 1541 2574 2960 467 605 604 1620 2144 1703 367 72
593 2677 2689 1030 1054 2837 2825 2678 2371 2826 2975 2149 2955 847 1975 2373 2535 757 1876
564 1606 2500 1141 2873 2187 2317 1077 2892 603 2140 1640 2186 1427 2876 163 531 822 1067 1621 1257 1328 104 752 115 763
1614 2691 1451 1432 512 2446 2534 162 709 2989 2085 2063 651 814 940 928 2503 2572 2125
1700 2433 1971 1132 1529 819 2750 2714 900 1367 2734 657 92 681 821 944 103 1555
1696 2829 2965 884 2898 3072 658 904 1119 1911 1526 2006 167 252 1143 948 1678 1332 1538 297 298 1162
208 1680 1040 1957 2833 2996 1453 2841 1710 2504 2943 2967 1906 661 700 680 1066 1904 1955 1875
1771 180 968 1610 1798 2592 2192 2313 2896 2922 465 2809 695 2567 2596 1340 1532 1477 320 32
2733 1420 1978 1821 576 78 2999 615 2859 2674 2368 2645 427 1111 1643 1670 1642 1822 1271 1312 764
1046 1779 1449 2956 582 2484 2868 3075 1088 181 450 1939 1308 1497 2222 504 1197
2727 1403 1745 3043 2857 2792 710 1844 2372 1664 1464 2432 1136 525 570 569 2177 1267 1211 1173 1575 489 1209
1618 1810 1704 3005 2866 166 678 575 1952 3027 190 1036 1035 1772 1422 1446 343 739
2361 1812 2716 261 1255 2990 3077 1714 2706 2986 516 2624 1026 1127 624 1817 1942
2577 1492 2796 1956 2244 1059 2471 587 171 1823 2292 1406
1500 3010 829 1632 175 1718 1769 2423 2803 176 1090 962 345 419 1896 1201
3067 713 250 3055 259 1329 2501 813 1021 2499 2531 1430 1539 2267 561 2104 355 378
3061 1337 3006 1726 529 1941 625 484 80 844 984 1717 1498 1187
691 2858 698 2625 2318 2392 501 2642 1063 1682 1344 2191 2310 1580
1792 693 1133 1530 2457 2953 468 1613 2602 2589 2571 1426 2185
1636 1423 2445 553 2840 2293 2440 1047 1922 2296 2447 1932
1628 2748 1668 1092 1487 2977 172 1112 1980 2210 152 1901
1828 1082 2728 1400 1359 1443 1706 2575 1951 2093 2130 1566
1404 1491 1838 2096 1472 2643 493 1122 2218 2118 761
1730 1759 2578 1533 1460 1639 2040 2369 2341 2549 1574 325
1820 1977 2067 458 1635 1617 2541 1756 1976 1434 2082 117 1870
1774 555 1524 1483 2483 1702 1531 2011 2315 2132
133 1070 1721 2502 1263 1470 2411 2119 1200
1043 1448 2498 1410 1885 2134 2180 2215 1892 336 1984 506 754 744 2108 1159
183 1777 1796 2138 2239 1569 277
483 1742 1398 1517 2184 2204 2242 275 73 365
1799 2370 2374 2221 334 1889
2345 2360 2407 2455 2475 2164 2110 293 366 741
1954 2004 2028 1970 2123 2486 279 1989 1166
2364 2403 2438 2182 2559 765 1883 571
2415 2408 2395 1944 2060
2434 1894 2290 2232 1988 1204
2412 2136 2224 335 502 1881 71
1898 358 737 1207
2600 2002 1872
1986 1560 503 76
1161
1561
