485 486 487 488 1353 1738 1370 1371 1372 1373 1505 1763 1764 1765 1766 1850 2381 2621 2461 2629 2015 2016 2017 2018 2537 2538 2539 2540 675 857 1155 1552 2917 2991 533 774 2086 2087 2088 2089 2520 2521 2522 2523 388 2634 1853 2473 3026 3076 1863 1866 3034 3037 1862 1867 3033 3038 10
664 665 666 667 876 877 878 879 107 108 2330 2331 1146 1147 2614 2615 438 439 440 441 791 792 793 794 527 528 2717 2718 730 731 2869 2870 1097 1098 2365 2366 716 717 2609 2610 349 696 2635 2802 407 410 2472 2626 2658 2661 406 411 2659 2660 469 470 2723 2724 258 259 500 501 690 691 708 709 726 727 1889 1890 2119 2120 2475 2476 2549 2550 2863 2864 1027 1028 1061 1062 1130 1131 1139 1140 1936 1937 2170 2171 2489 2490 2562 2563 2060 2097 2290 2319 2423 2440 2470 2471 2535 2546 2600 2607 2624 2625 2627 2628 2322 3074 273 274 446 447 491 492 534 535 2705 2706 2713 2714 2715 2716 2719 2720 720 721 722 723 728 729 732 733 2857 2858 2859 2860 2865 2866 2867 2868 2039 2248 2545 2601 1854 1861 2101 2103 2320 2321 2474 2547 3027 3032 3055 3060 3073 3075 3077 3078 2014 2077 2090 2265 2307 2314 2519 2530 2536 2588 2595 2606 1855 2102 3028 3059 1858 2098 3031 3058 13 14 34 35 8 9 37 38 25 28 53 56 21 24 26 27 51 52 54 55
157 158 159 160 880 881 882 883 669 670 1657 1658 2336 2337 1148 1149 833 834 835 836 2699 2700 718 719 1622 1623 929 930 1689 626 2644 194 195 2663 2668 193 196 2665 2666 463 464 2797 2798 2811 2812 766 767 1907 1908 2141 2142 2486 2487 2559 2560 1037 1038 1068 1069 1128 1129 1137 1138 1767 1790 1836 1845 1960 2198 2497 2570 1550 2919 2759 2760 2775 2776 2791 2792 2795 2796 734 735 750 751 770 771 772 773 1547 1548 1549 1551 2914 2915 2916 2918 30 31 2 3 11 45
269 270 271 272 914 915 916 917 1236 1237 986 987 59 60 2616 2617 594 595 596 597 434 435 2855 2856 673 674 1345 1346 1392 260 2810 265 266 2652 2655 264 267 2653 2654 2703 2704 598 599 57 58 261 262 516 517 615 616 710 711 2903 2904 1958 1959 2188 2189 2495 2496 2564 2565 1443 1472 1524 1533 1991 2225 2508 2581 1158 2988 293 294 489 490 561 562 571 572 2871 2872 2899 2900 2907 2908 2909 2910 1153 1154 1156 1157 2986 2987 2989 2990 0 1 43 44 12 48
184 185 186 187 910 911 912 913 671 672 1258 1259 988 989 1683 1684 285 287 288 290 2694 2695 2696 2697 283 284 2725 2726 212 213 2813 2814 1150 2911 2044 2045 2046 2047 2249 2250 2251 2252 2019 2020 2021 2022 2282 2283 2284 2285 1864 1865 3035 3036
237 238 239 240 1022 1023 1024 1025 858 859 682 683 2386 2387 2622 2623 2325 2613 389 390 391 392 951 952 953 954 543 544 775 776 2421 2422 2619 2620 2636 2637 2804 2805 2350 2608 1973 1974 2008 2009 2207 2208 2246 2247 2506 2507 2509 2510 2579 2580 2586 2587 2639 2640 2800 2801 2947 2948 2949 2950 1882 1925 2116 2159 2477 2488 2548 2561 2952 2953 2966 2967 2980 2981 2982 2983 2992 2993 3006 3007 3022 3023 3024 3025 2641 2642 2643 2645 2803 2806 2807 2809 46 47 49 50 29 36
1242 1243 1244 1245 1659 1660 1661 1662 874 875 662 663 1503 1504 1851 1852 173 1145 1301 1302 1303 1304 1598 1599 1600 1601 789 790 627 628 370 371 646 647 1545 1546 1818 1819 703 1096 1441 1442 1473 1474 1522 1523 1534 1535 1768 1769 1791 1792 1837 1838 1843 1844 125 126 386 387 1180 1181 1182 1183 253 458 493 707 1026 1063 1127 1136 1191 1192 1205 1206 1219 1220 1221 1222 1553 1554 1567 1568 1583 1584 1585 1586 230 412 429 538 610 621 701 702 4 5 18 19 15 20
245 246 247 248 1014 1015 1016 1017 862 863 1378 1379 1757 1758 686 687 1225 1648 413 414 415 416 963 964 965 966 281 282 777 778 1439 1440 1708 1709 1288 1591 1883 1884 1934 1935 2117 2118 2160 2161 2767 2768 2777 2778 2885 2886 2901 2902 2056 2057 2058 2059 2257 2258 2259 2260 2035 2036 2037 2038 2270 2271 2272 2273
1276 1277 1278 1279 1685 1686 1687 1688 908 909 1351 1352 1743 1744 109 110 668 985 1347 1348 1349 1350 1624 1625 1626 1627 827 828 579 580 1393 1394 1690 1691 643 920 228 229 547 548 1047 1048 1070 1071 539 540 573 574 748 749 758 759
339 340 341 342 454 455 456 457 214 215 216 217 1272 1273 1274 1275 2346 2347 2348 2349 1295 1296 1297 1298 2353 2354 2355 2356 85 86 87 88 549 550 551 552 286 289 2651 2656 2755 2756 408 409 1411 1412 1413 1414 2818 2821 2417 2418 2419 2420 1913 1914 1915 1916 2155 2156 2157 2158 295 296 299 300 420 421 422 423 1926 1927 1928 1929 2166 2167 2168 2169 2646 2799 2753 2758 2817 2822 1996 1997 1998 1999 2234 2235 2236 2237 2769 2771 2772 2774 2779 2781 2782 2784 1456 1457 1458 1459 1479 1480 1481 1482 2823 2824 2827 2828 2835 2836 2839 2840 2428 2429 2430 2431 2441 2442 2443 2444 1179 1184 1159 1160 1163 1164 1185 1186 1189 1190 1871 1872 1873 1874 2111 2112 2113 2114 3001 3002 3003 3004 3015 3016 3017 3018 2031 2032 2033 2034 2052 2053 2054 2055 2261 2262 2263 2264 2274 2275 2276 2277 41 42
781 782 783 784 518 519 520 521 1592 1593 1594 1595 639 640 641 642 135 136 137 138 921 922 923 924 1115 1116 1117 1118 1885 1886 1887 1888 2125 2126 2127 2128 2693 2698 192 197 303 304 2657 2662 1692 1693 1694 1695 62 65 1832 1833 1834 1835 143 144 145 146 222 223 224 225 2675 2676 2679 2680 2687 2688 2691 2692 1039 1040 1041 1042 1084 1085 1086 1087 395 526 301 306 61 66 1961 1962 1963 1964 2199 2200 2201 2202 1778 1779 1780 1781 1809 1810 1811 1812 334 335 336 337 502 503 506 507 2069 2070 2071 2072 2303 2304 2305 2306 71 72 75 76 115 116 119 120 2946 2951 2920 2921 2924 2925 2940 2941 2944 2945 1562 1563 1564 1565 1576 1577 1578 1579 3044 3045 3046 3047 3068 3069 3070 3071 6 7
218 219 220 221 307 308 309 310 606 607 608 609 1246 1247 1248 1249 1321 1322 1323 1324 2375 2376 2377 2378 2332 2333 2334 2335 202 203 204 205 233 234 235 236 2664 2667 2708 2711 1388 1389 1390 1391 2849 2850 2396 2397 2398 2399 1891 1892 1893 1894 2133 2134 2135 2136 1942 1943 1944 1945 2180 2181 2182 2183 2808 2638 2709 2710 2848 2851 1448 1449 1450 1451 1487 1488 1489 1490 1983 1984 1985 1986 2221 2222 2223 2224 2424 2425 2426 2427 2449 2450 2451 2452 2741 2742 2745 2746 2747 2748 2751 2752 2874 2875 2876 2877 2894 2895 2896 2897 2954 2956 2957 2959 2974 2976 2977 2979 32 33 39 40
536 537 779 780 479 480 676 677 1435 1436 1437 1438 1544 1722 1723 1724 1725 1813 2400 2618 2078 2079 2080 2081 2091 2092 2308 2309 2515 2516 2517 2518 2528 2529 2593 2594
785 786 787 788 508 509 510 511 1232 1233 1234 1235 635 636 637 638 933 934 935 936 1123 1124 1125 1126 121 122 123 124 1899 1900 1901 1902 2121 2122 2123 2124 263 268 400 405 153 154 1362 1363 1364 1365 1518 1519 1520 1521 81 82 83 84 208 209 210 211 1043 1044 1045 1046 1092 1093 1094 1095 704 401 404 593 152 155 1452 1453 1454 1455 1499 1500 1501 1502 343 344 347 348 364 365 368 369 737 738 739 740 761 762 763 764 1965 1966 1967 1968 2194 2195 2196 2197 2073 2074 2075 2076 2299 2300 2301 2302 1199 1201 1202 1204 1207 1209 1210 1212 2023 2024 2025 2026 2048 2049 2050 2051 2253 2254 2255 2256 2278 2279 2280 2281 22 23 16 17
396 397 398 399 823 824 825 826 918 919 1299 1300 705 706 2611 2612 1856 1857 1859 1860 1868 1869 2099 2100 3029 3030 3039 3040 3041 3042 3056 3057
589 590 591 592 795 796 797 798 644 645 1596 1597 1099 1100 2379 2380
226 227 1012 1013 1228 1229 1651 1652 444 445 949 950 1286 1287 1589 1590
111 112 113 114 631 632 633 634 1238 1239 1240 1241 2326 2327 2328 2329 1354 1355 1356 1357 1510 1511 1512 1513 2382 2383 2384 2385 2466 2467 2468 2469 275 276 279 280 494 495 498 499 2669 2670 2673 2674 2681 2682 2685 2686 1165 1166 1169 1170 1171 1172 1175 1176 2928 2929 2932 2933 2934 2935 2938 2939 1877 1878 1879 1880 2105 2106 2107 2108 3050 3051 3052 3053 3062 3063 3064 3065
161 162 163 164 803 804 805 806 311 312 313 314 900 901 902 903 419 424 2689 2690 648 649 650 651 1614 1615 1616 1617 1064 1065 1066 1067 2184 2185 2186 2187 366 367 2735 2736 760 765 2887 2892 1753 1754 1755 1756 2266 2267 2268 2269 1797 1798 1799 1800 2242 2243 2244 2245 1380 1381 1382 1383 1575 1580 3008 3013 2734 2737 2889 2890 3010 3011
165 166 167 168 811 812 813 814 297 298 575 576 577 578 1260 1261 1262 1263 1018 1019 1020 1021 1675 1676 1677 1678 678 679 680 681 1606 1607 1608 1609 937 938 939 940 1329 1330 1331 1332 345 346 95 96 2825 2826 1427 1428 1429 1430 1704 1705 1706 1707 1161 1162 2942 2943 93 98
198 199 200 201 815 816 817 818 1254 1255 1256 1257 1141 1142 1143 1144 1671 1672 1673 1674 945 946 947 948 2729 2730 2786 2789 117 118 1423 1424 1425 1426 1540 1541 1542 1543 2922 2923 2961 2964 2785 2790 2728 2731 2960 2965
425 426 427 428 829 830 831 832 888 889 890 891 2671 2672 174 175 176 177 1268 1269 1270 1271 581 582 583 584 1632 1633 1634 1635 967 968 969 970 1309 1310 1311 1312 2749 2750 2831 2832 1745 1746 1747 1748 1407 1408 1409 1410 1718 1719 1720 1721 1187 1188 2936 2937 2830 2833 94 97
448 449 450 451 819 820 821 822 622 623 624 625 2137 2138 2139 2140 1004 1005 1006 1007 1667 1668 1669 1670 2837 2838 1714 1715 1716 1717 2238 2239 2240 2241
512 513 514 515 837 838 839 840 147 148 149 150 2683 2684 990 991 992 993 1663 1664 1665 1666 475 476 477 478 1636 1637 1638 1639 1105 1106 1107 1108 2371 2372 2373 2374 2743 2744 736 741 2893 2898 2457 2458 2459 2460 1828 1829 1830 1831 2405 2406 2407 2408 3000 3005
522 523 524 525 841 842 843 844 884 885 886 887 1264 1265 1266 1267 89 90 91 92 481 482 483 484 1628 1629 1630 1631 1119 1120 1121 1122 1313 1314 1315 1316 103 104 1739 1740 1741 1742 1395 1396 1397 1398 1814 1815 1816 1817 102 105
654 655 656 657 853 854 855 856 465 466 467 468 1679 1680 1681 1682 1008 1009 1010 1011 1280 1281 1282 1283 1700 1701 1702 1703 1415 1416 1417 1418 2151 2152 2153 2154 1080 1081 1082 1083 1483 1484 1485 1486 2230 2231 2232 2233
658 659 660 661 807 808 809 810 249 250 251 252 2566 2567 2568 2569 977 978 979 980 1341 1342 1343 1344 333 338 1793 1794 1795 1796 2596 2597 2598 2599 1200 1203
845 846 847 848 127 128 129 130 2342 2343 2344 2345 994 995 996 997 611 612 613 614 1333 1334 1335 1336 752 757 2413 2414 2415 2416 323 324 327 328 753 756 1193 1195 1196 1198
372 373 374 375 849 850 851 852 471 472 473 474 870 871 872 873 254 255 256 257 1644 1645 1646 1647 998 999 1000 1001 1653 1654 1655 1656 1749 1750 1751 1752 139 140 141 142 557 558 559 560 1917 1918 1919 1920 1049 1050 1051 1052 1072 1073 1074 1075 1930 1931 1932 1933 2162 2163 2164 2165 316 317 318 319 354 356 357 359 101 106 1782 1783 1784 1785 1801 1802 1803 1804 2000 2001 2002 2003 1556 1557 1558 1559 1570 1571 1572 1573
360 361 362 363 799 800 801 802 329 330 331 332 2027 2028 2029 2030 2286 2287 2288 2289
382 383 384 385 904 905 906 907 2677 2678 188 189 190 191 1610 1611 1612 1613 1033 1034 1035 1036 1954 1955 1956 1957 2879 2884 1759 1760 1761 1762 1770 1771 1772 1773 2004 2005 2006 2007 1561 1566 2994 2999 2881 2882 2996 2997
430 431 432 433 860 861 864 865 585 586 587 588 1640 1641 1642 1643 567 568 569 570 2147 2148 2149 2150 2770 2773 1786 1787 1788 1789 2226 2227 2228 2229 2462 2463 2464 2465 1820 1821 1822 1823 2409 2410 2411 2412 2291 2292 2293 2294 2436 2437 2438 2439 3014 3019 2104 2109 3043 3048
350 351 352 353 866 867 868 869 1444 1445 1446 1447 1805 1806 1807 1808
459 460 461 462 892 893 894 895 1969 1970 1971 1972 2511 2512 2513 2514 2498 2499 2500 2501 1870 1875 2787 2788 376 377 380 381
277 278 496 497 1230 1231 1284 1285 2323 2324 2351 2352 2930 2931 2955 2958 2975 2978 3049 3054 3061 3066
436 437 688 689 896 897 898 899 1358 1359 1360 1361 1419 1420 1421 1422 1696 1697 1698 1699 754 755
291 292 684 685 1053 1054 1055 1056 2176 2177 2178 2179 1101 1102 1103 1104 2361 2362 2363 2364 955 956 957 958 1317 1318 1319 1320 2843 2844 742 747 1384 1385 1386 1387 1468 1469 1470 1471 2217 2218 2219 2220 1214 1217 743 746 2842 2845 2888 2891 1215 1216 2962 2963
67 68 69 70 1903 1904 1905 1906 931 932 1293 1294 169 170 171 172 1824 1825 1826 1827 2815 2816 206 207
529 530 531 532 2338 2339 2340 2341 1088 1089 1090 1091 1289 1290 1291 1292 2780 2783 1774 1775 1776 1777 2445 2446 2447 2448
629 630 1132 1133 1134 1135 1938 1939 1940 1941 1587 1588 1475 1476 1477 1478 1529 1530 1531 1532 2701 2702 545 546
2491 2492 2493 2494 178 179 600 601 975 976 1002 1003 1618 1619 1620 1621 1950 1951 1952 1953 2482 2483 2484 2485 1325 1326 1327 1328 1208 1211 1555 1560
617 618 619 620 1649 1650 1602 1603 1604 1605 971 972 973 974 1734 1735 1736 1737 2853 2854 1895 1896 1897 1898 2129 2130 2131 2132 2727 2732 2733 2738 1987 1988 1989 1990 2213 2214 2215 2216 2968 2970 2971 2973
1226 1227 99 100 1113 1114 2190 2191 2192 2193 2203 2204 2205 2206 1710 1711 1712 1713 442 443 2793 2794 2841 2846
241 242 243 244 1909 1910 1911 1912 2357 2358 2359 2360 941 942 943 944 1366 1367 1368 1369 1876 1881
1250 1251 1252 1253 77 78 79 80 1029 1030 1031 1032 378 379 2873 2878 1726 1727 1728 1729 744 745
180 181 182 183 602 603 604 605 1076 1077 1078 1079 2367 2368 2369 2370 1569 1574 3067 3072
563 564 565 566 1109 1110 1111 1112 1921 1922 1923 1924 504 505 2040 2041 2042 2043 2061 2062 2063 2064 2432 2433 2434 2435
692 693 694 695 2478 2479 2480 2481 981 982 983 984 2762 2765 2392 2393 2394 2395 2541 2542 2543 2544 2531 2532 2533 2534 2761 2766
697 698 699 700 2551 2552 2553 2554 73 74 2582 2583 2584 2585 1525 1526 1527 1528 2575 2576 2577 2578 2969 2972
712 713 714 715 2555 2556 2557 2558 925 926 927 928 2602 2603 2604 2605 1536 1537 1538 1539 2571 2572 2573 2574 2861 2862
2143 2144 2145 2146 1305 1306 1307 1308 1846 1847 1848 1849 1403 1404 1405 1406 417 418
959 960 961 962 325 326 315 320 2589 2590 2591 2592 2632 2633
1337 1338 1339 1340 1839 1840 1841 1842 1992 1993 1994 1995 1173 1174
355 358 1506 1507 1508 1509 1399 1400 1401 1402 1730 1731 1732 1733 1491 1492 1493 1494 2209 2210 2211 2212 2295 2296 2297 2298 1167 1168
1374 1375 1376 1377 1464 1465 1466 1467 1975 1976 1977 1978 2065 2066 2067 2068 231 232 2630 2631 1194 1197
1514 1515 1516 1517 2707 2712 302 305 2647 2648 768 769 553 554 555 556
2388 2389 2390 2391 402 403 2401 2402 2403 2404 2649 2650 393 394
1431 1432 1433 1434 2010 2011 2012 2013 2502 2503 2504 2505 2082 2083 2084 2085 2524 2525 2526 2527
1495 1496 1497 1498 1979 1980 1981 1982 2453 2454 2455 2456 2739 2740 2995 2998
63 64 2819 2820 2754 2757 724 725
2093 2094 2095 2096 321 322 452 453 2172 2173 2174 2175
2310 2311 2312 2313 2110 2115 652 653 2926 2927
2315 2316 2317 2318 131 132 133 134 1946 1947 1948 1949
151 156 2847 2852 541 542 2829 2834
2721 2722 1057 1058 1059 1060 1151 1152 2880 2883
2905 2906 1177 1178 1223 1224 1581 1582
2912 2913 2984 2985 3020 3021 1460 1461 1462 1463 1213 1218
2763 2764 3009 3012
