0 1 2 3 10 11 12 21 24 26 27 29 36 45 48 51 52 53 54 55 56 59 60 212 213 260 261 262 281 282 283 284 285 287 288 290 293 294 434 435 489 490 516 517 561 562 571 572 615 616 626 671 672 673 674 686 687 705 706 710 711 718 719 734 735 750 751 770 771 772 773 777 778 862 863 929 930 988 989 1037 1038 1068 1069 1099 1100 1128 1129 1137 1138 1148 1149 1150 1153 1154 1156 1157 1225 1288 1353 1392 1443 1472 1505 1524 1533 1544 1547 1548 1549 1551 1591 1648 1689 1738 1767 1790 1813 1836 1845 1850 1853 1855 1858 1882 1925 1960 1991 2014 2039 2060 2077 2090 2097 2098 2102 2116 2159 2198 2225 2248 2265 2290 2307 2314 2319 2473 2477 2488 2497 2508 2519 2530 2535 2536 2545 2546 2548 2561 2570 2581 2588 2595 2600 2601 2606 2607 2634 2635 2638 2641 2642 2643 2644 2645 2646 2799 2802 2803 2806 2807 2808 2809 2810 2911 2914 2915 2916 2917 2918 2919 2986 2987 2988 2989 2990 2991 3026 3027 3028 3031 3032 3055 3058 3059 3060 3073 3074 3075 3076 3077 3078
4 5 6 7 15 25 30 31 37 38 71 72 75 76 109 110 115 116 119 120 228 229 386 387 493 526 600 601 627 628 707 971 972 973 974 1072 1073 1074 1075 1552 1581 1582 1624 1625 1626 1627 1659 1660 1661 1662 1768 1769 1843 1844 1863 1864 1865 1866 1983 1984 1985 1986 2052 2053 2054 2055 2221 2222 2223 2224 2274 2275 2276 2277 2336 2337 2365 2366 2423 2471 2663 2665 2666 2668 2759 2760 2791 2792 2859 2860 2867 2868 2968 2970 2971 2973
8 9 13 14 28 32 33 39 40 258 259 273 274 349 406 407 410 411 446 447 469 470 491 492 500 501 527 528 534 535 669 670 690 691 696 708 709 716 717 720 721 722 723 726 727 728 729 730 731 732 733 918 919 1027 1028 1061 1062 1130 1131 1139 1140 1146 1147 1854 1861 2101 2103 2320 2321 2322 2381 2440 2470 2472 2474 2547 2618 2624 2625 2627 2628 2629 2664 2667
16 17 22 23 34 35 43 44 81 82 83 84 152 153 154 155 208 209 210 211 241 242 243 244 263 264 267 268 323 324 327 328 376 377 380 381 400 401 404 405 593 704 743 744 745 746 753 754 755 756 1008 1009 1010 1011 1043 1044 1045 1046 1092 1093 1094 1095 1158 1193 1195 1196 1198 1213 1215 1216 1218 1415 1416 1417 1418 1452 1453 1454 1455 1499 1500 1501 1502 1996 1997 1998 1999 2019 2020 2021 2022 2044 2045 2046 2047 2234 2235 2236 2237 2249 2250 2251 2252 2282 2283 2284 2285 2652 2653 2654 2655 2995 2996 2997 2998 3009 3010 3011 3012 3034 3035 3036 3037
18 19 20 41 42 49 50 67 68 69 70 125 126 173 253 412 621 646 647 701 702 774 864 865 1012 1013 1026 1063 1136 1155 1180 1181 1182 1183 1191 1192 1205 1206 1219 1220 1228 1229 1435 1436 1437 1438 1441 1442 1473 1474 1534 1535 1553 1554 1567 1568 1585 1586 1589 1590 1763 1764 1765 1766 1791 1792 2008 2009 2246 2247 2586 2587 2639 2640 2992 2993 3006 3007 3024 3025
46 47 57 58 61 66 77 78 79 80 315 316 319 320 429 430 431 432 433 448 449 450 451 1177 1178 1921 1922 1923 1924 1938 1939 1940 1941 2207 2208 2506 2507 2669 2671 2672 2674 2786 2787 2788 2789 2926 2927 2982 2983
62 63 64 65 89 90 91 92 333 334 337 338 481 482 483 484 522 523 524 525 775 776 1221 1222 1351 1352 1522 1523 1545 1546 2176 2177 2178 2179 2295 2296 2297 2298 2893 2894 2897 2898 3000 3001 3004 3005
73 74 99 100 117 118 291 292 395 458 533 545 546 547 548 668 1550 1602 1603 1604 1605 1649 1650 1782 1783 1784 1785 1832 1833 1834 1835 1862 1867 2613 2733 2734 2737 2738 2753 2754 2757 2758 2885 2886 2905 2906 3050 3051 3052 3053
85 86 87 88 111 112 113 114 192 194 195 197 265 266 275 276 279 280 307 308 309 310 339 340 341 342 388 494 495 498 499 549 550 551 552 1179 1184 1199 1201 1202 1204 1207 1209 1210 1212 1250 1251 1252 1253 1289 1290 1291 1292 1460 1461 1462 1463 1483 1484 1485 1486 1518 1519 1520 1521 1556 1557 1558 1559 1570 1571 1572 1573 1653 1654 1655 1656 1801 1802 1803 1804 1895 1896 1897 1898 1930 1931 1932 1933 2035 2036 2037 2038 2056 2057 2058 2059 2073 2074 2075 2076 2129 2130 2131 2132 2162 2163 2164 2165 2257 2258 2259 2260 2270 2271 2272 2273 2299 2300 2301 2302 2657 2659 2660 2662 2727 2728 2731 2732 2823 2824 2827 2828 2835 2836 2839 2840 2847 2848 2851 2852 3033 3038 3062 3063 3064 3065
93 94 95 96 97 98 121 122 123 124 131 132 133 134 301 302 305 306 329 330 331 332 343 344 347 348 360 361 362 363 553 554 555 556 2105 2106 2107 2108 2332 2333 2334 2335 2353 2354 2355 2356 2428 2429 2430 2431 2441 2442 2443 2444 2466 2467 2468 2469
101 102 103 104 105 106 127 128 129 130 364 365 368 369 459 460 461 462 538 635 636 637 638 1877 1878 1879 1880 1917 1918 1919 1920 1946 1947 1948 1949 1965 1966 1967 1968 2023 2024 2025 2026 2048 2049 2050 2051 2346 2347 2348 2349 2375 2376 2377 2378 2382 2383 2384 2385 2424 2425 2426 2427 2449 2450 2451 2452 2693 2695 2696 2698 2707 2709 2710 2712 2761 2763 2764 2766 2785 2790 2817 2819 2820 2822 2874 2875 2876 2877 2895 2896 2920 2921 2924 2925 2940 2941 2944 2945
107 108 178 179 644 645 724 725 748 749 758 759 779 780 920 1047 1048 1070 1071 1145 1592 1593 1594 1595 1899 1900 1901 1902 2121 2122 2123 2124 2670 2673 2681 2682 2685 2686
135 136 137 138 139 140 141 142 193 196 303 304 317 318 350 351 352 353 354 356 357 359 372 373 374 375 557 558 559 560 799 800 801 802 870 871 872 873 1049 1050 1051 1052 1115 1116 1117 1118
143 144 145 146 198 199 200 201 222 223 224 225 286 289 335 336 402 403 471 472 473 474 502 503 506 507 639 640 641 642 853 854 855 856 896 897 898 899 933 934 935 936 1159 1160 1163 1164 1185 1186 1189 1190 1272 1273 1274 1275 1321 1322 1323 1324 1354 1355 1356 1357 1448 1449 1450 1451 1487 1488 1489 1490 1913 1914 1915 1916 1942 1943 1944 1945 1961 1962 1963 1964 2155 2156 2157 2158 2180 2181 2182 2183 2199 2200 2201 2202
147 148 149 150 151 156 169 170 171 172 206 207 325 326 425 426 427 428 1628 1629 1630 1631 1667 1668 1669 1670 1714 1715 1716 1717 2687 2689 2690 2692 2780 2781 2782 2783 2837 2838 2975 2976 2977 2978
157 158 159 160 389 390 391 392 393 394 463 464 543 544 768 769 827 828 857 1127 1622 1623 1757 1758 1856 1857 1859 1860 1868 1869 2099 2100 2351 2352 2649 2650 2699 2700 2755 2756 2775 2776 2795 2796 2804 2805 2912 2913 3022 3023
161 162 163 164 230 277 278 311 312 313 314 504 505 602 603 604 605 752 757 811 812 813 814 937 938 939 940 1141 1142 1143 1144 1411 1412 1413 1414 2104 2109 2184 2185 2186 2187 2203 2204 2205 2206 2315 2316 2317 2318 2478 2479 2480 2481 2491 2492 2493 2494 2502 2503 2504 2505 2688 2691 2769 2770 2773 2774 2825 2826 2974 2979
165 166 167 168 249 250 251 252 296 297 298 299 345 346 610 678 679 680 681 736 738 739 741 945 946 947 948 1018 1019 1020 1021 1076 1077 1078 1079 1226 1227 1561 1563 1564 1566 1675 1676 1677 1678 1696 1697 1698 1699 1793 1794 1795 1796 1950 1951 1952 1953 1969 1970 1971 1972 2010 2011 2012 2013 2829 2831 2832 2834 2887 2889 2890 2892 2929 2930 2931 2932 3008 3013
174 175 176 177 355 358 419 421 422 424 475 476 477 478 512 513 514 515 737 740 829 830 831 832 967 968 969 970 990 991 992 993 1510 1511 1512 1513 2110 2112 2113 2115 2147 2148 2149 2150 2209 2210 2211 2212 2342 2343 2344 2345 2371 2372 2373 2374 2405 2406 2407 2408 2675 2677 2678 2680 2735 2736 2922 2923
180 181 182 183 366 367 420 423 465 466 467 468 654 655 656 657 760 762 763 765 819 820 821 822 925 926 927 928 1004 1005 1006 1007 1575 1577 1578 1580 1618 1619 1620 1621 1679 1680 1681 1682 1700 1701 1702 1703 2137 2138 2139 2140 2190 2191 2192 2193 2238 2239 2240 2241 2626 2676 2679 2729 2730
184 185 186 187 396 397 398 399 417 418 598 599 652 653 874 875 975 976 1165 1166 1169 1170 1171 1172 1175 1176 1388 1389 1390 1391 1456 1457 1458 1459 1479 1480 1481 1482 1987 1988 1989 1990 2213 2214 2215 2216 2611 2612 2614 2615 2960 2962 2963 2965
188 189 190 191 378 379 382 383 384 385 496 497 658 659 660 661 742 747 1029 1030 1031 1032 1380 1381 1382 1383 1555 1560 1774 1775 1776 1777 1954 1955 1956 1957 2004 2005 2006 2007 2027 2028 2029 2030 2879 2881 2882 2884 2994 2999
202 203 204 205 214 215 216 217 233 234 235 236 295 300 408 409 454 455 456 457 536 537 1284 1285 1870 1871 1872 1873 1874 1875 2861 2862
218 219 220 221 606 607 608 609 676 677 1151 1152 1223 1224 1883 1884 2117 2118 2172 2173 2174 2175 2253 2254 2255 2256 2278 2279 2280 2281 2721 2722 2849 2850 2954 2956 2957 2959
226 227 231 232 370 371 436 437 539 540 573 574 643 858 859 951 952 953 954 986 987 1286 1287 1370 1371 1372 1373 1393 1394 1934 1935 2151 2152 2153 2154 2160 2161 2619 2620 2621 2771 2772 2779 2784 2800 2801 2901 2902
237 238 239 240 438 439 440 441 682 683 761 764 1057 1058 1059 1060 1080 1081 1082 1083 1657 1658 1708 1709 1936 1937 1973 1974 2562 2563 2579 2580 2608 2630 2631 2636 2637 2767 2768 2777 2778 2818 2821 2869 2870 2984 2985
245 246 247 248 413 414 415 416 781 782 783 784 1039 1040 1041 1042 1084 1085 1086 1087 1583 1584 1722 1723 1724 1725 2125 2126 2127 2128 2509 2510 2947 2948 2949 2950
254 255 256 257 518 519 520 521 617 618 619 620 785 786 787 788 977 978 979 980 1161 1162 1187 1188 2651 2656 2946 2951 3002 3003 3015 3016 3017 3018
269 270 271 272 594 595 596 597 789 790 908 909 985 1096 1167 1168 1173 1174 1194 1197 1214 1217 2703 2704 2705 2706 2713 2714 2715 2716 2717 2718 2719 2720 2855 2856 2871 2872 2899 2900 2903 2904 2907 2908 2909 2910
321 322 444 445 452 453 479 480 766 767 963 964 965 966 1014 1015 1016 1017 1238 1239 1240 1241 1885 1886 1887 1888 2031 2032 2033 2034 2261 2262 2263 2264 2386 2387 2421 2422 2966 2967
442 443 579 580 629 630 675 914 915 916 917 1097 1098 1362 1363 1364 1365 1958 1959 2080 2081 2188 2189 2308 2309 2325 2379 2380 2461 2495 2496 2517 2518 2564 2565 2593 2594 2632 2633 2701 2702
485 486 487 488 631 632 633 634 1200 1203 1208 1211 1569 1574 2658 2661 2694 2697 2928 2933 2934 2935 2938 2939
508 509 510 511 611 612 613 614 994 995 996 997 1109 1110 1111 1112 1232 1233 1234 1235 2409 2410 2411 2412 2462 2463 2464 2465 3014 3019
529 530 531 532 648 649 650 651 692 693 694 695 791 792 793 794 1236 1237 2111 2114 2242 2243 2244 2245 2310 2311 2312 2313 2475 2476 2582 2583 2584 2585 2589 2590 2591 2592 2647 2648 3043 3044 3047 3048
541 542 662 663 703 860 861 998 999 1000 1001 1596 1597 1889 1890 2119 2120 2417 2418 2419 2420 2515 2516 2528 2529 2537 2538 2539 2540 2723 2724 3029 3030 3056 3057
563 564 565 566 581 582 583 584 795 796 797 798 1242 1243 1244 1245 1503 1504 1745 1746 1747 1748 2549 2550
567 568 569 570 585 586 587 588 622 623 624 625 823 824 825 826 1258 1259 1907 1908 2141 2142 2350 2486 2487 2942 2943 2961 2964
575 576 577 578 697 698 699 700 803 804 805 806 941 942 943 944 1132 1133 1134 1135 1260 1261 1262 1263 1341 1342 1343 1344 1525 1526 1527 1528 1614 1615 1616 1617 1710 1711 1712 1713 2400 2762 2765 2841 2843 2844 2846 2969 2972
589 590 591 592 664 665 666 667 910 911 912 913 1562 1565 1576 1579 1749 1750 1751 1752 1778 1779 1780 1781 1809 1810 1811 1812
684 685 866 867 868 869 1123 1124 1125 1126 1395 1396 1397 1398 1992 1993 1994 1995 2166 2167 2168 2169 2303 2304 2305 2306 2793 2794 2842 2845 3068 3069 3070 3071
688 689 876 877 878 879 1299 1300 1378 1379 2015 2016 2017 2018 2078 2079 2091 2092 2489 2490 2865 2866 2980 2981 3039 3040 3041 3042
712 713 714 715 807 808 809 810 1246 1247 1248 1249 1295 1296 1297 1298 1891 1892 1893 1894 1926 1927 1928 1929 2596 2597 2598 2599 2602 2603 2604 2605 2741 2742 2745 2746 2830 2833 3067 3072
815 816 817 818 904 905 906 907 1033 1034 1035 1036 1254 1255 1256 1257 1337 1338 1339 1340 1423 1424 1425 1426 1610 1611 1612 1613 1759 1760 1761 1762 1770 1771 1772 1773 2396 2397 2398 2399
833 834 835 836 880 881 882 883 1276 1277 1278 1279 1301 1302 1303 1304 1704 1705 1706 1707 1839 1840 1841 1842 2170 2171 2559 2560
837 838 839 840 888 889 890 891 955 956 957 958 1264 1265 1266 1267 1305 1306 1307 1308 1403 1404 1405 1406 1636 1637 1638 1639 1726 1727 1728 1729 2357 2358 2359 2360 2392 2393 2394 2395 2413 2414 2415 2416
841 842 843 844 884 885 886 887 981 982 983 984 1313 1314 1315 1316 1464 1465 1466 1467 1743 1744 1818 1819 2432 2433 2434 2435 2683 2684
845 846 847 848 959 960 961 962 1088 1089 1090 1091 1268 1269 1270 1271 1309 1310 1311 1312 1491 1492 1493 1494 1640 1641 1642 1643 1730 1731 1732 1733 2367 2368 2369 2370 2388 2389 2390 2391 2445 2446 2447 2448
849 850 851 852 892 893 894 895 921 922 923 924 1644 1645 1646 1647 1671 1672 1673 1674 1692 1693 1694 1695 2086 2087 2088 2089 2520 2521 2522 2523
900 901 902 903 1064 1065 1066 1067 1230 1231 1876 1881 1979 1980 1981 1982 2040 2041 2042 2043
931 932 1113 1114 1293 1294 1587 1588 2069 2070 2071 2072 2815 2816 3045 3046
949 950 1280 1281 1282 1283 1663 1664 1665 1666 2361 2362 2363 2364 2401 2402 2403 2404
1002 1003 1317 1318 1319 1320 1384 1385 1386 1387 1468 1469 1470 1471 1786 1787 1788 1789 2143 2144 2145 2146 2217 2218 2219 2220 2338 2339 2340 2341 2436 2437 2438 2439
1022 1023 1024 1025 1325 1326 1327 1328 1366 1367 1368 1369 1903 1904 1905 1906 2551 2552 2553 2554 2575 2576 2577 2578 3020 3021
1053 1054 1055 1056 1101 1102 1103 1104 1407 1408 1409 1410 1598 1599 1600 1601 1651 1652 2330 2331
1105 1106 1107 1108 1345 1346 1606 1607 1608 1609 2226 2227 2228 2229 2457 2458 2459 2460 2813 2814
1119 1120 1121 1122 1329 1330 1331 1332 1358 1359 1360 1361 1851 1852 2622 2623
1333 1334 1335 1336 1632 1633 1634 1635 1718 1719 1720 1721 1805 1806 1807 1808 2453 2454 2455 2456
1347 1348 1349 1350 1683 1684 1909 1910 1911 1912 2065 2066 2067 2068 2194 2195 2196 2197
1374 1375 1376 1377 1495 1496 1497 1498 1739 1740 1741 1742 1814 1815 1816 1817 2286 2287 2288 2289
1399 1400 1401 1402 1506 1507 1508 1509 1685 1686 1687 1688 1690 1691 1837 1838
1419 1420 1421 1422 1444 1445 1446 1447 1536 1537 1538 1539 1846 1847 1848 1849 2323 2324 2609 2610 3049 3054
1427 1428 1429 1430 1734 1735 1736 1737 2291 2292 2293 2294 2748 2749 2750 2751 2853 2854
1431 1432 1433 1434 1475 1476 1477 1478 1529 1530 1531 1532 1753 1754 1755 1756 1797 1798 1799 1800 2082 2083 2084 2085 2498 2499 2500 2501 2531 2532 2533 2534 2541 2542 2543 2544 2955 2958 3061 3066
1439 1440 1820 1821 1822 1823 2326 2327 2328 2329
1514 1515 1516 1517 1824 1825 1826 1827 2061 2062 2063 2064 2708 2711 2747 2752 2873 2878
1540 1541 1542 1543 1975 1976 1977 1978 2725 2726 2863 2864
1828 1829 1830 1831 2482 2483 2484 2485 2511 2512 2513 2514 2880 2883
2000 2001 2002 2003 2230 2231 2232 2233 2616 2617 2739 2740
2093 2094 2095 2096 2133 2134 2135 2136 2524 2525 2526 2527
2266 2267 2268 2269 2566 2567 2568 2569 2571 2572 2573 2574
2555 2556 2557 2558 2811 2812
2743 2744 2936 2937
2797 2798 2857 2858
2888 2891
2952 2953
