0 1 8 17 20 23 24 25 26 27 28 29 34 43 48 51 52 53 54 55 56 61 64 65 190 201 206 255 366 397 402 433 482 489 494 497 510 511 516 521 522 523 718 719 740 745 852 865 898 919 926 993 1026 1057 1096 1127 1136 1145 1150 1151 1154 1155 1156 1157 1158 1225 1288 1351 1392 1443 1478 1507 1522 1533 1544 1547 1548 1549 1550 1551 1552 1591 1648 1689 1738 1767 1790 1819 1842 1843 1852 1853 1854 1855 1858 1859 1884 1927 1964 1991 2014 2051 2060 2077 2092 2097 2098 2099 2102 2103 2116 2155 2190 2233 2248 2265 2290 2307 2314 2319 2320 2321 2322 2325 2350 2381 2400 2423 2440 2457 2470 2471 2472 2473 2474 2475 2488 2497 2508 2523 2528 2535 2536 2545 2546 2547 2548 2563 2570 2581 2588 2595 2600 2601 2602 2607 2608 2613 2618 2621 2624 2625 2626 2627 2628 2629 2630 2633 2638 2639 2640 2643 2644 2645 2646 2799 2802 2803 2806 2807 2808 2809 2810 2913 2914 2915 2916 2917 2918 2919 2986 2987 2988 2989 2990 2991 3026 3029 3030 3031 3032 3055 3056 3059 3060 3073 3074 3075 3076 3077 3078
2 3 9 10 21 22 30 31 37 38 98 99 100 101 167 168 169 170 235 236 249 251 252 254 350 352 353 355 452 453 490 491 492 493 532 533 548 549 734 735 748 749 1772 1773 1795 1796 1813 1814 1836 1837 1844 1845 1850 1851 1861 1862 1863 1864 1903 1904 1905 1906 1928 1929 1930 1931 2133 2134 2135 2136 2162 2163 2164 2165 2651 2653 2654 2656
4 5 13 14 18 19 32 33 39 40 120 121 124 125 148 149 152 153 381 382 383 384 434 436 437 439 500 501 534 535 536 537 786 787 788 789 812 813 814 815 1148 1149 1268 1269 1270 1271 1305 1306 1307 1308 1352 1353 1545 1546 2035 2036 2037 2038 2043 2044 2045 2046 2261 2262 2263 2264 2270 2271 2272 2273 2669 2671 2672 2674 2699 2700 2797 2798 2813 2814 2869 2870 3033 3035 3036 3038
6 7 11 12 35 36 41 42 57 58 86 87 88 89 110 111 112 113 221 222 257 258 259 260 379 380 409 410 415 416 444 445 495 496 530 531 554 555 580 581 582 583 682 683 728 729 741 742 743 744 750 751 846 847 859 860 861 862 870 871 874 875 924 925 987 988 1027 1028 1058 1059 1097 1098 1134 1135 1137 1138 1897 1898 1950 1951 2127 2128 2188 2189 2334 2335 2379 2380 2476 2477 2495 2496 2549 2550 2568 2569 2609 2610 2616 2617 2658 2659 2660 2661 2703 2704 2705 2706 2707 2708 2715 2716 2717 2718 2721 2722 2857 2858 2883 2884 2887 2888 2903 2904 2907 2908 2909 2910
15 16 44 45 49 50 80 81 82 83 114 115 178 179 183 186 262 264 265 267 367 369 370 372 1043 1044 1045 1046 1092 1093 1094 1095 1152 1153 1885 1886 1887 1888 2019 2020 2021 2022 2056 2057 2058 2059 2123 2124 2125 2126 2253 2254 2255 2256 2282 2283 2284 2285 2663 2664 2667 2668 2687 2688 2691 2692 2947 2948 2949 2950 3034 3037
46 47 59 60 84 85 182 184 185 187 237 238 298 299 468 469 478 479 1047 1048 1070 1071 1581 1582 1598 1599 1600 1601 1739 1740 1860 1865 1946 1947 1948 1949 2027 2028 2029 2030 2047 2048 2049 2050 2180 2181 2182 2183 2257 2258 2259 2260 2274 2275 2276 2277 2723 2724 2878 2879 2880 2881 2896 2897 2898 2899
62 63 74 75 243 244 857 858 1159 1160 1185 1190 1223 1224 1856 1857 1866 1867 1868 1869 2100 2101 2911 2912 2926 2927 2946 2951 2984 2985 3020 3021 3027 3028 3039 3040 3041 3042 3057 3058
66 67 132 133 134 135 292 293 393 394 395 396 556 557 558 559 584 586 587 589 624 625 626 627 780 781 784 785 882 883 1882 1883 1932 1933 1934 1935 2065 2066 2067 2068 2117 2118 2166 2167 2168 2169 2299 2300 2301 2302 2767 2768 2777 2778 2795 2796 2823 2824 2827 2828 2835 2836 2839 2840 2847 2848 2851 2852 3050 3051 3052 3053 3062 3063 3064 3065
68 69 122 123 150 151 239 240 764 765 888 889 959 960 961 962 985 986 1029 1030 1060 1061 1128 1129 1143 1144 1366 1367 2386 2387 2636 2637 2800 2801 2952 2953 2966 2967 2980 2981 2982 2983
70 71 72 73 143 144 145 146 156 158 159 161 172 173 174 175 197 198 199 200 282 284 285 287 373 374 375 376 447 448 449 450 710 711 712 713 1187 1188 1199 1201 1202 1204 1207 1209 1210 1212 1236 1237 1238 1239 1354 1355 1356 1357 1468 1469 1470 1471 1487 1488 1489 1490 1518 1519 1520 1521 1562 1563 1564 1565 1568 1569 1570 1571 1592 1593 1594 1595 1692 1693 1694 1695 1786 1787 1788 1789 1801 1802 1803 1804 1832 1833 1834 1835 1893 1894 1895 1896 1960 1961 1962 1963 2119 2120 2121 2122 2195 2196 2197 2198 2652 2655 2675 2676 2679 2680 2681 2682 2685 2686 2693 2694 2697 2698 2928 2929 2932 2933 2934 2935 2938 2939
76 77 78 79 126 127 128 129 130 131 358 359 362 363 435 438 504 505 506 507 1039 1040 1041 1042 1080 1081 1082 1083 1117 1118 1119 1120 2105 2106 2107 2108 2249 2250 2251 2252 2278 2279 2280 2281 2326 2327 2328 2329 2382 2383 2384 2385 2424 2425 2426 2427 2449 2450 2451 2452 2466 2467 2468 2469 2920 2921 2924 2925 2940 2941 2944 2945 3044 3045 3046 3047 3068 3069 3070 3071
90 91 92 93 116 117 118 119 162 163 386 387 388 389 391 392 421 422 483 484 508 509 524 525 598 599 600 601 602 603 688 689 704 705 746 747 754 755 766 767 866 867 868 869 1103 1104 1240 1241 1349 1350 1596 1597 1683 1684 2088 2089 2308 2309 2517 2518 2589 2590
94 95 96 97 192 193 194 195 256 261 336 338 339 341 385 390 403 404 405 406 544 545 546 547 574 575 576 577 632 633 634 635 1173 1174 1177 1178 1179 1180 1183 1184 1186 1189 1258 1259 1260 1261 1321 1322 1323 1324 1388 1389 1390 1391 1452 1453 1454 1455 1483 1484 1485 1486 1871 1872 1873 1874 1938 1939 1940 1941 1987 1988 1989 1990 2111 2112 2113 2114 2176 2177 2178 2179 2221 2222 2223 2224 2330 2331 2332 2333 2375 2376 2377 2378 2396 2397 2398 2399 2670 2673 2710 2711 2712 2713 2739 2740 2743 2744 2745 2746 2749 2750 2849 2850 2872 2873 2874 2875 2890 2891 2892 2893 2954 2956 2957 2959 2974 2976 2977 2979
102 103 104 105 136 137 138 139 140 141 310 312 313 315 485 486 487 488 1076 1077 1078 1079 1084 1085 1086 1087 1121 1122 1123 1124 1246 1247 1248 1249 1295 1296 1297 1298 1889 1890 1891 1892 2725 2726 2729 2730 2733 2734 2737 2738 2753 2754 2757 2758
106 107 108 109 154 155 180 181 250 253 560 561 694 695 1200 1203 1250 1251 1252 1253 2551 2552 2553 2554
142 147 157 160 283 286 446 451 1208 1211 1561 1566 1567 1572 2631 2632 2647 2648 2731 2732 2867 2868 2955 2958 2975 2978
164 165 219 220 263 266 368 371 1589 1590 1649 1650 1759 1760 1761 1762 2641 2642 2804 2805 2885 2886 2901 2902
166 171 202 203 204 205 272 273 274 275 276 277 294 295 296 297 417 418 419 420 594 595 596 597 612 613 614 615
176 177 278 279 324 325 798 799 878 879 1125 1126 1161 1162 1165 1166 1167 1168 1171 1172 1456 1457 1458 1459 1479 1480 1481 1482 1514 1515 1516 1517 2614 2615
188 189 280 281 356 357 427 428 502 503 542 543 622 623 886 887 1472 1473 1531 1532 1618 1619 1657 1658 1979 1980 1981 1982 2217 2218 2219 2220 2775 2776 2791 2792 2855 2856 2863 2864 2960 2962 2963 2965
191 196 211 212 213 214 231 232 233 234 288 289 290 291 326 327 330 331 760 761 762 763 782 783 933 934 935 936 1130 1131 1132 1133 1423 1424 1425 1426 2110 2115 2137 2138 2139 2140 2191 2192 2193 2194 2310 2311 2312 2313 2557 2558 2559 2560 2564 2565 2566 2567 2571 2572 2573 2574 2689 2690 2779 2780 2783 2784 2825 2826
207 208 209 210 304 305 306 307 308 309 316 317 318 319 423 424 425 426 608 609 610 611 636 638 639 641 698 700 701 703 1969 1970 1971 1972 2073 2074 2075 2076 2199 2200 2201 2202 2303 2304 2305 2306
215 216 217 218 245 246 247 248 300 301 302 303 311 314 337 340 585 588 756 757 758 759 848 849 850 851 945 946 947 948 1870 1875 1899 1900 1901 1902 1956 1957 1958 1959 2084 2085 2086 2087 2478 2479 2480 2481 2502 2503 2504 2505 2541 2542 2543 2544 2677 2678 2761 2762 2765 2766 2841 2843 2844 2846 2968 2969 2972 2973
223 224 225 226 328 329 662 663 664 665 794 795 796 797 820 821 822 823 1553 1554 1585 1586 1714 1715 1716 1717 1973 1974 2012 2013 2338 2339 2340 2341 2363 2364 2365 2366 2579 2580 2582 2583 2683 2684 2998 2999 3024 3025
227 228 229 230 351 354 646 647 674 675 676 677 768 769 770 771 901 902 1169 1170 1254 1255 1256 1257 1610 1611 1612 1613 2619 2620 2622 2623 3022 3023
241 242 364 365 1193 1194 1195 1196 1197 1198 2141 2142 2170 2171 2555 2556 2561 2562 2759 2760 2793 2794 2859 2860 2865 2866 2970 2971
268 269 270 271 360 361 526 527 528 529 666 667 668 669 808 809 810 811 963 964 965 966 1181 1182 1313 1314 1315 1316 1380 1381 1382 1383 1460 1461 1462 1463 1640 1641 1642 1643 1718 1719 1720 1721 1782 1783 1784 1785 2413 2414 2415 2416 2770 2771 2772 2773 2837 2838
320 321 322 323 407 408 628 629 630 631 637 640 772 773 894 895 896 897 1191 1192 1221 1222 1286 1287 1907 1908 2209 2210 2211 2212 2286 2287 2288 2289 2482 2483 2930 2931
332 333 334 335 480 481 566 567 568 569 590 591 592 593 855 856 975 976 1213 1215 1216 1218 1228 1229 1384 1385 1386 1387 1576 1577 1578 1579 1587 1588 1734 1735 1736 1737 2719 2720 2871 2876 3000 3002 3003 3005
342 343 344 345 498 499 670 671 672 673 699 702 774 775 880 881 890 891 892 893 1205 1206 1219 1220 1508 1509 2511 2512 2513 2514 2741 2742 2769 2774
346 347 348 349 512 513 514 515 604 605 606 607 842 843 844 845 1031 1032 1033 1034 1163 1164 1337 1338 1339 1340 1427 1428 1429 1430 1444 1445 1446 1447 1628 1629 1630 1631 1763 1764 1765 1766 1774 1775 1776 1777 2747 2748
377 378 578 579 616 617 816 817 818 819 824 825 955 956 957 958 2129 2130 2131 2132 2830 2831 2832 2833
398 399 400 401 517 518 519 520 884 885 1464 1465 1466 1467 1510 1511 1512 1513 2078 2079 2353 2354 2355 2356 3049 3054
411 412 413 414 570 571 572 573 648 649 650 651 834 835 836 837 977 978 979 980 1049 1050 1051 1052 1072 1073 1074 1075 1555 1556 1557 1558 1559 1560
429 430 431 432 706 707 708 709 790 791 792 793 915 916 917 918 1105 1106 1107 1108 1264 1265 1266 1267 1299 1300 1301 1302 1399 1400 1401 1402 1573 1574 1690 1691 2665 2666 2735 2736 2877 2882 3008 3009 3012 3013
440 441 442 443 776 777 778 779 804 805 806 807 907 908 909 910 1146 1147 1876 1877 1878 1879 1880 1881 2489 2490
454 455 456 457 853 854 876 877 1583 1584 1620 1621 1622 1623 2015 2016 2017 2018 2080 2081 2082 2083
458 459 460 461 618 619 620 621 838 839 840 841 920 921 922 923 1175 1176 1372 1373 1374 1375 1407 1408 1409 1410 1499 1500 1501 1502 1632 1633 1634 1635 1730 1731 1732 1733 1809 1810 1811 1812 1909 1910 1911 1912 1983 1984 1985 1986 1992 1993 1994 1995 2781 2782
462 463 464 465 678 679 680 681 736 737 738 739 941 942 943 944 1066 1067 1068 1069 1139 1140 1141 1142 1226 1227 1284 1285 1965 1966 1967 1968 2004 2005 2006 2007 2093 2094 2095 2096 2498 2499 2500 2501 2531 2532 2533 2534 2922 2923 2961 2964 3015 3016 3017 3018 3067 3072
466 467 696 697 752 753 830 831 832 833 1002 1003 1004 1005 1280 1281 1282 1283 1289 1290 1411 1412 1413 1414 1448 1449 1450 1451 1491 1492 1493 1494 1913 1914 1915 1916 1925 1926 1996 1997 1998 1999 2023 2024 2025 2026 2052 2053 2054 2055 2151 2152 2153 2154 2160 2161 2234 2235 2236 2237 2755 2756 2763 2764 2785 2787 2788 2790 2861 2862 2993 2994 2995 2996 3010 3011
470 471 472 473 714 715 716 717 724 725 726 727 1214 1217 1575 1580 1917 1918 1919 1920 2000 2001 2002 2003 2657 2662 2817 2818 2821 2822 2829 2834 2842 2845
474 475 476 477 562 563 564 565 826 827 828 829 1975 1976 1977 1978 2156 2157 2158 2159 2388 2389 2390 2391 2401 2402 2403 2404 2695 2696
538 539 540 541 730 731 732 733 937 938 939 940 1276 1277 1278 1279 1952 1953 1954 1955 2229 2230 2231 2232 3001 3004
550 551 552 553 654 655 656 657 684 685 686 687 800 801 802 803 1053 1054 1055 1056 1099 1100 1101 1102 1272 1273 1274 1275 1317 1318 1319 1320 1636 1637 1638 1639 1663 1664 1665 1666 1820 1821 1822 1823 2895 2900 3043 3048
642 643 644 645 720 721 722 723 872 873 981 982 983 984 1309 1310 1311 1312 1942 1943 1944 1945 2751 2752 3014 3019
652 653 949 950 1016 1017 1230 1231 1376 1377 1378 1379 1433 1434 1435 1436 1441 1442 1534 1535 1679 1680 1681 1682 2090 2091 3006 3007
658 659 660 661 690 691 692 693 911 912 913 914 994 995 996 997 1113 1114 1115 1116 1403 1404 1405 1406 1644 1645 1646 1647 2069 2070 2071 2072 2936 2937
863 864 899 900 927 928 1651 1652 1778 1779 1780 1781 1805 1806 1807 1808 2701 2702 2815 2816 2905 2906
903 904 905 906 951 952 953 954 1303 1304 1921 1922 1923 1924 2039 2040 2041 2042 2207 2208 2506 2507 2819 2820
929 930 931 932 1232 1233 1234 1235 1358 1359 1360 1361 2061 2062 2063 2064 2515 2516 2529 2530
967 968 969 970 989 990 991 992 1262 1263 1685 1686 1687 1688 2336 2337
971 972 973 974 1088 1089 1090 1091 1109 1110 1111 1112 1393 1394 1602 1603 1604 1605 2357 2358 3061 3066
998 999 1000 1001 1606 1607 1608 1609 1671 1672 1673 1674 1706 1707 1708 1709 2104 2109 2203 2204 2205 2206
1006 1007 1242 1243 1244 1245 1345 1346 1347 1348 2519 2520 2521 2522 2537 2538 2539 2540
1008 1009 1010 1011 1062 1063 1064 1065 1291 1292 1293 1294 2147 2148 2149 2150 2342 2343 2344 2345 2436 2437 2438 2439
1012 1013 1014 1015 1035 1036 1037 1038 1325 1326 1327 1328 1368 1369 1370 1371 1437 1438 1439 1440 1710 1711 1712 1713 1768 1769 1770 1771 2008 2009 2010 2011 2031 2032 2033 2034 2942 2943
1018 1019 1020 1021 1329 1330 1331 1332 2242 2243 2392 2393 2394 2395 2509 2510
1022 1023 1024 1025 1333 1334 1335 1336 1362 1363 1364 1365 1696 1697 1698 1699 1791 1792 1793 1794 2266 2267 2268 2269 2889 2894
1341 1342 1343 1344 1419 1420 1421 1422 1474 1475 1476 1477 1700 1701 1702 1703 1753 1754 1755 1756 1797 1798 1799 1800 2323 2324
1395 1396 1397 1398 1495 1496 1497 1498 1503 1504 1505 1506 1653 1654 1655 1656 2295 2296 2297 2298 2727 2728 2786 2789 2992 2997
1415 1416 1417 1418 1540 1541 1542 1543 1675 1676 1677 1678 2484 2485 2486 2487
1431 1432 1624 1625 1626 1627 1667 1668 1669 1670 1722 1723 1724 1725 2143 2144 2145 2146 2359 2360 2361 2362
1523 1524 1525 1526 1614 1615 1616 1617 2172 2173 2174 2175 2291 2292 2293 2294
1527 1528 1529 1530 1659 1660 1661 1662 1936 1937 2462 2463 2464 2465
1536 1537 1538 1539 1704 1705 2351 2352 2441 2442 2443 2444
1726 1727 1728 1729 1741 1742 1743 1744 1824 1825 1826 1827 2346 2347 2348 2349
1745 1746 1747 1748 1815 1816 1817 1818 2315 2316 2317 2318 2575 2576 2577 2578 2603 2604 2605 2606
1749 1750 1751 1752 2213 2214 2215 2216 2634 2635
1757 1758 2184 2185 2186 2187 2491 2492 2493 2494 2524 2525 2526 2527 2709 2714
1828 1829 1830 1831 2225 2226 2227 2228 2371 2372 2373 2374 2417 2418 2419 2420
1838 1839 1840 1841 2244 2245 2246 2247 2584 2585 2586 2587 2591 2592 2593 2594 2649 2650
1846 1847 1848 1849 2238 2239 2240 2241 2611 2612
2367 2368 2369 2370 2409 2410 2411 2412
2405 2406 2407 2408 2811 2812
2421 2422 2596 2597 2598 2599
2428 2429 2430 2431 2853 2854
2432 2433 2434 2435 2458 2459 2460 2461
2445 2446 2447 2448
2453 2454 2455 2456
