1719 1718 1653 1652 1436 2987 143 568 2989 154 144 3039 153 2729 2718 2728 2956 2992 2990 2719 1180 885 1260 1259 1179 2257 2113 2299 2258 2300 2715 2724 2725 2657 2714 1437 569 2648 2642 2619 2649 2618 2114 2643 1265 921 1266 922 1181 1182 886 2099 1418 876 327 1398 868 653 681 504 842 747 345 487 857 94 882 881 1686 1685 2281 2280 1231 1230 2646 2645 1225 1224 2709 2708 3020 3017 3018 3015 2980 2978 2713 2712 2975 2977 1982 1980 2035 2033 1836 1834 1837 1835 2034 2032 1983 1981 1389 1388 1808 1807 772 771 1830 1829 744 742 532 531 73 72 67 66 43 42 40 31 14 17 25 1 2015 2014 2013 2016 1805 3011 30 29 70 69 0
1723 1657 1656 1440 1722 151 574 162 152 161 159 572 149 150 160 2307 2262 2117 2261 2308 2118 573 575 2119 2263 2120 2301 2302 2264 1441 1435 1716 1717 1434 1650 1651 257 255 1371 1401 323 1406 383 1405 1412 268 552 2096 266 555 387 1663 1788 410 2269 2343 908 409 907 1662 1779 2270 2345 2745 2721 3003 2959 3047 3007 3006 3046 3004 2960 2744 2720 2036 2596 1839 2531 1838 2530 1975 2579 2037 2597 1974 2578 1375 1415 801 773 1378 1420 802 774 2106 1800 2103 1799 27 34 24 5 33 4 2077 2580 2611 1984 28 39 79 68
1715 1714 1649 1648 181 614 191 182 190 1255 879 1186 1256 1430 1185 176 164 594 163 595 880 175 2495 2365 2366 2461 2462 2496 1431 615 454 141 1407 576 1413 467 291 651 455 242 1366 329 392 484 695 696 2477 2476 1694 1693 1221 1220 703 704 1684 1683 1383 1382 466 465 493 492 1828 1825 759 760 1387 1386 23 12 9 37 10
1178 1258 1257 1177 883 157 586 170 158 169 1194 1272 927 1271 1193 884 612 189 179 180 613 188 928 2363 2489 2459 2490 2364 2460 587 294 420 416 544 875 445 253 318 456 276 692 258 872 2095 702 701 2480 2481 1223 1222 1237 1236 306 305 2356 1802 401 860 887 477 671 909 766 666 2098 1797 20 13 7 36 8 2590 2008 2007 2589
155 168 167 584 156 596 165 166 177 1267 923 1268 1184 1183 178 1261 889 1188 1262 1187 890 585 924 1720 1438 1721 1654 597 1655 2498 2463 2497 2367 2368 2464 1439 637 483 1417 647 581 903 556 368 340 516 215 634 427 382 304 303 1233 1232 698 697 1227 1226 2479 2478 1696 1695 2359 1804 700 688 1419 1377 765 665 381 599 919 679 38 26 15 11 18 6
1711 1710 1645 1644 1432 173 186 606 174 185 891 1189 1263 1264 1190 2265 2121 2303 2266 2304 607 925 926 1192 1270 1269 1191 892 2122 183 605 172 171 184 604 1433 858 277 878 360 577 579 435 798 797 278 1365 554 324 1658 1775 2271 2346 1199 1336 916 418 915 417 1202 1345 791 358 920 680 859 400 1360 1369 792 359 2107 1801 35 21 16 19 3 2
1070 1551 1131 1630 726 846 123 2874 2881 2747 2769 1155 1084 1149 1062 2238 2169 2219 2682 2740 2772 812 2152 2167 2236 2217 2150 137 732 819 90 482 843 856 578 412 912 2942 2898 2993 2957 2793 2835 2790 2830 1869 1867 1884 1882 1955 1953 1938 1936 721 720 1818 1816 1819 1817 787 785 62 59 51 48 2078 2079 1986 1985
1553 1500 1623 1576 1608 2741 2872 485 834 705 107 746 2948 2890 2885 2767 2785 2853 1176 1145 1115 1088 1017 2165 2233 2215 2200 2244 2680 2762 2732 974 1465 218 2138 2445 2397 2433 2452 2420 2382 1158 1009 1109 1147 1082 968 748 1370 308 691 361 330 930 263 1363 867 1339 1200 1203 1346 2267 2344 402 906 2518 2466 2999 2961 2901 2939 2994 2958 2788 2816 1963 1961 1954 1952 1855 1857 1917 1915 1362 1361 408 407 58 63 64 46
1561 1547 1612 1622 500 451 725 106 2700 2995 2927 2672 2832 2662 265 659 325 2105 398 448
1573 1545 1616 1626 710 840 115 1159 1060 1141 1080 1611 1586 1502 808 1481 100 145 736 825 2448 2399 2435 2388 479 1404 342 564 264 453 279 1659 1776 2519 2467 423 917 1934 2564 1951 2541 1865 2567 1886 2546 1373 1409 22
442 1592 1744 336 2825 807 678 2749 2934 1122 983 2155 2226 2694 2663 2632 248 2656 2116 2306 2225 2153 379 563 565 557 502 1338 1197 2268 2342 2955 2946 2791 2831 1941 1940 1868 1866 751 749 1812 1809 1814 1811 61 49 32
1558 121 229 1796 2773 2774 88 209 87 2952 965 1154 1153 2247 2248 2145 2703 2702 2661 2650 474 362 2636 2143 2245 2246 2285 2284 2283 2282 758 757 2798 2797 2973 2972 2971 2970 2538 1862 2572 1964 1965 2573 2102 1798 910 672 65 47
844 95 723 271 896 2991 2997 311 102 737 905 119 2693 2839 2838 2833 1129 1317 1156 1013 1027 2335 2173 2163 2241 2818 2688 769 954 224 2146 1618 1633 1510 1519 1475 1772 2161 2172 2239 2333 2144 275 469 503 468 636 1403 378 317 1778 1661 1334 1195 918 424 411 911 2843 2852 3054 3012 2610 2072 2539 1863 2548 1888 1950 2566 929 642 478 888 77 52
1001 1064 1105 1121 1304 2733 694 475 422 147 2860 2936 2829 2753 2859 2925 2849 677 192 113 782 838 1543 1594 1747 2750 2722 2824 964 206 1467 2227 2326 2192 2140 2395 2436 2505 2431 2414 2380 369 877 338 674 446 1399 2100 510 756 755 2287 2286 1692 1691 2906 2905 2796 2795 3030 3029 2809 2811 2916 2914 2945 2944 2557 1909 2604 2058 1939 2565 76 56
1512 1635 1520 1774 1709 92 833 2981 297 111 3040 2848 2813 85 259 822 894 901 1331 1021 1162 1005 1249 2748 2686 2673 2780 622 1451 590 934 2250 2174 2297 2339 2130 1515 1457 1706 1629 1506 1766 580 650 419 561 344 370 1335 1198 3005 3042 2778 2760 2031 2595 1841 2533 71 44
1508 1631 1584 1707 2888 745 817 2982 2922 2783 1175 1254 1161 1101 2665 2692 1632 1708 1590 2221 2295 560 549 213 429 1402 334 1789 1664 3000 2962 1962 1960 2030 2029 713 712 1393 1391
1504 1627 1773 1450 2870 490 251 1061 1248 1041 1610 2296 1544 2179 2738 2129 2338 2641 2626 841 89 1323 517
1525 1514 1593 2822 222 219 2836 953 220 805 1526 1523 2171 2224 1524 2819 2501 2653 2623 2386 2512 2503 2357
1521 1595 1152 1458 249 443 729 795 724 1299 979 1163 1329 1072 1079 1517 2181 450 2627 767 2361 990 2259 1581 1322 2526 238 1876 2375 1308 1217 2091 2594 438 848 2229 1972 1567 1535 1639 851 1879 1311 2084 1922 439 2484 1218 2189 2535 1607
1319 1486 1565 96 1748 675 670 623 105 1286 707 1076 969 2201 2175 655 2635 1742 1358 1471 620 1010 2360 2154 2002 2328 1728 1670 2391 1852 1342 1239 299 389 1907 2561 1754 290 2088 1276 1875 396 2378 1210 2591 1679
1566 1019 1548 2768 216 583 246 1530 1307 1068 244 2314 2123 1112 2370 1968 1050 1090 2439 2069 2588 1724 1666 2021 1542 1214 1851 2394 1315 1580 2612
981 1768 498 1634 1746 239 776 831 1057 1073 1111 1045 2234 1625 933 2228 656 2319 1771 2525 1015 146 2396 1485 869 2374 2483 2087 955 993 2570 1978 375 525 2040 2277 1751 1678 1675 1049 1943 433 1097 855 1760 2256
828 1736 272 2784 811 261 593 3041 947 975 1321 2336 233 2294 2628 2407 2621 2403 2409
1516 1603 1038 2815 826 837 363 1039 3043 1357 1250 987 813 830 2683 2814 814 827 988 346 1488 1489 1795 1023 1119 2405 2404 371 515 270 1229 1228 3022 3021 2802 2801 2804 2803 3038 3037 2540 1864 2092 2616 380 598 80
683 1529 441 690 633 2926 2737 3053 2821 459 2826 2681 2660 2097 425 436 861 372
1705 1764 1763 1446 2763 298 2695 663 2889 591 260 638 2340 2298 2185 2341 2131 2739 2659 941 1253 1327 1326 1043 1456 1528 1765 339 142 212 472 269 1400 764 763 1235 1234 2289 2288 3035 3033 3034 3032 2865 2864 2759 2758 2075 2073 1896 1894 1844 1842 2076 2074 790 788 404 403 754 752 78 53 45
1478 1703 1554 1790 803 326 486 2895 2920 2705 2871 2940 1246 1069 1351 1028 2351 2180 2147 2704 2668 2786 932 1443 582 2124 2647 2629 2634 2624 2389 2425 2488 2527 676 335 1372 1368 236 2520 2465 2655 2644 2900 2938 2863 2887 3014 3056 1918 1916 1845 1843 2094 2093 1895 1893 1822 1821 54 57
1770 1482 1792 2878 734 520 733 2880 2947 1007 1353 1333 506 728 727 2697 2696 2690 1087 1143 1144 2423 2447 548 413 913 2556 1920
1247 1620 1151 353 131 2855 1110 132 1022 609 2667 1421 117 1448 566 2453 2487 210
499 809 644 228 230 646 501 231 2877 2928 2876 1298 1044 1089 991 1297 2213 2178 2318 2317 2765 2764 944 602 600 2128 2203 2182 2149 2320 1083 977 1291 1292 1034 938 384 481 430 470 3027 3025 2755 2754 3026 3024 2910 2909 2869 2868 2047 2603 2549 1889 2046 2602 699 687 75 74
1490 1597 1557 2935 684 337 2858 444 2727 1063 1116 685 2726 976 1491 449 2417 2385 2437 2416 2354 2197 2196 652 902 471 635 1408 480 536 1698 1697 2903 2904 1910 2558 2358 1803 55
1071 1769 1281 523 658 285 2892 207 1560 1330 1734 1055 2670 870 735 2381 2372 2517 2260 2210 2408 280
1065 1732 1318 234 686 507 2950 2930 2857 1124 2212 2679 2666 874 551 2110 1556 1295 237 689 558 570 281 537 762 761 2675 2674 2911 2912 1919 2555 1833 2529 41
1533 1442 1476 2884 187 508 632 2699 86 1033 489 1301 2194 1466 1016 1354 2499 333 1243 1348 2044 2469 1859 2025 2523 2543
1574 1741 2775 2929 139 524 2717 2951 2771 241 1397 553
1352 945 2941 829 603 2706 2921 2851 2787 943 1359 2127 2355 946 629 522 836 628 521 2211 2125 2126 562 1196 1337 2779 2761 2532 1840
601 1472 2937 706 452 3002 2781 2828 2746 214 1411 2492 1993 2207 1900 300 388 434 1454 1498 854
1737 963 2985 2879 97 2893 2856 645 2842 124 1114 2137 1288 1422 2166 865 667 1002 2450 2430 2862 2886 2943 2899 1937 1935 462 461 60
1733 1468 273 193 120 815 2850 114 781 1024 1293 1647 1511 2111 2415 900 2157 1848 1781 1688 1213 1312 1958 2576 1727 780 1971 136 2232 1667
1745 1750 2777 199 3044 897 2998 2996 2687 1303 939 1294 1300 2669 2812 226 1477 970 960 421 247 904 2324 2316 385 660 1340 1201 3052 3010 3050 3008 1892 1891 2057 2056 2055 2053 1396 1394 534 533
1282 1464 730 899 589 2837 2827 1284 1003 2242 2325 2776 610 2652 2639 204 414 914 497 496
1756 2986 2701 738 641 223 148 1098 1130 588 2664 2168 2235 1509 1507 1614 1755 81 2967 2966 2806 2808 1887 2547 1376 1416 50
198 225 332 240 2751 783 973 2323 2736 1749 1596 1474 673 2789 2817 1854 1856 719 718
2931 98 2707 274 1767 1617 2949 2988 2743 2689 1332 1142 1056 1140 1054 2766 2730 847 1008 2640 2631 1006 110 296 457 341 871 3055 3013 2933 2897 2792 2834 1911 1913 1885 1883 715 714
2923 823 2983 491 2891 2953 2854 116 1102 1081 1583 2205 2218 2251 2676 1427 866 543 2112 118 1628 1426 1572 509 267 386 393 649 648 2919 2917 1831 1832
205 252 1613 1518 1133 1134 1020 2237 864 2515 2514 1148 1777 1660 2684 2671 1374 1410
784 227 1794 2924 3049 331 2353 1459 2132 971 1555 1042 2305 254
770 312 1609 1522 669 2823 2840 2883 1150 1037 1324 1078 959 1031 2716 101 1501 310 768 1012 2332 2162 2240 2177 99 282 1682 1681 2965 2964 2550 1890 2071 2609
262 709 895 1621 2691 708 1761 1480 1503 1513 2398 2446 2401 839 2844 2845 1381 1380
631 820 643 3048 2894 1146 1791 1713 962 1035 447 2134 1873 1979 2472 2066 2571 1275 619 1925 2551 357 1211
112 1132 657 1106 1328 1285 2243 972 2625 1251 1549 793 1577 1539 349 625 1205 1277 2607 2012 1601 1240 1991 2494 1343 1643
893 217 1740 460 140 1305 1164 122 2141 1139 2638 2617 942 2230 1973 1752 1677 2026 1215 2524 1314
250 775 2882 2735 1036 1066 2198 1447 2249 2419 307 2253 1944 1495 2068 2585 1463
611 1534 3045 2873 931 1029 235 1735 1444 2731 2371 2502 2506 621 661 1429 3051 3009 2054 2052
2861 476 2723 3001 1067 1552 2191 2752 1075 458 545 293 211 2932 2896 1914 1912
2742 2875 2954 1103 1325 2223 2337 2770 654 328 93 1992 2493
2734 108 1107 1290 1588 664 284 2327 986 2444 314 201 956 994 2070 2587 1969 2440 2000 367 1956 2574 2330 540
640 1289 1252 961 1011 103 1117 2184 810 2633 1173 2379 1165 1125 2553 1927 777 133 1785 1700 2009 1455 366 541 1499 2606
2846 2847 2841 1026 84 82 608 2108 529 1025 1390 1385
2984 1099 1085 2313 1704 1646 821 567 2620 668 2387 2065 2473 1880 2536 1957 2003 350 2511 626 2575
1120 639 1562 286 985 1712 2678 693 2406 473 1484 2273 2061 1570 316 203 1538
1077 221 519 2321 2677 2782 982 2451 2202 1470 741 739
1118 1040 1160 1575 2322 2195 2151 1296 989 818 2006 2508 1786 618 1168 356 1128 1701
1316 1283 1355 104 2204 898 1174 1619 91 2402 2028 2522 1671 1731
1320 1546 1585 1030 2698 630 245 505 824 295 2500 1793 1784 1699 1126 1166 134 778 2045 2468 1310 2085 1921 1878 2534 2188 1219 2485
488 347 1559 1428 2658 1445 2486 2454 2422 343 2491 1994 1995 2599
935 1591 1624 2820 804 1532 2369 2390 373 1414 1598 1640 1906 1999 2331 2560
1587 1032 2190 796 547 592 232 309 835 2206 1899 1452 1496 319 1135 1169 194 1689 1138 1902 1987 2429 1172 1782 2312
1104 2214 1356 948 992 542 2507 617 355 1604 1636 2902 528 2049 376 2581 464
2334 1100 966 1469 936 2421 2432 2383 426 313 200 2969 390 302
2222 2199 1287 984 816 2637 2622 2654 1059 1108 415 1806 2528
2252 2685 863 559 2193 2352 1571 1550 287 395 1206 1280
1762 1004 862 940 806 2216 967 2443 1739 511 125 949 997 1948 2455 1998 2600 2866 722
243 1473 208 283 130 1564 1589 2438 2434 2384 2133 1872
550 2170 1424 129 1123 1306 1074 1602 1738 845 682
1487 1425 1505 2630 832 1058 138 2348 2020 1926 2060 2274 2552
1483 980 1113 1086 2373 1615 1860 2544 3028 2039 2017 2278 2349 495
83 1018 1531 2164 1302 518 2799 1637 1605 1309 1216 526 374 1494 1672 1462 1730
1479 2156 2139 2183 352 662 1367 1364 1209 1273 128 514 753 405
2148 2142 1563 1743 937 256 2584 2050 2915 197 322
546 1423 2516 2220 2418 399 3023 2908 1988 2081 1898 530
1014 873 1527 109 2968 1990 2309 3036 2080 2292 1384 1820
1449 2115 2315 2176 571 3031 2024 2615 3019 743 463
2651 2449 2805 2907 2290 1461 1493 2082 394 288 1051 1091 2583 2051 716
794 2400 978 2109 2867 2410 1931 2976 1977 1349 1244 2569 406
1157 731 428 2810 3016 1908 2562 431 853 1599 1641 1212 1313
2513 2504 1582 292 2974 2711 1997 2601 1578 1540 2509 2005 950 998
2424 2101 2979 2291 2083 2710 2963 1395 494
2362 2104 2918 538 365 1093 1053 2209 750
2757 2913 1278 1204 2427 1904 2254 1945 2545 1861 1780 1687 126 512 789 1815
1757 1674 852 432 2426 1903 2807 952 1871 1000 2136
1094 1046 2186 1923 2800 1847 996 958 2160 711
1460 1492 2794 2043 2470 535 717
1047 1095 1669 1729 1949 2456 2158 1849 2023 2614 1946 1167 2063 1127 2457 2475
616 354 1242 1347 2062 2272 2554 1928 1725 1665 1850 995 1966 1137 957 2393 1171 2441
2310 1989 1853 2392 1959 2577 1758 1673 1238 1341 539 364 2004 1846 1874 2059 2159 2510 2377 2275 1810
2521 2027 2090 2593 1877 2376 1901 1092 2042 1207 1052 2428 1279 2471 1827
2537 1881 1453 1497 2608 2011 1350 2018 2038 2350 1245 2279 1392
437 849 2482 2086 1568 1536 1942 1870 351 289 2255 2135 397 627
2347 2019 1170 1136 348 624 1897 1929 1970 2208 2412 2231
2329 2001 2187 1924 127 1241 315 202 1344 513 1379
2411 1932 1274 1208 196 1048 527 377 1096 321
2041 2276 951 391 2010 1690 2605 2311 1783 999 301 1813
195 320 850 1787 2067 1702 2586 440 786
2756 1947 2559 1537 2582 740
779 1726 1976 2458 2413 1826
1905 1569 1676 2442
1638 2089 1606 2592 135
1753 1600 1680 2568 1642
2064 2613 2293 1823
1996 1541 2598 1579 1668
1858 2542 1759
2022 2474 2048 1824
1967 2563 799
1930
1933 800
