0 1 9 14 25 40 42 43 60 59 71 76 118 117 132 131 28 39 152 175 198 68 69 217 272 317 318 322 315 316 321 350 376 387 388 391 393 543 545 546 544 638 640 641 639 649 650 659 656 737 797 798 894 892 937 938 936 935 1112 1113 1106 1107 1225 1234 1224 1235 1249 1248 1301 1302 1374 1412 1410 1455 1454 1579 1580 1693 1694 1706 1747 1806 1836 1837 1805 1933 1934 2015 2016 2029 2056 2528 2532 2533 2563 2564 2590 2595 2589 2604 2620 2621 2635 2636 2647 2652 2668 2645 2646 2709 2710 2711 2712 2756 2762 2763 2757 2760 2761 2776 2777 2855 2920 2914 2916 2917 2921 2919 2936 2937 3015 3016 3039 3029 3030 3013 6
2 3 8 15 22 33 41 52 64 65 74 75 96 107 100 111 126 125 29 30 139 135 136 146 140 151 182 202 70 79 204 203 205 206 207 249 250 260 278 301 298 436 438 463 464 461 462 704 703 814 848 849 883 882 910 905 1021 1022 1156 1155 1158 1157 1195 1199 1287 1288 1285 1286 1339 1336 1386 1387 1401 1421 1515 1628 1629 1663 1738 1739 1778 1809 1812 1832 1833 1889 1890 1962 1963 1964 1965 1985 1986 2052 2053 2054 2055 2079 2078 2110 2173 2248 2247 2271 2317 2318 2346 2657 2666 2667 2679 2680 2673 2684 2840 2839 2850 2849 2841 2854 2952 2960 2959 2988 2991 2989 2990 2999 3006 3000 3007 3043 3051 3050
4 5 16 31 36 37 81 45 44 62 63 77 78 83 84 85 82 86 95 98 97 208 209 230 228 229 231 271 281 282 283 284 304 305 306 307 455 602 601 643 644 748 749 750 751 913 914 1129 1130 1216 1217 1316 1317 1807 1808 1825 1823 1826 1828 1838 1839 1840 1841 1957 1956 1958 1959 2011 2012 2013 2014 2073 2076 2074 2075 2096 2095 2121 2122 2234 2233 2281 2280 2333 2332 2357 2365 2366 2367 2368 2443 2444 2445 2446 2478 2479 2480 2481 2514 2515 2516 2517 2696 2697 2701 2700 2714 2715 2718 2719 2739 2738 2742 2743 2947 2964 2966 2967 2965 2987 2992 3033 3032 3034 3035 3053
7 17 26 23 20 47 46 55 56 80 190 256 276 277 286 329 340 339 370 373 413 414 480 579 580 581 642 757 774 827 834 835 903 898 969 970 971 972 1038 1039 1044 1045 1228 1230 1231 1229 1307 1304 1359 1356 1369 1376 1377 1398 1399 1419 1416 1474 1472 1473 1475 1525 1526 1531 1532 1683 1684 1689 1690 1750 1755 1793 1795 1797 1858 1859 1895 1896 2092 2097 2138 2137 2184 2185 2323 2351 2538 2539 2549 2550 2616 2676 2699 2698 2797 2795 2796 2798 2817 2816 2826 2827 2838 2864 2865 2868 2869 2884 2885 2895 2894 3037 3038
13 12 21 35 34 38 49 48 53 54 61 93 94 287 288 365 401 402 419 420 435 440 439 467 468 469 470 525 523 524 526 696 695 776 775 816 815 866 865 1367 1366 1368 1360 1371 1479 1478 1547 1548 1593 1658 1775 1794 1800 1802 1801 1861 1860 1905 1906 1939 1984 2077 2099 2100 2107 2101 2106 2147 2148 2149 2150 2196 2198 2199 2197 2226 2225 2269 2268 2344 2355 2343 2354 2356 2386 2385 2414 2415 2442 2465 2518 2525 2540 2541 2555 2565 2556 2580 2681 2611 2726 2727 2724 2729 2751 2750 2788 2789 2830 2833 2831 2832 2846 2856 2857 2899 2898 2930 2931 2934 2935 2956 2944 2955 3014 3056
10 11 19 18 27 51 50 57 58 123 124 121 122 191 268 265 274 275 320 319 330 351 354 352 353 389 392 437 528 529 527 530 654 658 736 756 807 809 810 808 899 902 1011 1015 1012 1016 1080 1081 1082 1083 1141 1143 1144 1142 1226 1227 1232 1233 1370 1378 1375 1415 1420 1510 1508 1509 1511 1559 1560 1569 1570 1614 1620 1615 1621 1687 1688 1685 1686 1883 1882 1915 1916 1954 1955 2546 2547 2557 2558 2570 2571 2685 2741 2740 2770 2772 2773 2775 2806 2809 2811 2808 2851 2870 2875 2873 2872 2903 2905 2906 2904
24 32 87 66 67 72 73 90 91 128 155 651 1373 1397 1409 1418 1430 1431 1646 1647 1659 1712 1713 1776 1798 1834 1835 1970 1971 2036 2037 2102 2113 2114 2260 2259 2270 2301 2302 2345 2531 2530 2578 2579 2596 2597 2708 2720 2721 2713 2725 2728 2744 2745 2962 2961 3003 3004 3009 3008 3046 3047
88 92 89 127 130 129 156 479 1382 1383 1384 1417 1813 2662 2661 2670 2678 2683 2674 2675 2842 2878 2891 2924 2940 2982 3017 3020 3045
168 133 134 150 148 285 313 310 407 1365 1411 1831 1843 1845 1862 1864 2450 2489 2529 2844 2845 2896 2897 2915 2918 2942 2943 2985
102 105 99 110 112 154 171 170 176 290 291 337 338 377 618 619 725 726 888 1380 1381 1402 1426 1577 1578 1625 1624 1691 1692 1705 1935 1936 1937 1938 2031 2030 2663 2886 2889 2888 2972 2973 2970 2971 2981
101 103 104 106 143 1804 1803 1821 1822 1829 1830 1824 1827 2359 2358 2658 2659 2671 2672 2879 2880 2881 2882 2911 2912 2909 2910 2932 2933 2978 2975 2977 2980 2997 2998
108 109 113 114 147 149 195 200 197 201 216 309 314 349 429 427 702 701 787 788 842 843 881 880 906 1023 1137 1135 1160 1196 1259 1257 1337 1351 1352 1888 1961 2111 2112 2174 2175 2239 2241 2254 2256 2307 2305 2548 2573 2837 2848 2948 2958 2996 2994 3001 3049
120 115 141 163 164 174 199 262 323 325 326 363 485 486 657 884 893 983 984 1149 1150 1236 1237 1354 1404 1406 2689 2688 2764 2766 2767 2769 2801 2802 2803 2804 2836 2995
119 116 142 166 165 261 324 327 328 364 341 375 487 488 596 730 2155 2156 2171
137 138 183 211 210 212 213 273 494 495 493 496 556 885 1363 2552 2554 2551 2553 2575 2577 2574 2576 2677 2682 2813 2814 2829 2867 2866 3041 3044
144 145 160 159 186 187 192 188 189 193 236 267 270 385 386 615 632 633 634 635 700 699 742 743 836 837 904 1099 1098 1152 1151 1197 1246 1340 1372 1413 1414 1423 1424 1586 1585 1587 1588 1632 1634 1633 1635 1662 1661 1709 1708 1789 1788 1960 2360 2431 2430 2449 2486 2572 3005 3042
153 158 180 181 185 257 258 367 384 630 631 698 796 813 826 1422 1591 1592 1630 1631 1664 1704 1779 1811 1810 1814 2617 2640 2641 2644 2655
157 162 178 179 184 259 251 253 254 383 627 628 629 697 817 825
161 173 172 177 252 300 368 378 620 621 727 728 782 783 1589 1590 1703
169 167 227 255 279 280 299 302 371 408 441 456 626 694 723 780 781 867 890 912 911 1032 1033 1163 1161 1188 1190 1201 1200 1268 1266 1291 1293 1335 1334 1394 1396 1520 1517 1657 1727 1734 1744 1817 1819 1981 1983 2033 2035 2253 2264 2306 2319 2847 2953 2986
194 196 226 311 312 403 405 466 574 573 1863 1865 1891 1893 1918 1920 2459 2781 2792 2824 2863 2893 2900 2926 2938
214 215 297 366 442 582 583 713 741 823 822 824 915 916 1136 1222 1223 1326 1392 1391 1393 2098 2115 2116 2236 2238 2245 2282 2283 2285 2284 2316 2334 2336 2703 2707 2730 2734 2949 2983 3025 3027 3048
218 219 220 221 292 289 294 502 501 504 503 1047 1046 1049 1048 1165 1168 1166 1167 1364 1400 1407 2104 2105 2812 2815 2828 3040
222 224 225 223 232 233 234 235 263 264 293 411 412 409 410 1361 1362 1428 1429 1644 1645 1682 1681 1710 1711 1980 1982 2034 2032 2257 2258 2299 2300 2363 2364 2460 2476 2477 2490 2618 2619 2642 2643 2648 2649 3019 3022
239 240 237 238 334 335 332 333 342 425 426 423 424 662 664 663 655 665 819 821 900 917 918 923 924 1191 1192 1181 1182 1202 1260 1269 1270 1349 1388 1389 1436 1437 1652 1653 1718 1719 2467 2463 2464 2493 2494 2520
243 244 241 242 266 269 296 295 415 416 417 418 818 854 855 875 874 1019 1178 1177 1255 1256 2263 2265 2266 2286 2288 2289 2287 2308 2401 2843
247 245 246 248 346 347 344 345 390 430 428 459 457 667 669 795 895 921 922 919 920 1153 1184 1186 1198 1264 1262 1283 1338 1622 1732 2650 2731 2735
303 308 356 357 358 355 565 568 567 566 555 887 897 896 1456 1457 1458 1459 1729 1730 1728 1731 2794 2799 2852 2853 2954
331 336 361 359 360 362 577 575 576 578 901 1025 1040 1041 1128 1300 1318 1319 1762 1749 1761 1792 1847 1846 1848 1849 2046 2048 2047 2049 2402 2436 2629 2630
343 348 395 396 397 398 605 606 603 604 908 907 932 931 1127 1707 1735 1736 1737 1929 1930 1931 1932 2005 2003 2004 2006 2296 2902 2907 3010
369 372 374 394 421 735 891 1385 1448 1451 1449 1450 1571 1574 1572 1573 2103 2135 2136 2213 2212 2375 2376 2427 2426 2716 2717 2950 2951 3002
379 380 381 382 505 508 506 507 719 722 720 721 1379 1390 1815 2791 2790 2834 2835 2901 2939 2957 2993
399 400 489 491 490 492 674 677 675 676 729 779 784 811 812 1748 2267 2342 2722 2723 2736 2737 2984 3052
404 406 422 482 484 541 539 561 563 666 668 738 739 975 1014 1054 1069 1395 1601 1603 1668 1666 2170 2190 2201 2567 2569 2582 2584 2786 2887
433 431 432 434 559 558 557 560 645 646 647 648 934 933 939 940 1104 1105 1114 1115 1258 1263 1444 1445 1717 1716 1799 2128 2127 2222 2223 2303 2304 2752 2753 2765 2768 2784 2785 2927 2929
444 443 445 446 509 511 512 510 653 652 871 870 1403 1408 1405 1460 1461 1463 1462 1519 1742 1743 1745 1756 1842 1844 2057 2058 2125 2126 2172 2315 2325 2324 2686 2687 2771 2774 3024 3026
447 449 450 448 471 472 473 474 820 844 845 846 847 987 988 1294 1816 1818 2151 2152 2176 2177 2705 2702 2704 2819 2822 2820 2821 2862 2883 2892
453 451 452 454 475 477 476 478 636 637 850 851 852 853 976 1026 1027 1282 1281 1521 1522 1733 1866 1867 1869 1868 1892 1894 2387 2388 2390 2389 2406 2407 2408 2409 2466 2502 2501 2504 2503 2519
460 458 481 483 540 542 562 564 877 876 951 949 1013 1240 1238 1481 1483 1544 1546 1565 1563 1595 1594 1777 2603 2625 2633 2632 2637 2651 2859 2928
465 499 498 514 714 724 734 945 980 986 1061 1067 1076 1078 1139 1612 1660 1791 1914 1912 1917 1919 2094 2093 2131 2208 2371 2417 2422 2526 2749 2787 2876 2941
497 500 513 731 740 886 889 942 944 1017 1070 1072 1085 1146 1203 1325 1323 1350 1443 1500 1554 1609 1884 1886 1911 1913 2163 2161 2192 2194 2203 2205 2335 2337 2733 2748 2778 2877 3011 3054
515 517 518 521 516 519 520 522 778 777 941 943 1084 1253 1254 1358 2123 2124 2200 2369 2370 2420 2421 2706 2922 2923
536 535 538 537 660 661 803 804 805 806 868 869 1005 1006 1007 1008 1056 1057 1059 1058 1122 1121 1303 1885 1887 1941 1940 2395 2396 2505 2626 2627 2631 2732 2755 2754 2945 2946
533 534 548 531 532 547 550 549 752 753 754 755 947 948 946 1060 1062 1063 1321 1320 1442 2068 2067 2610 2609 2653 2654 2779 2782 2783 2925 3012 3055
553 552 551 554 613 611 612 614 832 833 954 953 1068 1116 1355 1465 1464 1553 2143 2144 2145 2146 2202 2204 2228 2227 2353 2352 2793 2825 2858
571 572 569 570 733 909 950 989 1118 1125 1185 1623 1641 1651 1680 1769 2022 2159 2347 2509 2513 2628
584 585 586 587 744 745 746 747 838 839 840 841 1467 1466 1468 1469 1529 1530 1527 1528 1767 1768 1770 2380 2379 2404 2405 2512 2622 2623 2818 2823 2890
590 591 588 589 965 966 964 963 1020 1154 1183 1333 1331 2381 2383 2382 2384 2403 2456 2458 2461 2693 2692
594 595 592 593 785 790 789 786 873 879 872 878 959 962 960 961 1117 2437 2507 2506 2527
599 600 609 610 597 598 607 608 973 974 967 968 1120 1357 1470 1471 1476 1477 1599 1596 1796 2210 2211 2276 2278 2277 2279
616 617 864 952 956 955 1275 1276 1277 1278 1575 1576 1852 1853 2040 2041 2214 2215 2224 2378 2377 2497 2498 2861 2860
622 624 625 623 671 672 670 673 995 993 996 994 1244 1242 1243 1245 1514 1523 1524 1533 1534 2295 2297 2326 2491 2492 2807 2810
679 678 681 680 707 705 706 708 992 990 991 1239 1241 1518 1551 1552 1598 2193 2327
683 684 682 685 767 766 768 769 925 926 927 928 1251 1432 1433 1438 1439 2231 2232 2349 2350 2438 2439 2521 2522 2976 2979
688 686 687 689 758 760 761 759 856 857 858 859 1028 1030 1029 1031 1328 1329 1327 1820
690 691 692 693 770 771 772 773 929 930 1123 1124 1252 1305 1341 1342 1440 1441 1435 1434 1942 1943 2080 2081 2117 2118
711 709 710 712 791 792 793 794 1002 1001 1003 1004 1425 2178 2180 2181 2179 2471 2470 2510 2511 2583 2608 2607 3018 3021
717 715 718 716 801 799 800 802 1009 1010 1018 1119 1501 1989 1990 1987 1988 2061 2062 2059 2060 2397 2398 2691 2690
732 764 762 957 1034 1035 1207 1279 1330 1498 1665 1676 1722 2272
765 763 829 831 860 861 862 863 977 979 1247 2153 2162 2164 2294
828 830 958 1052 1050 1095 1097 1173 1175 1502 1504 1611 1613 1715 1851 1907 1909 1972 1974
978 1000 999 1064 1065 1073 1179 1180 1193 1194 1480 1543 2416 2462 2780
981 982 1036 1037 1250 1306 1488 1489 1698 1697 1746 2023 2024 2485 2484 2593 2594
985 1053 1074 1077 1089 1100 1103 1482 1670 1725 1751 1871 1978 2043 2087 2132 2483 2568 2581 2638
998 997 1024 1126 1138 1176 1296 1486 1487 1516 1674 1720 1741 1968 2021 2229 2322 2523
1042 1043 1206 1215 1272 1295 1427 1499 1513 1872 2331 2588
1051 1055 1075 1087 1101 1211 1267 1289 1491 1506 1627 1672 1699 1753 1780 1878 1881 1921 1969 2066 2085 2120 2129 2188 2230 2400 2472 2537 2534
1066 1071 1079 1088 1092 1102 1140 1170 1494 1512 1610 1673 1721 1966 2086 2243 2261 2419 2482 2634 2639
1086 1090 1093 1108 1111 1172 1447 1492 1495 1602 2221 2246 2392 2425 2591
1091 1096 1109 1110 1284 1347 1446 1568 1927 1946 2090 2134
1094 1133 1131 1134 1132 1280 1484 1485 1490 1550 1558 1923 1925 1950 1951 1944 1945 2154 2195 2963
1147 1145 1148 1324 1493 1507 1538 1537 1781 1879 2089 2187 2186 2447 2448
1159 1162 1174 1189 1219 1505 1545 1654 1724 1870 1880 1900 1902 2119 2455 2454 2475
1164 1169 1187 1221 1265 1310 1497 1503 1557 1904 1949 1997 2262 2293 2452 2601
1171 1204 1205 1308 1311 1452 1655 1656 1782 1875 2217 2374 2468 2469 2508
1208 1209 1210 1314 1315 1312 1313 1453 1650 1649 1993 1994 1995 1996 2065 2069 2070 2399
1212 1213 1214 1273 1274 1597 1648 1669 2165 2168 2220
1218 1220 1299 1539 1541 1637 1636 1639 1638 2108 2139 2140 2141 2142
1271 1261 1298 1496 1536 1535 1542 1784 1876 1910 2130 2298 2341 2393 2412 2413
1292 1290 1549 1562 1584 1759 1772 1854 1855 1856 1857 2133
1297 1309 1332 1555 1566 1581 1765 1850 1877 1947 2559
1322 1344 1345 1540 1561 1582 1616 1617 1874 2109 2158 2242 2586
1343 1346 1556 1567 1606 1607 1786 1787 1948 2191 2362 2424 2665
1348 1564 1583 1678 1763 1783 1952 2183 2250 2457 2496
1353 1600 1608 1640 1667 1898 1899 2002 2017 2207 2218 2328 2394 2391 2560 2561
1604 1605 1714 1740 1757 1774 1922 1928 1953 2071 2339 2429 2440 2441 2974
1618 1619 1671 1702 1766 1873 2063 2237 2487 2587
1626 1642 1695 1696 1760 1790 2018 2249 2329 2361 2423 2418 2664 2669
1643 1677 1723 1764 1967 2019 2312 2410 2451
1675 1679 1700 1924 1975 1991 2167 2474 2536
1701 1752 1773 1897 1979 1976 2189 2373
1726 1754 1771 1903 1926 1998 2084 2251 2274 2433
1758 1785 1901 1992 2008 2027 2072 2091 2660 3036
1908 1973 2010 2020 2038 2166 2252 2311 2372
1977 2001 2007 2026 2042 2209 2495 2969 3023
2000 1999 2009 2044 2045 2216 2473 2695 2746
2025 2028 2083 2157 2160 2291 2292 2535 2612 2615 2871 2874
2039 2051 2169 2244 2338 2340 2411 2913
2050 2088 2082 2182 2219 2255 2805
2064 2240 2273 2313 2800
2206 2275 2320 2321 2500 2602 2614
2235 2310 2314 2432 2453 2545
2290 2309 2435 2543 2566 2598 2968
2330 2428 2434 2542 2758 2908
2348 2488 2499 2585 2613 2694 3031
2524 2562 2592 2605
2544 2599 2759 3028
2600 2606 2747
2624 2656
