2830 210 2307 1985 2501 2504 1058 1041 351 1182 1896 355 2096 2313 742 30 53 1038 1557 2704 1657 984 79 1338 2886 1282 771 2408 2876 0 14 2301 48 2079 1869 402
1079 1868 1794 573 70 2697 697 80 1793 516 2070 597 1139 2746 2947 2709 2966 1685 1226 1860 1683 4 1437 2878 3038 754 496 1616 25 1830 1614 2646 489 471 392 57 730 42 1615 755 1835 2534 333 2804 331 1435 63 890 708 24 62 560 2093 707 1389 508 561 713 2016 1916 2013 1387 2964 1572 1952 2995 382 2624 2606 1953 2690 2940 11 1140 472 2696 729 2909 1368 2996 1574 1617 1356 2880 29 383 15 347
1219 841 994 2759 1668 1260 2177 2551 2544 1870 1081 1740 202 2131 1924 521 1555 251 230 938 976 131 1703 1546 192 2459 2441 2432 156 2086 1943 1842 2288 926 1816 2571 110 1725 353 778 1324 964 2174
598 2866 660 3019 46 878 127 2159 36 962 60 463 2991 2380 1112 691 1880 2860 324 1465 625 2012 1575 2805 16 360 19 2275 888 133 619 972 1818 495 2430 21 1102 2731
499 1194 2509 1832 1659 404 1397 2984 2956 2030 1253 2268 167 1647 2890 1986 2959 425 519 828 1814 1087 368 1203 788 1560 1982 1918 1192 1646 2078 2211 2676 2983 916 2259 71 2662 68 2673 1380 257 20 1915 2672 66 6 718 408 1089 469 1421 527 546 253 1983 1254 335 2889 1193 168 2295 41 2260 2671 1704 874 2939 780 2920 2960 447 1191 2900 873 32 2109 22 2426 372 1202 67 411 3005 429
1132 1503 397 1401 1713 991 2236 2302 2578 2403 2845 2490 1480 436 13 34 369 671 2766 1951 2590 2100 1236 1517 1802 154 1800 1611 1373 877 2286 981 318 28 49 1019 1272 1018 2846 395 1399 681 1026 692 2681 1258 2149 2444 3020 2396 2825 2007 320 1002 50 1888 2037 1146 2981 322 401 2692 2806 882 1864 52 799 1691 2820 1887 1222 2980 2168 2691 2389 72 2775 2837 2803 2480
1463 2415 303 1791 1759 2018 1288 209 2495 810 1278 2015 2258 1129 2801 1780 2424 2402 2847 2632 2633 611 846 1179 2014 777 2497 348 2254 1118 2401 2357 1137
308 1208 746 1702 1669 2231 2181 2999 2665 2985 2684 2929 263 144 37 1271 1375 1176 2943 2678 2452 64 531 3047 1114 2667 906 529 73 2893 1991 740 1588 2518 1 1346 108 2361 748
811 2130 518 1195 2764 102 929 1130 74 2556 3050 1500 2343 2778 2345 578 2318 2103 2077 2741 915 732 1286 2269 1920 2533 39 3011 2270 124 2993 2128 1069 358 637 635 1805 1841 2 1334 1490 620 2106 2242 44 2047 2938 2611 2760 398 2957 2213 1553 2580 2203 1984 1591 2750 1799 2567 932 2320 791 3008 2928 523 12 237 570 2603 417 33 642
710 654 1663 969 1856 461 2936 1400 290 1656 768 2215 18 2998 649 8 47 280 924 1476 3010 2789 213 682 1808 1650 1371 1592 2715 2137 1837 1662 2736 2323 2267 1755 31 1582 2257 1201 423 613 2894 1938 1394 27 59 189 76 1183 1303 2114 2057 908 421 502 1277 2720 1441 2767 534 544 2734 1170 751 2898 1750 1386 2661 1470 1111 850 145
2383 2232 1823 1345 2188 2926 930 2942 1945 272 942 2519 647 1854 2073 971 1895 2781 1843 2771 7 2516 329 602 1267 403 2180 600 225 1113 2817 940 2863 1936 1899 651 1340 2823 533 2815 254 2374 385 912 158 2435 121 274 38 719 78 747 2716 123 2032 1269 1326 3055 721 911 227 3045 2670
148 2418 1619 1312 2974 316 479 2273 2500 1218 1520 1944 629 1538 1444 1325 2061 1125 1570 1213 550 767 2470 2043 1088 203 2253 1311 1165 1584 728 1467 2669 1423 711
1329 2222 449 381 1186 1556 2241 330 2784 2802 2541 55 1377 468 2558 2464 483 975 723 599 2904 1489 1695 176 943 1652 2875 1419 2008 816 2726 26 452 1551 2903 2387 937 1323 2589 1865 1696 698 1910 69 122
617 1188 1716 2276 1879 2505 2158 298 2065 1927 1085 1348 1499 2958 1606 1395 1724 2794 818 2754 572 1956 332 2422 2184 2248 1099 1817 2229 1667 1067 609 1410 1995 231 834
2348 3036 109 2918 1055 574 688 2027 2438 693 1388 2290 3054 2948 179 2660 1701 1048 715 2329 1350 1240 1428 1760 731 2087 2641 547 743 2638 2912 2899 444 2186 1783 208 1537 865 1813 2066 2498 1903 342 453
2281 2082 2714 1390 276 2207 1252 569 99 1638 2023 668 1874 1256 2271 153 2457 847 1655 1498 3039 1255 1439 2554 646
1166 998 1737 2537 2884 424 576 1959 1748 2539 1366 588 1526 2937 1587 1739 758 467 2935 2502 2506 10 995 2842 655 455 232 1955 2407 23 1831 2872 1840 1528 1413 440 130 1279 1407 3044 1581
2969 1605 2315 141 380 2542 1516 151 2770 2046 1297 163 2765 592 774 2592 608 386 3033 223 2569 334 3041 1700 1376 1719 1496 233 2686 557 1798 2172 5 1758 1402 536 2306 2831 944 2810 898 895 2126 2850 1459 269 75
2127 2125 1070 321 1906 1785 2296 135 1313 3031 2010 2762 554 2666 552 591 2914 2763 822 2089 45 2614 590 1674 2095 464 720 1540 376
1446 2511 2439 1847 2768 2264 1752 781 323 2620 262 2376 2139 2428 1598 1453 2356 1942 2800 486 1809 783 2060 2651 1412 217 1385 1921 260 2973 1567 2927 1285 1810 2378 2867
1596 304 1068 1054 1914 466 526 2593 2615 2727 861 363 1629 442 2200 1580 1056 987 1457 197 953 2436 2748 2390 432 2372 985 315 703
1411 949 2521 1595 1141 1607 356 2327 35 1929 900 610 2811 2375 530 1347 1749 1210
1923 1365 3006 477 1558 2465 300 1732 993 3012 2565 892 2575 2321 862 77 2513 1544
2410 2626 1158 514 2922 113 2165 792 17 2970 2099 867 2244 294 2031 2124 1109 1251 415 2813 2621 1360 773 85 1886 838 40 3022 51 1681 2647 2636 2294 687 1372 1443 2555 1806 377 653 2785 1009 764 515 2809 1576 2747 2755 1965 1797 2280 2645 1230 1363 1623 1934
1761 1621 459 1095 750 3035 2524 955 349 2338 580 2791 2908 56 1214 734 787 2192 1093 1451 2712 2429 622 313 1342 1543 2931 2377 2988 126 2871 760 951 470 2474 3 535 699 650 1445 1216 1773
1306 238 1430 2067 1594 2197 2468 314 2496 1022 1442 1265 1637 9 844 2045 1472 310 2586 201 1462 2471 1161 2488 1092 2187 114 1309 2042 1052 1040 1633 101 1494 1970 1060
2617 1061 913 1449 2485 2071 656 1608 1425 2019 1243 450 1036 54 2887 1474 2610 286 2932
2406 2466 150 1765 1006 2664 83 839 1507 1378 2051 1030 1198 166 1950 2596 3013 1727 1527 2729 2792 2721 2818 426 409 1978 889 1330 596 2832 2365 1261 2358 1620 1415 414 1779 43 2530 639 2743 801 2994 2549 2547 1434 2514 919 2398 2609 3007 2883 2687 658
1643 140 1270 836 1677 149 1848 1958 2757 2355 1762 2482 1972 1495 142 1246 500 1075 1967 522 2394
1364 1209 813 1447 2227 181 1822 1525 1049 346 2520 2896 291 3056 465 3046 2833 446 918 493 2527 1593 1063 1051 1207 1912 2035 3048 2094 1433 2694 1531 826 2120
1497 2525 384 961 2642 854 2310 2208 831 1897 198 1152 1302 2190 999 1429 1989 864 434 226
394 1665 1706 1005 2783 607 1227 555 1431 2640 2888 875 790 435 65 2619 2703 112 1382 1101 92 2708 712 1884 1626 1962 1694 139 454 2916 1504 1310
612 2795 1015 2492 1826 1448 2053 506 1233 1241 58 245 581 2911 2483 1625 3025 643 497 2725 1917 2384 1294 507 2478 1177 1276 1857
553 3026 814 2798 1393 1333 1774 2844 2052 1119 212 696 2076 297 795 1697 532 2828 1396 673 2951 2074 556 2054 763 1867 2751 821 371 1597 690 1744 901 1231 2822 61 1229 695 636 1698 548 283 1228 480 2819 1391 1892 1940 1941 3024 2689 714 3049 240 2677 652 1291 685 2797 2953 978 1772 373 1742 2945 1289 1023 2853 1519 1891 967 492 2836 2944 1491 244 988
884 2427 1422 281 1922 1720 2982 159 1046 2987 2447 2915 1618 541 513 1417 2017 2950 2508 2059 3034 256
2529 917 1212 410 2679 904 2344 2171 3043 2503 2852 1427 1741 2097 88 248 1020 2962 2849 1416 3051 2548 2108 1631 2362 1398 1284 1283 2314 876 910 2573 117 391 2359 1964 2989 2657 2839 2454 128 1414 247 1154 2680 868 214 648 1789 566 2602 1135 2098
1475 1136 1259 2442 903 2976 1632 2835 1562 2440 2412 2393 2391 94 2711 974 155 165 1175 2523 216 2648 679 948 2919 2080
2941 1658 2826 1223 2226 1684 494 939 1037 1339 2923 2730 3040 2185 800 1124 292 2695 462 1200 2814 1775 927 430 2739 2925 2117
582 2068 1687 843 344 2564 1878 2882 1734 107 307 1268 700 2597 143 3009 328 946 1105 2841 909 1670 633
195 1151 2425 2156 1237 2906 2115 111 848 1327 1728 717 1280 1076 1699
1450 645 1863 2339 2563 676 3017 2129 954 2369 2287 2072 1477 872 1220 2532 2865 157 2216 1933 273 2698 2481 666 1029 243 1221 306 2796 2717 931 2550 1098 2758 2864 2183 766 305 1420 1890 2774 1317 902 2917 2140 2405 1534 379 603 1723
575 2167 2395 812 1998 1898 907 319 443 2461 2579 2385 2249 2449 2195 1064 2724 982 1801 1908 2153 1988 1711 1172 1344 3003 416
1511 235 1189 738 762 1262 1542 1679 1781 1142 270 1838 686 2198 990 2366 191 1930 1735
2674 1157 564 2675 120 1264 1630 2834 2710 2990 1721 670 1034 920 104 2986 2572 279 503 1032 478 680 2877 1370 250 2745 1266 1529 1889 2857 1163
336 1578 1966 960 1128 501 1947 2202 1804 1171 2299 419 2827 1678 1508 1078 2910
1014 2870 657 1184 413 134 1846 2075 2235 510 2193 476 2404 1751 1782 737 922 2630 1784 1866 1999 1028 1362 1769
827 559 1242 1766 1730 2507 2968 2574 1168 1047 374 1180 2304 2582 2064 2145 2210 2039 618
709 852 2552 2214 1902 2006 1926 2353 1121 2009 786 1824 451 2044 2469 1187 249 1502 3016
418 2786 833 1505 2628 1300 2777 1156 1883 1648 2812 933 103 1660 1515 91 3004 2848 186 1980 1705 1383 1885 2843 1518 2627 2655 1829 3042 1788 2644 2029 1777
337 856 2897 1045 1273 1307 2179 448 400 558 2838 2685 1792 2616 2683 2048 412 3053 258 199 2110 352 2325 2658 1545 2557 1144 204 2604 1977 457 661 860 2862 3014 1359
595 733 2368 222 1599 1882 2688 399 1786 1159 1454 2175 2347 2605 1963 577 2142 2133 794 2419
784 1948 2003 1455 2650 1604 1812 246 295 891 362 1082 1077 433 1027 2021 1969 1409 1641 1757 837 845 2256 2330
1464 2732 525 1332 2788 2263 2431 1821 2101 2954 1492 1185 485 2250 441 1731 1855 1123 2219
815 2189 1320 2022 343 341 605 1979 2050 2293 2491 549 236 2773 3023 1133 2977 1318 1825 296 2024 983 2992 2411 1815 2829 2456 2663 1827 886 1131 2311
170 2494 2134 1573 644 1795 2799 2178 950 952 669 2157 3021 2102 1205 1274 2277 2885 505 1532
1379 2682 220 2476 2152 2776 2397 1369 2949 3027 894 267 2446 278 756 2972 2289 2386 2238 86 2965 2169 2840 2772 2477 2693 808 2451 2105 2769 2322 2251 757 840 806
2308 634 956 1033 2858 1937 350 2155 702 2285 736 2479 1609 146 1522 1682 1478 824 1367 667 2409 2707 2434 268 2448
880 285 2445 2261 2622 136 2049 2413 1968 1090 2292 2291 1550 1050 2367 2221 284 1008 958 95 1666 2351 1639 996 1100 2083 187 2581 1074 1649 490 1708 966 1603 2536
1997 820 2902 185 1651 1206 1215 2895 299 1104 2560 1471 2147 437 2138 537 1178 1928 796 406 539 1167 1484
1468 2728 2300 2489 2005 3018 190 1127 2088 835 1341 2113 1466 1935 1432
1103 1473 1610 705 1174 2855 1143 1722 2971 2011 2566 859 1726 1586 1692 2360 1585 1164 264 2967 1853 1235
2143 1949 897 1634 2265 491 1811 2349 1994 1564 1025 1000 2975
1743 1946 1894 1627 769 2930 1244 1881 1011 1035 2816 1561 1563
2733 2228 674 2002 277 1012 689 1361 90 2859 2753 1676 1374 2062 1234 1120 1754 1016 2735 3029 2194 89 761 2752 722 2905 1232 458 2170
614 1296 1733 2305 2706 3015 1352 2034 923 354 520 538 1160 2283 119 1644 623 282 1990
2934 1913 866 694 2000 739 2577 1590 2414 242 1281 745 2252 512 2499 863
2874 928 115 1640 749 2234 1689 1828 2084 973 782 2433 193 542
2382 2423 1770 2892 357 1559 2463 439 1803 1521 1877 2337 1322 2538 219 1328
1436 2623 183 677 2163 2041 1859 1001 1153 1583 914 1602 1996 259 2584 2173 855
1053 2654 1600 2738 261 2639 1506 1717 2744 665 2335 2118 389 293 387 2649 752 364
606 1907 1147 562 2737 735 2090 2091 1469 1612 1392 968 921 2350 744 716 2701 205 1349 2824 1138 481 1535
2460 1709 632 2176 528 361 1249 2540 241 1197 2790 899 986 287 2595 1248 370
1844 396 871 1509 1552 407 224 2881 1624 2233 2588 3032 627 593
2262 977 1571 2612 775 1671 2568 1715 129 963 2199 1547 997 2324 1577 2328
935 2484 1290 2779 228 2851 2420 2705 936 1403 601 1919 428 1336 482 1080 498 1776 275 2371 630 631 524 339 2421
87 970 1787 604 2618 1110 1126 2635 1642 2979 2272 589 1384 138
2637 2373 1690 1287 194 2392 152 1245 431 2336 1096 1569 616 2808
770 1653 338 2854 317 2924 565 2036 1073 1224 2220 1975 1862 1718 182 1686 265 164 1106 965 2282 211 672 175 1225 704
2594 97 1976 2160 118 517 2807 2545 829 1820 1134 1043 809 173 883 2107 1873 2020
853 311 2135 215 2437 1849 2515 1693 2040 2856 1911 1083 1122 842 1321
1661 2510 1017 741 504 1893 81 218 2793 1145 1932 1196 1510 1044
941 2055 1438 1901 624 2334 1116 1162 2907 375 2901 484 234 1745 785 1875
2240 725 475 125 2274 2472 2342 1675 925 1066 2700 587 1358 2473 2354
626 2873 1292 753 1746 3030 1181 2978 2182 2861 2869 427 1852 1548 2326 1059
2111 162 1819 1354 1710 2205 184 2112 161 345 2921 2303 870 675 326 1554 2933 2346
1021 1939 980 1636 1086 1355 2154 180 2583 2209 2512 684 289
2025 378 2598 488 1071 1460 2297 2255 2526 2092 896 1299
2656 1549 2136 93 1150 2058 460 1304 2631 3052 2146 568 1909 1337 2652
1042 2317 96 803 551 1957 1097 1107 1094 2607 1688 2340 106 1482 1568 2668
1541 445 2151 1091 1190 1579 1353 567 2132 2913 2486 1973 1680 832 2230 1753
2218 583 2879 1778 1530 1406 2004 543 1729 2613 2033 1263 420 388
2363 1440 2997 1834 1981 1335 776 2719 1199 1836 1301 2056 858 659 2718 1654 2722 772
851 1513 1764 2517 1876 1316 1987 1308 366 2245 1408 2780 1217 2312 221 2162 438
887 1426 1533 2247 663 1314 1343 3028 1331 1424 2659 1031 2223 1833 1211
137 959 1673 992 1622 2381 2309 2740 2699 662 325 819 2868 2702 793 1115
1404 1319 989 579 1900 1858 1485 1057 2955 2119 100
1084 2166 229 2634 2458 2150 1062 1456 2081 1247 1452
2450 1013 2608 2462 1524 84 2782 727 759 2561 1565 393
172 2453 724 779 1003 1351 540 474 830 1239 2531 2237
2243 487 3000 188 957 1487 1628 1707 879 2629 1960 1807 2148
823 2341 701 1768 3002 2333 802 509 641 309 2713 1974 2723 2298 885 2742 825 2121
2399 1954 1483 2522 849 1108 390 105 2201 726 2599 2332 1738
571 2266 857 2559 1298 1905 584 1461 1117 1493 174
2749 1566 1767 2085 196 1488 1250 1173 206 1293 789 2562
2587 640 1357 1850 1479 2379 2416 1763 178 301 2161 621 1004 288
804 2212 2946 817 405 2352 563 1601 171 979 1024 1072 2570
2961 2455 869 2116 1635 807 1149 2370 1796 2206 3001
683 2001 1458 1295 1645 2063 2601 2553 1238 638
169 1418 2196 947 2104 1871 1169 2653 586 934 327 1664
2123 252 1839 1065 2141 1539 160 1613 1931 1851 82
255 2224 207 1992 2952 2591 147 615 422 545
1736 239 1747 664 1512 2144 1523 1381
456 2388 1861 2191 3037 945 473 1712 2069 98 2787
2443 893 2643 2279 881 1305 1672
2756 1405 1971 1756 2239 1589 200 1257 302 271
2963 594 2528 2028 1993 340 1275 2891 132 2625
1961 2164 1039 2284 1315 2400 805 1514 2319 1155
706 2278 177 2331 678 1925
1904 2475 1536 2122 1007 359 585 2493
2316 312 2417 2217 2761 116 1845
1501 1148 2204 2246 798 2546
797 1204 367 2576 2543 1790
1714 1481 905 2026 1486 1771
266 2600 365 2038
628 2487 2467 1872
2225 511 765 2821
2535
1010 2364 2585
