0 1 4 5 8 2056 1038 1039 1040 1041 2580 28 2077 31 2597 39 40 41 2604 2094 2096 2611 2099 52 53 2616 2617 2108 68 2629 2630 71 584 585 76 79 80 2644 2647 2652 2655 2656 2658 2659 2667 2678 119 120 2681 2682 123 124 2685 638 639 2176 2177 640 641 644 645 673 674 1196 1197 694 695 190 191 192 193 217 218 2271 1249 1250 745 746 755 2294 1797 1805 1806 2323 2836 1300 1301 279 280 281 282 1831 2346 2860 2861 2351 2870 2871 1337 1338 827 828 2884 2885 329 2892 2893 1356 1357 2894 2895 1889 1890 895 896 905 906 398 399 3005 1986 3012 3013 3014 3039 2528 2529 3042 3043 3052 2029 3053 3056 2549 2550 508 509
2 3 2051 2053 14 29 30 1055 544 33 34 37 42 2097 49 2103 2104 55 64 67 69 70 2118 2120 74 595 596 597 598 2151 2663 2153 1148 2692 2694 135 136 138 139 140 141 2195 2197 2709 1177 2714 2715 162 164 2729 2730 687 689 704 195 1220 1221 197 2246 2248 715 717 2259 2265 2777 219 2781 741 742 2280 2281 234 2803 2292 2293 2804 248 250 1282 2822 2318 2320 1809 1812 276 278 1817 1819 796 798 1824 1826 1835 1837 2873 2368 2880 1866 1868 333 335 2901 2902 2389 2920 2417 1914 1916 2954 914 2454 2970 2971 2463 2978 2979 1961 1963 2989 2478 2479 2996 1980 1982 2504 464 3025 466 3027 983 2013 2014 2015 2016
6 1545 11 15 528 1555 21 27 2589 2590 2078 2079 36 1064 43 48 560 567 56 1594 61 1603 75 77 83 1121 2662 105 622 643 2693 2701 2724 170 682 2735 692 2744 2748 707 1732 710 206 718 1744 1766 1768 235 251 257 2819 265 2828 1295 289 293 1323 2859 311 2365 319 2388 1367 352 354 2921 2414 2932 1403 2437 2951 2953 1418 1428 923 1440 1984 1985 2501 1479 2513 1491 986 2011 2012 3049
1025 516 7 10 531 20 22 2071 2073 26 38 44 47 559 54 66 73 78 91 94 97 2671 1649 1651 1662 1663 128 2686 131 663 1190 175 1714 1716 1207 2752 2754 708 709 713 2768 209 2771 727 2779 2784 1763 2789 1769 1777 1780 1271 252 2813 260 261 2823 2825 795 2843 1821 1822 2845 2848 802 291 2853 2854 808 810 1841 1843 1332 1340 318 2370 324 1862 1864 2383 848 1366 343 2401 1891 1380 1381 1892 878 1391 1393 887 1402 893 1413 2961 2456 2465 1447 2987 948 1461 3001 1466 3003 2493 1981 1983 1470 3009 3011 973 2516 2520 477 3045 3047 1516 494 1519 496 3055 2034 2036
2563 2564 9 2572 16 19 23 537 542 32 545 35 2596 1579 1580 45 46 2098 2100 2107 572 59 60 65 578 579 72 2123 2129 1106 1107 1108 1109 1622 2140 2146 612 2670 1163 652 1165 1685 1686 2711 2712 155 680 2217 2216 2731 2732 2222 2223 1711 2749 2243 2760 2761 2249 1232 1233 1234 1235 2774 2282 2283 2795 2796 2290 2291 1268 245 1270 2812 2302 768 770 771 2308 1798 1801 2855 1844 1855 2886 2889 336 1360 1364 1369 2914 2916 2917 2919 2930 884 2933 902 1929 1930 404 2972 2973 414 415 1442 2986 1964 943 945 444 1469 966 3019 972 3022 463 480 481 2532 485 2541 2033
522 523 12 13 2570 2571 17 18 24 25 1563 1564 1565 1566 50 51 1078 1079 1080 57 58 1081 62 63 1608 1609 1610 1611 1137 1138 1139 1140 1659 1660 125 126 129 130 1198 1199 2740 2742 2743 2745 194 196 199 200 2764 2766 2767 2769 2790 2791 239 240 1778 1779 764 765 766 767 2834 2835 2851 294 297 298 2878 2881 2883 1349 1350 330 331 843 2896 2897 851 852 1368 1886 1375 1376 1887 871 872 873 874 1911 1912 2938 2939 897 898 388 389 390 1415 1416 391 2949 2957 2958 1954 1955 2993 2994 1500 1501 1502 1503 2542 2543 1009 498 499 1010 1012 1011 2557 2558
1543 2057 2058 1056 2092 2093 1070 1593 2115 86 1119 2660 1124 613 104 616 617 624 625 646 648 651 2192 658 148 2718 2719 2722 2737 2225 698 2747 700 2750 1226 1227 1746 1236 1237 734 736 231 232 233 1790 2816 2826 269 1811 2324 1814 1305 1306 292 1834 1836 2352 305 307 831 325 1863 1352 1865 1355 1361 1362 2903 2904 344 345 2925 372 374 2935 1913 1915 2945 2946 2952 392 2956 1939 1940 921 411 1436 927 417 968 974 3029 3030 3037 3038 483
1024 2050 2052 2072 2074 546 568 2112 1629 2657 108 2668 1143 2680 121 2683 1149 2175 127 1164 1166 147 163 1201 1206 2237 1736 714 2250 207 2270 740 1772 751 758 247 262 263 778 779 1291 1297 2321 2838 2839 1816 1818 2850 2852 805 2341 807 2345 1325 1838 1839 1331 1336 1339 849 341 1386 1387 881 885 888 890 1404 894 2947 1422 910 911 2959 413 1956 1958 2984 2988 2991 2997 2999 3007 3010 470 486 3051 1517 3054 497 1023
1035 529 2579 2075 2595 2605 577 586 587 84 89 2661 1647 626 627 144 1681 1682 2707 2708 661 1683 1684 1184 2725 168 683 171 176 1712 2741 703 716 1230 1231 216 737 1767 2797 2798 1265 769 1803 793 295 2856 1833 1322 2864 2865 2358 822 1854 2879 2366 2887 2379 1363 1373 1374 2407 883 1407 1409 1410 402 1429 405 1431 924 2462 2976 2977 2476 2477 1975 1464 2489 963 3017 3020 2512 3032 3034 2531 2540 2032 1524 1526
1557 2095 2625 2626 2633 588 589 1613 2639 2645 2646 87 88 2651 96 2148 2161 2684 2696 146 2200 2713 154 153 2736 2234 1741 2772 236 748 238 750 2284 2801 2802 2285 2809 2811 2820 2314 2827 1807 1808 2840 1829 1830 2858 2357 2872 321 323 1867 1869 2386 342 855 857 1882 2395 1884 1372 2911 2912 356 2405 1894 358 1896 2420 1917 1919 2448 2964 2965 416 418 1957 1959 2983 2484 2485 2500 1483 1504 1522
2054 1032 532 2076 548 2602 2606 562 2101 2106 2117 2119 2126 2128 601 101 112 116 2687 1664 2180 2182 2700 150 668 158 2721 2728 1195 688 2739 1719 696 2765 2770 2778 2268 2269 1264 1781 249 2304 1281 2306 774 1799 1800 2317 271 2319 791 2337 2339 1317 2343 2344 1832 1845 1334 2877 832 2882 2890 850 1384 1406 1412 1420 913 932 1463 3008 3041 2530 3044 2533 3046 487 506 1533
2434 2691 1668 2948 1155 775 2699 142 526 656 2446 2706 917 2453 1694 2220 690 308 950 1208 571 2236 317 445 2367 2496 1989 2247 2376 592 1877 469 3031 1114 1757 739 998 2794 1136 757 1785 1274 637
2818 2442 781 1933 270 2576 788 406 1562 1948 2205 2975 2679 296 1967 434 2867 1077 441 315 1087 961 450 583 971 602 2523 2141 478 223 2021 230 1509 1257 1004 2924 373 1269 1398 1016 2170 2555 2303
384 387 1670 2697 1932 2445 1045 535 2716 1692 547 2424 809 937 2348 172 1326 2992 565 956 2751 1728 1857 1093 2373 3023 2514 2783 479 1377 2273 762 996 2020 102 364 505 2545 1783 2040 2937 2554
395 2063 1424 1423 1170 1043 786 1048 2335 1314 2212 677 1707 1708 2866 821 310 439 3002 2109 830 1215 576 1091 1096 845 2263 1370 347 95 3040 2913 1764 2279 1897 1130 1774 2673 242 1650 2295 1656 1405
1018 772 900 903 1544 267 268 2573 2831 1168 2193 2578 2962 2452 403 794 2168 2461 2846 287 288 801 2466 1189 2342 2727 1965 1071 177 309 1974 2102 825 2875 3004 705 322 1860 2244 455 1482 2898 2387 2899 85 2518 1623 211 468 858 2267 2780 2398 991 351 1505 2786 864 2149 2793 2538 1644 2926 2927 2415 1775 1909 1910 2551 2552 1658
1667 2568 2575 2068 1560 2457 2969 1947 2585 1952 160 1828 420 1703 1585 1073 1972 184 824 2746 447 1858 2375 2759 1607 457 1098 1876 1758 1246 866 1507 868 1639 2922 2546 1395 1014 381 2814 383
2562 514 1540 2705 2067 789 1815 2455 2586 2330 1179 1058 1572 1060 2598 1319 933 1449 1193 939 1329 185 2753 2369 3018 1996 2000 340 2517 1497 1881 2782 2275 2537 1392 114 2418 1908 2038 253
259 901 264 520 1417 521 1033 1549 527 1551 657 2065 2704 664 1178 2331 1054 2080 1848 2876 958 2623 834 1475 1477 2631 1999 593 723 2643 3036 2277 2157 2288 2805 1655 1528 1657 1530 636 510
2432 2433 1159 776 777 1161 1160 908 909 1162 1935 1936 1937 1938 2451 2960 1425 1426 412 800 1825 1827 2981 2982 1960 1962 301 302 1709 1200 1586 1591 1592 1335 3000 2487 443 2361 712 2888 2891 461 1102 1103 1104 1105 337 846 2906 2907 220 348 349 1626 1632 1247 482 1378 1379 1252 1633 2664 2665 876 2669 2030 2031 1776 1394 1396 1627 1661 2942 2943
515 1925 2440 780 2829 2191 1554 1171 1044 1556 1174 2459 2332 1950 675 300 1969 954 1853 1092 2758 711 1743 1488 1745 1490 2392 222 994 2147 1765 1126 3048 1131 2412 2929 1399 1400 254
1665 2690 1673 650 401 2582 922 1435 541 1309 2215 427 2224 1584 1202 563 182 697 569 1725 1597 1216 1856 2114 836 458 203 3021 82 725 1111 1756 1773 2799 2544 376 2042 2940 1278
2689 1411 1671 2328 1308 925 1438 1567 2208 2083 678 2474 2863 1459 2228 570 1851 1084 1217 1346 1731 1602 2121 1742 2002 338 1239 1495 346 2394 221 1122 611 1390 2287 2931 2047
2817 899 1414 137 1552 2837 1687 1175 1304 1050 290 2723 2980 165 1069 2350 432 1457 180 566 2231 1976 1344 1476 581 837 2507 2381 720 1748 1493 729 1245 2018 1127 2408 629 2807 1529 1786
2561 1538 1926 2950 1679 1046 790 2584 1182 806 681 1578 299 1203 2235 2241 1094 2511 978 2003 2260 853 2905 1754 2266 2908 2787 743 2152 2154 1003 2413 1135 113 1907 2163 246 2169 2044 1277
1408 1283 2435 1157 1927 784 2963 1176 283 540 2717 1575 2990 1456 1588 1210 1852 451 1734 2503 1481 204 1101 1492 980 2390 2391 2776 473 98 1634 1128 1385 2410 368 501 2934 1276 1535
1158 2066 275 1813 157 2090 2347 2480 433 313 955 1471 1348 582 840 2509 1615 721 1620 2005 1241 1625 990 2019 2276 995 2409 1520 2416 760 2810 891 1150
2560 2307 1542 2567 394 1042 151 1574 815 1971 183 312 1720 1342 1601 1090 1474 969 1485 590 2261 982 1243 733 2145 2918 362 1643 2156 1261 241 1906 2676 1654 635
1034 2062 2702 1310 671 2593 2468 2086 2607 2610 178 438 951 1467 446 706 1219 964 2762 1616 1878 2008 2521 2009 728 2534 2023 999 103 753 756 1141 1525 122
1920 386 258 518 2695 1288 1290 2444 272 2322 2423 2209 934 936 425 426 429 430 173 1074 1075 1076 1918 2105 314 316 2238 2756 2757 1222 1223 2372 1224 1225 2502 2130 2397 605 606 2909 865 2910 227 228 867 614 615 1001 1134 2165 2422 759 761 380 382
1921 2049 1156 2310 2441 649 2188 1810 1942 1061 2472 424 1966 1460 328 1993 205 2255 1873 210 977 2132 1759 607 1901 493 237 369 500 2428
1922 1539 1286 2439 2189 409 1571 941 1968 2354 1718 1847 957 1598 575 835 975 726 2264 2650 90 226 1254 1640 488 618 1770 1903 2160 1015 2426
2566 2569 393 1021 2325 1302 1307 2353 1970 1458 818 1973 1600 833 1859 1353 1358 462 724 1494 1642 619 621 882 2547 2296 2173 1022
2309 2447 2064 1172 1943 1315 555 437 186 1214 2627 838 1994 2634 2635 2638 719 1872 2256 2131 1112 2396 862 2278 1002 1132 1133 367 2421 2430
1669 892 1680 534 1690 1691 2081 2621 2624 1729 1345 2240 2628 320 2124 3028 1238 2775 1753 1382 107 363 492 877 2289 1782 763 2172 1789
1666 1796 1674 2060 2581 2069 2588 1180 1823 1186 931 2470 2600 2171 1454 2608 691 179 181 693 1724 2498 1987 1351 1998 2007 2136 1755 484 875 1007 2043
255 1931 1421 2574 783 1296 2577 1298 2070 408 2329 1946 2587 1820 1949 669 2230 1465 1979 1083 1085 2494 452 1099 1740 2001 594 859 889 225 1506 2553 2431
2048 1153 1154 1049 539 672 2214 2473 2733 431 952 2622 959 580 1097 2378 201 2251 2252 2640 2641 1875 467 2773 2137 2522 229 1000 2024 1902 2429
2436 2311 1676 525 655 918 538 1313 1320 1450 561 2619 1212 2364 1726 448 1992 202 842 2636 2637 1870 2133 1498 1115 2653 1118
1029 907 1427 2583 2844 159 799 1311 676 1192 174 2609 1587 820 1205 2359 2492 1990 1100 2510 214 472 2672 1267 886
1804 2194 2336 2849 1316 166 2219 1710 826 2755 212 1365 93 2785 1761 2666 2923 1263 2928 2674 2675 375 377
1795 1527 2184 1675 524 1036 654 1550 1169 785 2833 2199 2974 1312 2599 1451 1067 2355 440 1213 1727 1995 1484 1359 1879 1499 987 353 2535 1129 2155 631
2688 385 1419 2703 2966 2967 2203 1439 1568 1441 1570 1699 1700 419 1701 1702 558 564 699 2239 2116 198 1618 1619 1621 3033 603 604 3035 863 355 869 1510 1383 1512 1013 2167 2936 1145 1146 379
396 1934 2592 2082 2211 2085 1452 944 2614 823 2360 1487 985 731 2142 2915 2027 1900 1259 2286 110 747 1905 243 1147 2556 2559
2055 2824 2698 1167 1688 2207 423 435 2356 947 573 3006 2495 2497 1089 1733 1991 456 2127 2384 465 1110 359 365 495
513 1026 642 132 536 667 2847 2091 2481 2227 2615 1721 1596 960 1218 1347 1880 1240 1117 2144 2536 1256 2028 2174
2305 1173 410 1448 2985 2349 303 953 1722 1343 1604 327 2506 1871 1617 2134 1750 1496 475 1244 1631 993 2017 2403 1636 1125
512 2059 916 666 2333 2471 935 2601 1321 1194 557 946 819 188 701 1988 1478 1997 2900 981 2135 1904 504 2427
134 1928 1672 782 2196 277 407 2968 2458 1953 2338 549 428 1327 1589 1717 2362 1211 449 1730 1606 2515 224 1638 2411 1006 2166 1275
1536 1924 2187 145 1303 1185 1576 2089 2857 812 2483 2613 2998 1849 1850 2393 1760 608 1248 2026 106 2158 628 1652
1030 1546 1697 1698 1059 1445 550 167 552 169 1065 940 942 1455 1713 2868 2869 1723 326 1228 1229 1486 81 213 215 1893 1895 1388 1389 1262 1266 2035 371 2037 1523 1791
1152 2179 773 2181 2830 2832 2202 1051 2204 1053 670 161 2995 1086 1088 2242 1861 1354 2763 332 334 208 2139 992 2150 2792 2539 620 366 752 754 115 2941
2185 1020 1678 1689 2460 1951 2088 811 2482 2111 970 2508 2006 1751 735 100 879 503 2297 1787 1788
256 1923 2312 2186 2061 2190 1293 919 797 1181 2469 1324 2491 839 2632 2505 967 1614 722 854 1628 609 738 880 2298 1532
2944 2565 2438 2955 1292 400 274 660 1941 1558 2201 2467 421 2726 2603 2862 459 2382 847 2519 2138 1371 476 989 1123 2788 357 3050 2677 2425
1057 803 1028 2404 1191 266 143 1521 2385 979 2419 792 2806 856 2649 2010 1883 2045
1696 2113 679 2183 860 2443 3026 1747 2004 1653 1752 2233 1242 156 2143 1279
2340 2022 519 1066 2475 2218 1677 684 623 2800 1430 2198 1272 665 1595 2524 2046 511
2315 2316 2841 2842 284 285 286 1444 551 553 1738 1739 3024 984 1630 1888 99 1515 1518 370 2548 1397 1019
1280 2326 2334 1443 2213 1204 949 1209 1624 2654 2527 2274 997 1513 1898 633 117 2039 1273
2210 2084 1432 870 1706 1899 686 304 817 1330 1299 2229 2232 1977 1978 1468 2526 2591
133 647 1511 2377 554 491 1037 1645 2159 591 1874 1846 1531 634 187 1341 1437
2720 1187 965 599 744 2122 653 1582 2734 1648 2738 2327 920 1433 2874 1144 926
930 1251 1255 1771 460 397 813 912 1008 244 118 1561 2620 2525 702 2399
471 1095 1480 1258 2490 1489 1553 787 659 915 2262 1047 630 1462 442 988 2301
1473 2402 2371 1027 1284 610 962 732 489 2380 1840 1842 2300 533 92
2272 1537 904 574 938 1514 1547 1577 2226 149 1590 2041 1116 2110
1635 3015 3016 1704 1802 1646 1072 2450 2642 2486 1559 2808 1401 2618 2363
928 1472 1120 1793 1082 2025 2253 1434 306 2612 1944 378 350
453 422 1287 490 1453 2221 273 2815 2710 1113 2206 1695
2499 1541 1573 454 1641 1599 1583 2164 2488 507 1151
2400 929 2594 1794 1508 2406 2087 360 1063 1068 749 1784 1693
2821 556 109 1005 2162 152 1017 2299 1052 189
804 1062 1446 1289 841 1581 2254 530 1945
1569 1253 1031 814 1328 2257 662 1142
1792 1637 1605 2374 1285 1548 1260 2449 436
1318 543 2125 1715 2648 1885 1183
517 1737 1612 685 632 730 1534
2464 2178 2245 861 976 829
1762 1735 1705 339 502
1188 361 2313 816 2258
844 1749 111
600 474
1333
1294
