0 1 4 5 8 28 31 39 40 41 52 53 68 71 76 79 80 119 120 123 124 190 191 192 193 217 218 279 280 281 282 329 398 399 508 509 584 585 638 639 640 641 644 645 673 674 694 695 745 746 755 827 828 895 896 905 906 1038 1039 1040 1041 1196 1197 1249 1250 1300 1301 1337 1338 1356 1357 1797 1805 1806 1831 1889 1890 1986 2029 2056 2077 2094 2096 2099 2108 2176 2177 2271 2294 2323 2346 2351 2528 2529 2549 2550 2580 2597 2604 2611 2616 2617 2629 2630 2644 2647 2652 2655 2656 2658 2659 2667 2678 2681 2682 2685 2836 2860 2861 2870 2871 2884 2885 2892 2893 2894 2895 3005 3012 3013 3014 3039 3042 3043 3052 3053 3056
2 3 14 29 30 32 33 42 43 61 69 70 72 73 109 110 111 112 135 136 138 139 140 141 161 162 163 164 219 220 595 596 597 598 620 621 632 633 686 687 688 689 704 741 742 844 845 901 913 914 1116 1220 1221 1263 1264 1351 1809 1811 1812 1814 1829 1830 1834 1835 1836 1837 1939 1940 2013 2014 2015 2016 2034 2035 2036 2037 2092 2093 2095 2104 2105 2115 2116 2117 2118 2225 2226 2290 2291 2292 2293 2301 2302 2303 2304 2352 2353 2618 2619 2637 2645 2646 2648 2649 2657 2700 2701 2714 2715 2718 2719 2724 2725 2728 2729 2746 2747 2945 2946 2947 2948 2956 3017 3019 3020 3022 3037 3038 3048 3049
6 7 21 22 36 37 44 45 54 74 75 82 83 84 85 96 97 170 171 174 175 235 236 237 238 323 324 418 476 477 492 493 494 495 607 608 847 848 877 878 1363 1378 1379 1380 1381 1403 1404 1407 1408 1444 1445 1446 1447 1515 1516 1661 1662 1732 1733 1734 1735 1749 1750 1776 1777 1824 1825 1826 1827 1840 1841 1842 1843 1891 1892 1984 1985 2050 2051 2052 2053 2057 2058 2078 2079 2357 2371 2372 2373 2374 2402 2403 2466 2467 2501 2502 2503 2504 2506 2507 2518 2519 2666 2686 2687 2754 2755 2764 2765 2768 2769 2776 2777 2784 2785 2845 2849 2850 2851 2854 3006 3007 3044 3045 3050 3051
9 15 16 23 34 35 46 47 57 58 66 67 155 336 337 338 339 461 479 480 481 482 536 537 594 652 653 680 681 768 769 770 789 790 846 883 884 963 964 965 966 1082 1083 1084 1085 1183 1184 1185 1186 1200 1201 1335 1336 1360 1366 1367 1369 1468 1469 1557 1558 1644 1645 1658 1775 1800 1801 1854 1855 1911 1912 1974 1975 2106 2107 2143 2144 2145 2146 2206 2207 2208 2209 2259 2260 2261 2262 2269 2270 2344 2345 2540 2541 2557 2558 2578 2579 2726 2727 2766 2767 2788 2789 2824 2825 2887 2888 2889 2890 2896 2897 2938 2939 2961 2962 3003 3004
10 11 19 20 24 25 48 49 55 56 125 127 128 130 160 165 211 212 287 288 289 290 350 351 352 353 496 497 566 568 569 571 630 631 642 643 675 771 772 825 826 893 894 902 903 989 990 991 992 1068 1069 1070 1071 1123 1124 1206 1207 1339 1340 1354 1355 1368 1375 1376 1415 1416 1484 1485 1486 1487 1549 1550 1551 1552 1596 1597 1659 1660 1778 1779 1795 1796 1860 1861 1909 1910 1941 2538 2539 2551 2552 2565 2748 2749 2792 2793 2830 2831 2832 2833 2846 2858 2859 2898 2899 2926 2927 2934 2935 2944 2955
12 13 17 18 38 50 51 62 63 99 100 126 129 200 239 240 269 270 330 331 386 387 462 463 498 499 522 523 646 647 764 765 766 767 831 832 843 851 852 871 872 873 874 897 898 1009 1010 1011 1012 1020 1021 1137 1138 1139 1140 1198 1199 1306 1307 1349 1350 1504 1505 1514 1612 1613 1746 1802 1886 1887 1888 1954 1955 2356 2395 2396 2401 2447 2448 2465 2505 2520 2542 2543 2548 2570 2571 2690 2691 2790 2791 2828 2829 2834 2835 2837 2838 2949 2957 2958 2985 2986 2993 2994
26 27 59 60 64 65 87 88 103 108 245 246 342 343 1372 1383 1384 1419 1420 1424 1425 1589 1590 1591 1592 1624 1625 1626 1627 1663 1664 1708 1709 1780 1781 1929 1930 1964 1965 2563 2564 2572 2573 2664 2665 2668 2669 2855 2886 2891 2906 2907 2920 2921 2942 2943 2952 2959 2960 2981 2982 2999 3000
77 78 81 86 95 98 172 173 1377 1382 1405 1406 1823 1828 2660 2661 2674 2675 2683 2684 2901 2902 2903 2904 2928 2929 2932 2933 2953 2954 3032 3033 3034 3035
89 90 91 92 104 105 106 107 143 144 145 146 153 154 176 177 402 403 416 417 586 587 588 589 609 610 879 880 1364 1365 1421 1521 1522 1685 1686 1710 1711 1790 1798 1799 2011 2012 2032 2033 2100 2101 2109 2110 2178 2179 2180 2181 2589 2590 2595 2596 2676 2677 2864 2865 2868 2869 2878 2879 2882 2883
93 94 113 114 206 209 1807 1808 1810 1813 1821 1822 2662 2663 2670 2671 2880 2881 2909 2910 2911 2912 2940 2941 2964 2965 2966 2967 2995 2996
101 102 117 118 221 222 233 234 299 300 301 302 520 521 578 579 983 984 1032 1033 1281 1282 1386 1387 1388 1389 1527 1528 1529 1530 1695 1696 1697 1698 1736 1737 1738 1739 1816 1817 1818 1819 1866 1867 1868 1869 1893 1894 1895 1896 2153 2154 2155 2156 2182 2183 2184 2185 2280 2281 2282 2283 2319 2320 2321 2322 2694 2696 2697 2699 2801 2802 2803 2804 2819 2820 2821 2822 2872 2873 2876 2877 3024 3025 3026 3027
115 116 121 122 156 157 158 159 247 248 249 250 332 333 334 335 392 393 486 487 709 710 773 774 849 850 899 900 985 986 987 988 1034 1035 1036 1037 1295 1296 1297 1298 2054 2055 2147 2148 2313 2314 2602 2603 2624 2625 2650 2651
131 132 133 134 178 179 180 181 260 261 262 263 291 292 340 341 425 426 429 430 603 604 605 606 841 842 863 864 865 866 1001 1002 1003 1004 1222 1223 1224 1225 1255 1256 1257 1258 1882 1883 1884 1885 2404 2405 2484 2485 2493 2494 2626 2627 2708 2710 2711 2713 2806 2808 2809 2811 2818 2823
137 142 186 187 188 189 223 224 225 226 400 401 707 708 911 912 1165 1166 1167 1168 1539 1540 1541 1542 1728 1729 1730 1731 2251 2252 2360 2449 2450 2525 2900 2905 3001 3002
147 148 149 150 151 152 227 228 231 232 307 308 311 312 354 355 457 458 459 460 532 533 534 535 614 615 616 617 931 932 1098 1099 1361 1362 1442 1443 1579 1580 1935 1936 1937 1938 2127 2128 2129 2130 2220 2221 2222 2223 2305 2306 2307 2308 2709 2712 2756 2757 2760 2761 2770 2771 2774 2775 2914 2916 2917 2919 2930 2931
166 167 168 169 184 185 213 214 215 216 294 297 372 374 375 377 624 625 626 627 648 649 676 677 1401 1402 1838 1839
182 183 194 199 344 345 346 347 348 349 410 411 668 791 1370 1371 2672 2673 2750 2751 2826 2827 2841 2842 2908 2913 2983 2984 3029 3030
195 196 197 198 275 276 277 278 464 465 466 467 478 483 859 860 861 862 1056 1057 1058 1059 1157 1158 1159 1160 1226 1227 1228 1229 1803 1804 2358 2359 2397 2398 2399 2400 2414 2415 2416 2417 2451 2452 2453 2454 2476 2477 2478 2479 2730 2732 2733 2735 2778 2780 2781 2783 2970 2971 2972 2973
201 202 203 204 229 230 241 242 243 244 313 314 315 316 317 318 1901 1902 1903 1904 2046 2047 2048 2049 2752 2753 2779 2782
205 207 208 210 283 284 285 286 295 296 309 310 368 369 370 371 658 659 975 976 977 978 1026 1027 1117 1118 1287 1288 1289 1290 2149 2150 2151 2152 2172 2173 2267 2268 2315 2316 2317 2318 2342 2343 2688 2689 2950 2951
251 252 253 254 293 298 443 444 572 573 600 876 907 908 1352 1353 1417 1418 1422 1423 1628 1629 1630 1631 1913 1914 1915 1916 1960 1961 1962 1963 2631 2632 2640 2641
255 256 257 258 378 379 380 381 419 420 516 517 518 519 544 545 705 706 1072 1073 1195 1334 1740 1741 1844 1845 2422 2423 2424 2425 2532 2533 2695 2698
259 264 394 395 396 397 439 440 441 442 567 570 612 613 2210 2211 2212 2213 2229 2230 2231 2232 2679 2680 2812 2813 2866 2867
265 266 267 268 319 320 321 322 622 623 1373 1374 1409 1410 1411 1412 1478 1479 1480 1481 1545 1546 1547 1548 1594 1595 1681 1682 1683 1684 1791 1792 2385 2386 2418 2419 2436
271 272 273 274 360 361 362 363 427 428 650 651 891 892 1815 1820
303 304 305 306 488 489 490 491 601 602 867 868 869 870 1013 1014 1054 1055 1147 1148 1391 1393 1394 1396 1399 1400 1510 1511 1512 1513 1553 1554 1555 1556 1699 1700 1701 1702 2161 2162 2190 2191 2284 2285
325 326 327 328 500 501 502 503 713 715 716 718 775 776 777 778 779 780 1426 1427 1632 1633 1634 1635
356 357 358 359 599 875 1019 1299 1385 1390 1448 1449 1450 1451 1636 1637 1638 1639 2297 2298 2354 2355 2375 2376 2377 2378 2457 2458 2459 2460 2758 2759
364 365 366 367 504 505 506 507 714 717 817 818 941 942 943 944 1230 1231 1232 1233 1247 1248 1358 1359 1917 1918 1919 1920 2030 2031 2762 2763 2786 2787 2922 2923 3015 3016
373 376 406 407 408 409 431 432 433 434 904 933 934 935 936 1593 1931 1932 1933 1934 2025 2026 2027 2028 2295 2296 2299 2300 2324 2325 2915 2918
382 383 384 385 731 732 733 734 805 806 807 808 809 810 813 814 815 816 1464 1465 1466 1467 1559 1560 1561 1562 1646 1647 1648 1649 2795 2796 2797 2798 2976 2977 2978 2979
388 389 390 391 550 551 552 553 739 740 829 830 1074 1075 1076 1077 2021 2022 2023 2024 2135 2136 2200 2201
404 405 412 413 414 415 484 485 542 543 945 946 947 948 1108 1109 1110 1111 1234 1235 1236 1237 1269 1270 1271 1272 1585 1586 1587 1588 1712 1713 1714 1715 2369 2370 2430 2431
421 422 423 424 453 454 455 456 660 661 662 663 1392 1395 2137 2138 2214 2215 2383 2384 2731 2734 2772 2773
435 436 437 438 618 619 669 670 671 672 957 958 1862 1863 1864 1865 2097 2098 2224 2379 2380 2381 2382 2432 2433 2434 2435 2437 2438 2816 2817 2856 2857 2936 2937
445 446 447 448 468 469 470 471 727 728 729 730 959 960 961 962 1112 1113 1114 1115 1153 1154 1155 1156 2622 2623 2635 2636
449 450 451 452 590 591 592 593 909 910 1022 1023 1265 1266 1267 1268 1519 1520 1716 1717 1718 1719 1942 1943 1944 1945 2080 2081 2082 2083 2847 2848 2975 2980
472 473 474 475 735 736 737 738 967 968 969 970 1100 1101 1102 1103 1119 1120 1474 1475 1476 1477 1581 1582 1583 1584 1747 1748
510 511 512 513 580 581 582 583 915 916 917 918 1133 1134 1135 1136 2102 2103 2119 2120 2121 2122 2235 2236 2237 2238 2363 2364 2530 2531 2702 2703 2706 2707 3031 3036
514 515 611 678 679 711 712 800 923 924 925 926 1121 1122 1322 1323 1324 1325 1438 1439 1440 1441 1602 1603 1763 1764 1765 1766 1832 1833 2075 2076 2113 2114 2332 2333 2605 2606 2720 2721 2722 2723 2738 2739 2740 2741 2744 2745 3010 3011 3040 3041 3054 3055
524 525 526 527 785 786 787 788 919 920 921 922 1253 1254 1397 1398 1432 1433 1434 1435 1706 1707 2969 2974
528 529 530 531 682 683 684 685 747 748 749 750 1413 1414 1618 1619 1620 1621 1956 1957 1958 1959 2071 2072 2073 2074 2233 2234 2516 2517 2987 2988 2991 2992
538 539 540 541 654 655 656 657 927 928 929 930 1191 1192 1193 1194 1436 1437 2365 2366 2367 2368 2461 2462 2463 2464 3018 3021
546 547 548 549 751 752 753 754 881 882 885 886 1024 1025 1149 1150 1151 1152 1330 1331 1332 1333 2171 2852 2853
554 555 556 557 664 665 666 667 937 938 939 940 1452 1453 1454 1455 1517 1518 1995 1996 1997 1998 2067 2068 2069 2070
558 559 560 561 690 691 692 693 756 757 758 759 1141 1142 1143 1144 1761 1762 2638 2639 2653 2654
562 563 564 565 696 697 698 699 760 761 762 763 1145 1146 1316 1317 1428 1429 1430 1431 1614 1615 1616 1617 1767 1768 1769 1770
574 575 576 577 700 701 702 703 1125 1126 1127 1128 1273 1274 1275 1276 1604 1605 1606 1607 2334 2335 2336 2337 2963 2968
628 629 801 802 803 804 823 824 887 888 889 890 1177 1178 1246 1650 1651 1652 1653 1759 1760 1980 1981 1982 1983 2455 2456 2486 2843 2844 2997 2998
634 635 636 637 781 782 783 784 971 972 973 974 1086 1087 1088 1089 1563 1564 1565 1566 2253 2254 2255 2256 2286 2287 2288 2289
719 720 721 722 953 954 955 956 1090 1091 1092 1093 1608 1609 1610 1611 1705 2326 2327 2716 2717
723 724 725 726 949 950 951 952 1094 1095 1096 1097 1622 1623 2243 2244 2245 2246 2989 2990
743 744 811 812 1456 1457 1458 1459 1575 1576 1577 1578 1846 1847 1848 1849 1921 1922 1923 1924 2512 2513 2514 2515
792 793 794 795 1470 1471 1472 1473 1567 1568 1569 1570 2139 2140 2141 2142 2202 2203 2204 2205 2263 2264 2265 2266
796 797 798 799 979 980 981 982 1251 1252 1905 1906 1907 1908 2410 2411 2412 2413
819 820 821 822 993 994 995 996 1042 1043 1044 1045 1496 1497 1498 1499 2257 2258
833 834 835 836 997 998 999 1000 1046 1047 1048 1049 1654 1655 1656 1657 1720 1721 1722 1723 2642 2643
837 838 839 840 1028 1029 1030 1031 1259 1260 1261 1262 1492 1493 1494 1495 1687 1688 1689 1690 2406 2407 2408 2409 2489 2490 2491 2492 2807 2810
853 854 1005 1006 1007 1008 1064 1065 1066 1067 1161 1162 1163 1164 1506 1507 1508 1509
855 856 857 858 1500 1501 1502 1503 1897 1898 1899 1900 1976 1977 1978 1979 2553 2554 2555 2556 2574 2575 2576 2577 2814 2815
1015 1016 1017 1018 1050 1051 1052 1053 1304 1305 1523 1524 1525 1526 1703 1704
1060 1061 1062 1063 1179 1180 1181 1182 1850 1851 1852 1853 2059 2060 2061 2062 2131 2132 2133 2134 2328 2329 2330 2331 2800 2805 2874 2875
1078 1079 1080 1081 1283 1284 1285 1286 1460 1461 1462 1463 1742 1743 1744 1745 2420 2421 2499 2500
1104 1105 1106 1107 1302 1303 1598 1599 1600 1601 1724 1725 1726 1727 2111 2112
1129 1130 1131 1132 1277 1278 1279 1280 1482 1483 1946 1947 1948 1949 2042 2043 2044 2045 2216 2217 2218 2219 2742 2743
1169 1170 1171 1172 1202 1203 1204 1205 1488 1489 1490 1491 1793 1794 2272 2273 2274 2275
1173 1174 1175 1176 1208 1209 1210 1211 1669 1670 1671 1672 2163 2164 2165 2166 2174 2175
1187 1188 1189 1190 1535 1536 1537 1538 1751 1752 1753 1754 2186 2187 2188 2189
1212 1213 1214 1215 1341 1342 1343 1344 1531 1532 1533 1534 2276 2277 2278 2279 2347 2348 2349 2350 2628
1216 1217 1218 1219 1345 1346 1347 1348 1543 1544 1999 2000 2001 2002 2361 2362 2620 2621
1238 1239 1240 1241 1308 1309 1310 1311 1691 1692 1693 1694 1755 1756 1757 1758 2123 2124 2125 2126 2192 2193 2194 2195 2704 2705
1242 1243 1244 1245 1312 1313 1314 1315 2017 2018 2019 2020 2063 2064 2065 2066 2443 2444 2445 2446
1291 1292 1293 1294 1571 1572 1573 1574 1665 1666 1667 1668 2426 2427 2428 2429 2468 2469 2470 2471
1318 1319 1320 1321 1856 1857 1858 1859 1970 1971 1972 1973
1326 1327 1328 1329 1640 1641 1642 1643 1673 1674 1675 1676 1966 1967 1968 1969 1987 1988 1989 1990
1677 1678 1679 1680 1786 1787 1788 1789 2003 2004 2005 2006 2088 2089 2090 2091 2196 2197 2198 2199 2227 2228
1771 1772 1773 1774 1870 1871 1872 1873 1991 1992 1993 1994 2544 2545 2546 2547 2581 2582 2583 2584 2794 2799
1782 1783 1784 1785 2239 2240 2241 2242 2534 2535 2536 2537 2612 2613 2614 2615
1874 1875 1876 1877 1950 1951 1952 1953 2157 2158 2159 2160 2633 2634
1878 1879 1880 1881 2007 2008 2009 2010 2391 2392 2393 2394
1925 1926 1927 1928 2247 2248 2249 2250
2038 2039 2040 2041 2387 2388 2389 2390 2526 2527
2084 2085 2086 2087 2439 2440 2441 2442 2521 2522 2523 2524 2692 2693
2167 2168 2169 2170 2559 2560 2561 2562 2566 2567 2568 2569
2309 2310 2311 2312 2736 2737 2839 2840 3023 3028
2338 2339 2340 2341 2472 2473 2474 2475
2480 2481 2482 2483 2495 2496 2497 2498 2862 2863
2487 2488
2508 2509 2510 2511
2585 2586 2587 2588 2598 2599 2600 2601
2591 2592 2593 2594 2607 2608 2609 2610
2924 2925
3008 3009 3046 3047
