81 179 229 228 415 777 697 825 4 305 304 1965 1839 2032 1963 2034 1838 1840 2729 1956 1958 3049 925 1269 926 1172 2303 2237 1434 1435 1716 2115 123 239 240 923 425 786 1145 1271 2353 339 438 837 1202 821 189 1143 342 1349 924 1170 1358 1792 440 651 658 886 1401 700 1203 1350 1663 1778 819 1386 1387 1359 1614 1629 125 627 739 889 334 822 824 1809 2116 2248 128 795 2271 2346 1812 2994 3009 3047 11 655 2657 2701 2702 2706 2948 3001 1841 2093 335 2720 2721 2744 2958 2959 2999 3014 19 20 2697 2747 2982 2996 2094 2745 3056 2725 2746 2985 22 45 63 73 33 44 64 80 79 30 70 29 1986 2078 1985 2079 1805 3013 6
121 187 423 237 785 238 699 836 10 274 319 2531 2036 1834 1835 2570 1954 2596 913 2616 2648 1255 1340 83 231 181 1627 2363 1433 1129 2489 2638 2450 2525 86 230 1432 1612 1714 2447 158 643 2619 2641 2656 1660 1777 2465 2518 1802 2356 145 236 626 637 742 1412 698 826 1197 2644 296 855 1410 1806 417 778 1152 1355 1791 2618 151 596 2357 2655 615 1374 2528 914 2364 161 818 1402 1961 2530 2573 25 2092 40 16 38 5 28 39 1984 2077 2580 2611
147 377 547 442 416 611 359 709 1672 1753 1878 1921 1972 2188 681 1211 1275 2440 2534 1142 1758 1677 750 1073 1259 776 648 1488 1563 1187 2409 1631 1112 2122 1238 1345 2442 1570 2178 2371 1900 1849 1483 669 2158 2562 966 1015 1326 2126 810 1281 1628 1748 2111 2175 1949 2452 768 2015 2590
163 194 510 241 834 872 218 683 504 2474 610 1782 1967 2064 1701 2043 2232 2581 1265 526 1148 635 553 954 1205 1000 2127 1581 247 2020 2348 918 2010 1539 912 2258 2381 2385 2391 1008 2335 2649 1555 1765 2320 2507 1277 1852 2607 1253 1287 875 1512 1527 2256 958 992 1559 1575 2016 2589
168 164 242 839 531 876 211 690 599 1698 1787 802 1048 1846 1946 1096 2159 2453 434 1019 1114 1724 1076 2370 2082 919 2259 2290 2583 1072 1669 2045 2169 2319 1051 2647 507 755 1480 2382 2445 1087 1752 1071 483 930 1105 1513 1745 2110 2141 1996 2376 1039 1762 1877 2598 661
171 557 468 811 2934 1499 1871 1451 2136 1675 1723 1384 1987 2794 3023 2867 947 2387 2456 100 258 1305 394 1392 2312 87 2777 2843
137 89 2724 2679 2738 2937 692 1602 308 362 1603 2930 2944 397 2866 311 885 251 1574 1722 156 2095 2832 2864 2964 2968 693 2681 2823 2935 3044 1813 2833 2663 2727
289 356 566 791 493 2535 135 568 2743 2992 2950 2606 358 2551 2712 2768 2913 2926 2800 1313 956 300 1400 138 495 1050 330 1363 2098 276 793 134 273 1364 1404 293 2795 2906 891 1414 902 2858 2894 2755 2827
303 360 603 706 604 827 136 1879 708 2855 605 2007 3018 2733 3020 3010 1103 2221 1102 1587 973 1599 2220 1476 1588 1720 277 1408 306 963 1113 1120 1121 2143 2227 1493 2008 2042 310 340 556 2802 606 1678 1377 18 2734 2860 2824 14 2749 2861 27 32 59 61 47 60
331 598 710 792 355 332 2672 2686 2754 794 336 357 600 712 2275 2278 2330 2695 2662 3015 3021 2661 160 2276 736 896 901 2310 2328 1417 2097 2273 182 602 1369 3046 3030 155 2691 2787 2842
343 670 576 771 623 2807 3039 2872 1929 2412 1783 1870 1702 1167 1133 2135 2086 2482 2392 162 1853 127
1939 2565 409 383 451 562 581 3031 1842 1844 492 1084 1557 2218 2403 36
1940 1941 413 414 215 733 466 497 864 7 774 280 279 2722 2715 1918 1920 1866 2030 2031 2751 2813 2947 2714 3016 2803 1246 2120 975 1116 1478 1593 1429 1707 2149 2366 1682 2423 2436 2487 2526 143 2114 2352 555 2478 2479 1811 1825 1828 734 2294 601 455 583 724 2100 2105 1216 1681 2282 2283 1361 1362 1814 2804 1069 1554 2151 2203 2209 2226 2298 2355 365 574 2096 1217 1868 2289 209 1818 2904 2946 3037 1794 1367 2665 3043 208 1816 2903 2945 3038 2288 2737 2922 2956 2940 2688 2694 35 49 57 71 21 68 69 2012 2013 2011 2014
203 82 835 233 543 219 682 2586 2069 1245 1344 1966 609 503 1676 2231 2509 2005 549 883 950 994 2506 938 2183 1014 1352 2247 630 1706 2634 998 1763 2367 1784 1989 225 542 960 1111 1286 1321 1510 1558 1646 1718 2233 1695 1874 911 1732 2306 2377
544 186 674 714 838 868 691 210 1851 2394 1049 711 1999 1643 1097 2331 361 2025 1243 1342 400 418 921 1033 1621 1454 1331 1485 1180 1010 2155 1931 2584 563 1670 1872 2410 2612 2109 2650 1746 2165 2432 1751 446 594 1077 1099 1525 1623 2384 2044 2133 2204 2307
666 363 443 628 753 731 678 767 624 2059 2279 577 2089 2592 2230 1150 533 1267 207 224 1109 1055 2374 590 2066 2264 1881 2537 1248 1713 2325 1673 484 2515 1969 2627 1529 1743 2244 1721 2472 1022 1091 1441 1561 2150 2449 1573 970 1547 1537
856 200 457 428 540 667 701 842 0 2673 2684 1919 1892 2870 1894 1917 2033 2927 2862 3008 2890 2671 1981 1983 2892 2961 3003 1186 2901 2939 412 177 2630 1285 1425 235 2179 393 910 1264 175 2617 2633 2643 1372 260 814 1829 1037 1092 131 154 390 278 696 1199 1339 292 1830 445 508 840 1553 1645 2262 2304 2317 370 816 2035 344 345 3051 1522 93 895 2660 2680 2989 3041 1658 1833 2052 2054 3007 1711 144 2840 2879 1775 2933 1832 12 15 55 2995 75 2677 66 72 58 41
675 452 380 629 787 740 679 766 2084 2484 1977 2567 433 2129 1610 976 2503 1650 1598 2430 2194 1219 653 2161 1262 2137 478 2406 2639 1308 1075 936 1604 1636 180 1318 1538 1516 2047 2274
861 528 535 223 616 880 396 773 672 1667 952 996 1731 1908 1951 2429 2575 381 941 463 1709 904 2024 940 2462 2431 949 1998 2522 1741 2600 751 788 959 2243 993 664 1633 2177 2225 2419 1757 1944 1560 981 1012 2337 2249 927 980
456 694 500 513 713 642 214 2752 3053 3052 823 1810 2700 2993 2748 2784 2786 2957 1609 779 1820 1443 2899 2931 1428 884 2693 2776 2877 62 76 42 54
385 476 427 687 2739 2704 2690 2839 252 2895 2389 98 2466 2519 2488 216 349 1684 1383 318 1683 1382 109 317 199 2954 2780 893
13 506 585 444 232 222 695 815 2889 2814 2792 2578 2962 2051 2689 2771 2658 3004 2885 3006 2928 2603 173 2463 2467 2365 1465 1733 2121 2461 2504 587 2502 2138 2267 2342 2458 1797 2200 2257 2314 2422 287 1365 419 263 2424 90 264 1970 2520 288 420 1360 1371 1803 1804 2358 2359 31 234 1644 94 1370 2557 92 2766 1859 1915 2539 3050 2713 37 67 46 74
592 519 245 169 486 379 575 622 578 625 1244 2413 1343 1639 2070 2585 1930 1607 1700 1781 1110 806 469 2491 1617 1293 1927 2553 1316 1590 1079 1533 2229 2295 2040 688 1595 2415 1968 2469 1306 1764 1158 534 1185 2198 2253 1735
652 752 167 516 482 431 799 1221 1310 2081 212 2582 2293 560 1278 722 1093 1790 243 2113 2444 2623 1164 2362 2168 1857 877 1518 2369 1204 2545 1742 2197 2215 1904 2211 852 1284 1064 1256 1328 971
2 551 202 569 325 326 206 461 141 2659 2925 2847 1916 1971 1960 2572 2873 2888 2664 2579 2921 2884 2990 2911 2912 1151 1178 2529 2975 2977 185 244 537 2255 2245 1740 1653 1630 1562 1054 449 517 2266 375 2192 2315 1689 1690 2260 256 269 796 284 1831 1905 2558 2602 1376 1801 2107 2973 3024 1422 2321 95 1406 283 2050 2555 1416 2674 2675 2972 3026 1551 2112 108 323 2102 1798 2667 2882 65 2953 23
845 195 122 832 227 509 2004 2510 1583 2574 673 1988 1950 951 1541 772 995 2311 2716 3036 961 450 1618 820 1717 1705
789 170 745 662 2543 1855 1459 1495 1542 1395 1926 2552 2799 2918 2998 1584 1303 2332 115 120 1827 2763
403 481 184 749 717 1897 1207 221 1088 2886 2963 139 1153 1479 1500 1771 2185 2333 2468 1979 1997 650 1421 2683
539 485 882 246 1882 1240 1606 718 2080 220 1730 2390 77
874 523 490 498 632 857 501 607 2292 1210 1276 2441 754 2291 2083 1252 204 907 1005 2621 953 989 1489 2265 1260 1580 2351 1552 2568 429 470 915 2166 1534 2437 955 1973 1978 945 1767 2448
759 465 404 1175 2212 1901 1450 1125 1498 1155 1605 382 1045 1440 1729 1665 2041 1482 2632 1637 2305 1385 747 986 1356
536 520 593 850 2817 2805 2088 2021 2523 2591 1182 677 847 1057 1029 1824 1044 101 130 2698
558 178 804 762 2853 2907 2900 2938 3032 2897 259 348 2943 2915 2844 2845 3034 1632 286 261 1507 112 402 2778 43
548 719 387 407 447 612 716 1697 1126 1902 1991 801 1176 1786 2498 2213 1190 2087 2483 760 943 1880 1118 1026 2500 2223 2302 1020 1769 2201 1793 2277 2536 2398 2148 2061 1156 1461 1508 1528 1104 488 790 1086 2119 2383 1060
744 524 618 176 410 865 725 726 2929 2076 1935 2074 2910 3022 3033 3035 746 2682 2361 1772 1589 2417 620 1546 1579 1427 1715 117 727 2492 1770 728 1413 1694 866 1550 1596 102 1407 1688 1693 1937 2917 2919 3019 2199 2341 435 439 1687 1914 290 291 2308 104 2668 1912 2909 2850 2856 2924 2941 53
645 489 803 2772 2750 2470 1311 2003 2039 784 1206 1220 2511 1280 2974 2397 1436 2402 644 1591 1379
732 646 458 775 748 663 770 671 1347 1943 1679 2560 2252 1760 1898 1098 2181 1611 1017 2131 1703 2006 1320 2224 1094 2508 1289 1046 1074 1626 2235 1034 1024 2490 1666 1728 2544 1856 591 1490 1556 1710 1750
797 148 561 639 315 316 2669 2978 1938 1982 1911 1936 1913 2880 2849 2914 2916 2881 2951 2936 1957 1959 2980 150 2965 1146 1586 1136 2234 908 1193 798 1307 1619 2323 201 96 2108 2280 2281 641 2190 272 1807 1808 737 1654 1755 133 738 905 1179 1300 1399 1222 1228 1229 346 347 1393 668 1423 159 376 1223 249 1391 3029 91 114 1980 2057 250 113 2058 1 8 26
192 472 499 584 828 705 565 2160 1847 684 84 1149 1346 1272 1282 205 1006 1101 2124 2653 1239 2426 859 2401 1467 1756 2263 2425 1909 1327 873 1062
763 408 441 399 1875 2378 1168 2060 1134 2979 2717 1270 378 372 1295
619 844 448 720 2678 2731 2970 2891 2971 2563 1933 2540 997 1290 614 647 1608 968 2144 2146 2153 111 1031 2246 1226 1227 324 2222 1108 327 1860 2796 756 328 2284 2285 142 1799 2103 1576 888 3 2741 2878
860 226 514 2730 1883 2547 2790 2834 2874 1191 1635 1662 2164 983 1549 1484 1511 1058 1509 1420 301 1378 1415 1789 1375 312 2789 2831 50
424 580 462 715 2709 2038 1390 1668 2471 2838 2587 2327 2654 2072 9
475 515 878 2085 2485 1348 1850 1241 991 2393 2949 2969 920 3028 132 978 2810 270 2984 957
527 467 660 432 741 800 597 680 1754 769 1922 1671 2189 1157 2622 2373 974 932 1696 1035 1785 1004 922 830 1994 2210 1903 1578 2195 1123 1565 2171 1173 2495 2176 634 2196 1651 459 1119
552 758 638 2764 2757 213 294 567 2760 1323 2132 2250 1975 782 1548 88 322 1078
471 532 686 829 1680 1759 1992 2026 2613 398 1942 2497 2251 2902 2329 2001 1192 2241 571 640 931 969 2651 1727 1540 1582 2261 2499 1924 841 1140 1011 1773 2187
570 867 505 633 494 395 2670 1215 1314 2350 2018 2781 1144 1184 1124 1368 1174
588 589 281 282 854 2826 2726 2676 2851 2728 2797 2798 2905 2859 1128 964 1234 1471 1470 2139 1405 689 1353 2207 2206 2354 110 2287 541 2286 285 903 2106 892 1090 1800 266 480 757 1085 2140 299 1858 198 295 1235 2538 34
808 851 807 351 352 333 2732 2685 1885 1887 2932 2806 2808 1884 2770 1891 2876 1886 2735 2708 2773 2829 2836 2857 2986 2711 1893 2868 2869 2966 2809 2967 550 1063 1141 1040 1531 1506 1232 2399 2400 1823 1002 1065 1233 783 579 267 353 354 2481 853 809 2408 341 1001 1135 392 897 2480 1826 1028 338 389 2811 2828 56 51
870 617 502 608 2779 1494 2046 1052 1458 2952 1066 900 1464 17
703 848 2818 2703 2710 3012 2067 2923 2920 2991 2852 2762 2783 2753 2785 3055 1836 2532 559 2871 1446 935 937 1337 765 2125 1664 99 146 152 298 2345 1198 217 1330 2334 2270 129 437 704 849 1196 1338 1779 350 2609 183 2692 2837 78
2819 1861 2541 1863 1865 2073 2075 2942 2742 2718 2719 165 525 2418 1139 863 729 1403 636 890 1366 1398 2896 1038
1867 1869 1964 1890 1862 1962 1864 2801 2774 2767 1159 1161 1023 477 1188 1291 1520 1491 2173 1032 1230 1231 780 781 665 1634 2145 2154 106 107 1685 1686 1396 254 157 268 1224 879 1744 302 1225 1889 253 1394 188 453 1657 723 2815 48 52
2887 3048 1907 1925 1854 2428 2542 3040 2758 2439 3045 411 1263 1712 1726 1332 103 126 24
2475 2063 2605 2022 2524 2723 2707 2848 2769 2593 1457 422 368 271 369 2090 85 2687
2349 2017 1815 1995 2599 2997 2816 2740 2875 1948 1496 97 1876 373 2451 1448 2375 297 2759 366 421
2546 685 1638 1896 2571 2981 2696 2987 2775 2597 2610 1130 1572 2238 1317 2368 1013 2494 2240 2163 2104 2118 2446 2517 573 2339 2101
2559 1642 1214 496 1089 2566 2988 2812 2983 391 1397
1843 1845 2053 2883 2055 2822 2893 2705 2821 2863 1297 1288 1298 1734 934 2316 460 1453 546 944 999 743 1380 1564 153 174 314 657 702 843 1195 977 1336 1659 1776 1381
2037 2000 1279 1053 2556 2782 511 1462 1236 1439 1460 2513 1766 2309 2459 1059 1656 3002
2056 2029 1888 2548 2846 2595 2761 2533 2791 2835 2976 2604 1025 1254 384 2172 522 942 2324 1704 337 1837 1447
1906 2068 1895 707 2825 3011 1319 1067 2601 613 946 2336 1030 2130 1061 2338 2128 2268 190 2180 313 1200 1329 2898
1955 1947 2550 2736 2820 3025 1043 1237 554 862 487 984 1615 1007 1296 464 2318 1601 255 1082
1976 2454 1315 2793 572 982 2142 1080 1299 1503 2404 1848 881 1468 631 1162
1934 2564 3017 2549 2765 2699 2960 3000 2756 2433 1115 1036 1761 1521 2435 2516 2514 965 586 621
3042 2854 3005 3054 2666 2830 545 933 1021 1250 2620 939 1452 1517 1481 1768 388 1333 2625 2628 2642 321 649 1373 654 1247 1409 2788 2841 1411
2865 3027 124 2908 1138 521 193 894 906 2512 2340 2420 1322 265 1821 1822 2208 817
2955 1212 2594 2636 426 1674 1018 761 2395 1166 962 1545 1165 813
1163 166 2569 929 1622 1341 1242 979 2162 1486 595 2629 1873 1526 2134 2156 2464
1171 1194 764 1209 1273 1283 972 833 196 1492 1438 1502 1923 2186 2214 1456 2174
721 1132 2091 917 538 987 1519 1524 1796 386 1154 1042 2300 2272 1536
2608 2009 430 564 1354 1351 2624 1122 1431 1497 1449 1177 2421 2486 1648 1649 1117
2217 2493 2242 1780 805 1477 1106 2228 2407 1505 1208 1312
1613 2048 812 491 928 1292 1070 1301 474 1016 1597 2313 1974 2438
1257 2167 1169 406 1309 1218 364 1324 1430 1532 1515 1473 454 2372 2434 2049 2239 988
967 909 1325 1932 1569 2411 1708 1738 1009 858
1027 831 1183 2615 473 1749 1127 248 512 2157 2028
2071 1357 2561 1041 2299 1571 1652 1249 1899 1592 2588 1535 2147 2297 116
2614 2027 1068 1261 1655 1442 1501 149 676 1304 2191 172 2496 1993
2640 405 2576 1003 1107 1266 1056 1945 118 1463 2184
2269 1137 1095 948 1268 1725 2202 2443 2236 656 2388 2554
1335 1543 518 1585 1523 1514 1530 2322 1213 2065
1294 1600 1594 1640 846 1445 1472 2635 2416 2152 2002 529
1475 1567 1795 1568 1474 2205 2527 1566 1131 1469 582 735 1788
1625 1624 1577 1426 2254 1100 1910 2427 1928 2216 436 105 1251
367 869 2117 2193 1181 1160 1437 2380 1274
1444 1739 1647 1466 1189 916 2455 990 2501 2123 140
2019 2460 1147 2360 2347 1302 1620 262 1424 119 2505
2170 479 1616 1455 1083 1047 1953 2577 1737
2379 2386 530 871 1952 1641 1699 1719 1419
2457 2296 2301 2473 197 1081 1736 985
2631 1747 2396 2414 2405 1504 257 2652 401 2626 2476 2477 2645 2646 307
2521 309 1258 2182 2219 2099 2023
1334 898 320 329 1418 1774 2637 1990 1487
374 371 2326 2062 1544 2343 1819
2344 1692 1388 1691 1389 659 1661
1201 275 191 899 730 887
1817
