81 82 83 84 103 104 105 106 449 450 451 452 1001 1002 1003 1004 1064 1065 1066 1067 1151 1152 1153 1154 2395 2396 2414 2415 2449 2450 2626 2627 2631 2632 2640 2641 93 94 236 338 340 341 343 504 509 510 570 571 681 682 2357 2685 2730 2732 2733 2735 2780 2782 2783 2785 2848 2879 2880 2881 2882 2952 413 414 913 914 1196 1197 1337 1338 1882 1883 1884 1885 1911 1912 1913 1914 1960 1961 1962 1963 2465 2520 2644 2655 492 493 496 497 739 741 742 744 1821 1822 1829 1830 2792 2793 2834 2835 2896 2897 2932 2933 2961 2962 2999 3000 10 11 13 14 36 40 50 51 55 56 64 65 1985 1986 2078 2079 1805 3011 29 30 68 79 0
85 86 87 88 113 114 115 116 206 207 208 209 1464 1465 1575 1576 1622 1623 2137 2138 2214 2215 2243 2244 2379 2380 2430 2431 2622 2623 2635 2636 293 294 323 415 416 515 516 673 674 1363 1368 1372 2095 2099 2676 2731 2734 2771 2772 2773 2774 2855 2888 2890 2891 2893 409 410 907 908 1658 1775 1854 1855 1856 1857 1935 1936 1937 1938 2267 2344 749 751 752 754 1361 1362 1807 1808 2788 2789 2816 2817 2898 2899 2942 2943 4 5 21 31 46 47 59 60
89 90 91 92 109 110 111 112 457 458 459 460 1005 1006 1007 1008 1054 1055 1056 1057 1161 1162 1163 1164 1500 1501 1547 1548 435 436 453 454 553 554 555 556 797 798 858 861 877 878 417 418 915 916 1198 1199 1335 1336 1886 1887 1909 1910 1964 1965 2546 2547 2557 2558 2572 2573 358 359 679 680 791 792 919 920 1360 1369 1806 2528 2 3 15 16 1984 2077 2580 2611 28 39
95 96 97 98 121 122 123 124 224 225 226 227 953 954 1098 1099 1155 1156 2139 2140 2141 2142 2216 2217 2218 2219 2249 2250 2251 2252 324 325 378 379 480 481 482 483 676 871 872 930 2100 2101 303 304 305 306 1220 1221 1862 1863 1933 1934 2286 2287 2288 2289 2480 2481 2538 2539 2563 2564 642 665 666 765 766 929 1800 1801 1802 2106 2107 2356 2795 2796 2797 2798 2914 2916 2917 2919 2970 2971 2972 2973 6 7 12 34 35 2007 2008 2589 2590 69 70
99 100 101 102 117 118 119 120 473 474 475 476 1009 1010 1011 1012 1058 1059 1060 1061 1157 1158 1159 1160 1502 1503 1504 1505 1543 1544 1545 1546 1624 1625 1626 1627 277 279 280 282 479 484 487 561 562 563 564 423 424 917 918 1200 1201 1339 1340 1659 1660 1776 1777 461 462 465 466 531 532 533 534 1380 1381 1382 1383 8 9 17 18 22 23
107 108 143 144 529 675 862 1116 1255 1256 1421 1422 1585 1586 1587 1588 1594 1595 1712 1713 1714 1715 2360 2436 2489 2490 2617 2637 2648 2649 241 242 335 902 903 1401 1402 1411 1412 2664 2665 2666 2677 2678 2860 2861 2926 2928 2929 2931 2948 2949 3039 402 906 1195 1334 1831 1832 1940 1941 2032 2033 2034 2035 759 760 771 772 2671 2684 2946 2955 3006 3007 3046 3047 1 41 61 72 73
129 130 131 132 163 164 165 166 550 551 685 686 863 864 1104 1105 1106 1107 1121 1122 1257 1258 1259 1260 2361 2362 2432 2433 2434 2435 2437 2438 2495 2496 2497 2498 210 211 214 215 576 577 580 581 695 696 697 698 1222 1223 1224 1225 1833 1939 2036 2037 2476 2477 2478 2479 2529 2565 2596 2597 380 381 598 599 671 672 909 910 1803 1804 2358 2359 2674 2675 2944 2945 3015 3017 3018 3020 37 38
137 138 139 140 171 172 173 174 558 559 689 690 865 866 1100 1101 1102 1103 1117 1118 1261 1262 1263 1264 1423 1424 1589 1590 1591 1592 1596 1597 1720 1721 1722 1723 368 370 371 373 647 649 650 652 761 762 763 764 1226 1227 1228 1229 1695 1696 1697 1698 712 713 714 715 785 787 788 790 1391 1393 1394 1396 26 27 2013 2014 2015 2016
145 146 147 148 179 180 181 182 566 567 693 694 869 870 1108 1109 1110 1111 1119 1120 1265 1266 1267 1268 1425 1593 1710 1711 2108 2224 2299 2300 544 545 634 635 653 654 867 868 701 702 703 704 1230 1231 1232 1233 1681 1682 2280 2281 477 478 687 688 699 700 887 888 1797 2098
149 150 151 152 159 160 161 162 542 543 894 895 1426 1427 1515 1516 1650 1651 1652 1653 1716 1717 1718 1719 2111 2112 2174 2175 2263 2264 2265 2266 2301 2302 2303 2304 266 267 268 269 382 383 386 387 1404 1405 1406 1407 2657 2672 2673 2841 2842 2846 2847 2956 2987 2989 2990 2992 755 756 757 758 1683 1684 1685 1686 1888 1974 1975 2548 2578 2579 773 774 801 802 1375 1376 1415 1416 2844 2845 2975 2977 2978 2980 24 25 52 66 67
153 154 187 218 219 893 959 960 961 962 1021 1022 1187 1188 1189 1190 1300 1301 1470 1471 1472 1473 1755 1756 2628 2642 2643 2652 333 334 560 565 856 857 1417 1418 2688 2689 2765 2766 2767 2768 2824 2825 2851 2997 2998 881 882 1891 1892 1980 1981 1982 1983 2056 2057 2645 2646 1386 1387 1388 1389 3029 3030 76
155 156 157 158 167 168 169 170 546 547 873 874 896 897 1025 1026 1191 1192 1193 1194 1269 1270 1271 1272 2109 2110 2172 2173 2259 2260 2261 2262 2305 2306 2307 2308 253 254 257 258 425 426 429 430 468 469 470 471 411 412 911 912 1202 1203 1345 1346 2268 2269 2342 2343 400 401 859 860 1798 1799 2102 2103 2843 2852 2959 2960 3003 3004 19 20 32 33
175 176 177 178 243 244 245 246 505 506 507 508 963 964 965 966 1070 1071 1072 1073 1177 1178 1179 1180 2381 2382 2383 2384 2420 2421 2422 2423 2461 2462 2463 2464 2725 2726 2727 2728 2889 2892 1915 1916 1917 1918 2466 2467 2518 2519 1823 1825 1826 1828 2900 2901 2938 2939 57 58
183 184 185 186 204 205 604 605 606 607 832 833 879 880 1185 1186 1246 1299 1428 1429 1430 1431 1646 1647 1648 1649 1704 1705 1747 1748 2618 2619 2647 398 399 467 472 2714 2715 2718 2719 2722 2723 2736 2737 2983 2984 1691 1692 1693 1694 1834 1835 1836 1837 2029 2030 2708 2709 2712 2713 3021 3022 42 43 71
188 189 190 191 326 883 884 885 886 1027 1514 2294 2323 2488 2505 2656 2031 2058 2595 2604 3005 3010 3042 3052
192 193 220 221 222 223 572 573 574 575 677 678 1432 1433 1732 1733 1746 2113 2114 2313 2314 2363 2364 2499 2500 2650 2651 2694 2695 2950 2951 3043 3044 3045 1838 1839 2046 2047 2530 2531 2602 2603 2720 2721 2744 2745 3008 3009 3050 3051 74 75
198 199 228 229 230 231 584 585 586 587 683 684 889 890 891 892 1287 1288 1289 1290 2365 2366 2367 2368 2501 2502 2503 2504 2506 2507 339 342 427 428 648 651 2052 2053 2054 2055 718 719 720 721 3024 3025 3026 3027
216 217 331 332 822 823 1285 1286 1434 1435 1436 1437 1602 1603 2119 2120 2121 2122 2227 2228 2326 2327 1663 1664 1788 1789 2270 2271 2345 2346 1816 1817 1818 1819
232 233 234 235 588 589 594 595 596 597 921 922 923 924 1291 1292 1293 1294 1302 1303 1438 1439 1440 1441 1742 1743 1744 1745 1749 1750 212 213 552 557 1661 1662 1778 1779 1377 1378 1419 1420
237 238 239 240 517 518 519 520 620 621 622 623 931 932 1068 1069 1442 1443 1553 1554 2123 2124 2200 2201 2620 2621 2633 2634 536 537 2703 2704 2705 2706 2764 2769 2927 2930 1840 1841 1919 1920 2532 2533 2555 2556 2754 2755 2758 2759 2909 2910 2911 2912 44 45
247 248 249 250 421 422 612 613 614 615 1281 1282 1283 1284 1304 1305 2115 2116 2117 2118 2225 2226 2315 2316 2317 2318 2324 2325 255 256 578 579 2282 2283 2284 2285 1809 1811 1812 1814
251 252 336 337 925 926 927 928 1123 1124 1253 1254 1769 1770 2295 2296 2947 3053 1234 1235 1236 1237 403 404 407 408
259 260 261 262 590 591 592 593 781 782 783 784 1444 1445 1446 1447 1761 1762 1763 1764 2369 2370 2512 2513 2653 2654 2697 2698 2699 2700 2781 2784 1842 1843 1844 1845 2073 2074 2075 2076 2760 2761 2778 2779 3012 3013 3054 3055 77 78
271 272 273 274 441 442 443 444 600 601 602 603 933 934 935 936 1330 1331 1332 1333 2371 2372 2373 2374 2416 2417 2418 2419 2514 2515 2516 2517 2071 2072 2609 2610 2903 2904 2905 2906 3032 3033 3034 3035
283 284 285 286 608 609 610 611 830 831 898 899 937 938 939 940 1023 1024 1251 1252 1322 1323 1324 1325 1448 1449 1450 1451 1519 1520 1708 1709 1771 1772 1773 1774 2686 2687 2762 2763 2853 2854 3040 3041
295 296 297 298 661 662 663 664 793 794 795 796 971 972 973 974 1042 1043 1044 1045 1326 1327 1328 1329 1466 1467 1468 1469 1523 1524 1525 1526 278 281 369 372 2696 2701 2818 2819 2822 2823 2836 1889 1890 2549 2550 1373 1374 1409 1410 2862 2863 2886 2887 53 54
309 310 311 312 628 629 630 631 836 837 904 905 945 946 947 948 1019 1020 1247 1248 1318 1319 1320 1321 2125 2126 2127 2128 2332 2333 2334 2335
346 347 655 656 657 658 813 814 815 816 975 976 1028 1029 1351 1478 1479 1521 1522 1703 1790 2385 2386 2387 2388 2406 2407 2408 2409 2486 2487 2525 2526 329 330 392 393 447 448 1370 1371 2683 2702 2707 2814 2815 2832 2833 2870 2871 2894 2895 1864 1865 2092 2540 2541 2616 2790 2791 2830 2831 3014 3056 48 49 80
352 353 731 732 733 734 818 819 820 821 900 901 981 982 983 984 1131 1132 1133 1134 1352 1353 2147 2148 2171 2233 2234 2351 2624 2625 2638 2639 384 385 875 876 2690 2691 2770 2775 2837 2838 2995 2996 1866 1867 1868 1869 1952 1953 1954 1955 2093 2094 2801 2802 2803 2804 2964 2965 2966 2967 3037 3038 62 63
362 363 521 522 523 524 735 736 737 738 1078 1079 1080 1081 1139 1140 1141 1142 1356 1357 1571 1572 1573 1574 1614 1615 1616 1617 1793 1794 265 270 2662 2663 2669 2670 2878 2883 2940 2941 1950 1951 2566 2567 2957 2958 2993 2994
485 486 582 583 817 941 942 943 944 1086 1087 1088 1089 1358 1359 1456 1457 1458 1459 1706 1707 263 264 419 420 1397 1398 2786 2787 2920 2921 799 800
488 489 490 491 707 708 709 710 838 839 840 841 1506 1507 1508 1509 2165 2166 2738 2740 2741 2743 2806 2808 2809 2811
498 499 500 501 723 724 725 726 844 845 846 847 1013 1014 1129 1130 2161 2162 2163 2164 2210 2211 2212 2213 2239 2240 2241 2242 502 503 636 637 2104 2105
568 569 705 706 1143 1144 1145 1146 1306 1307 1608 1609 2354 2355 360 361 548 549 1366 1367 2746 2747 2985 2986
632 633 803 804 977 978 979 980 1034 1035 1036 1037 1354 1355 1480 1481 1482 1483 1791 1792 2629 2630 344 345 747 748 1893 1894 1895 1896 2864 2865 2868 2869
638 639 640 641 805 806 807 808 1484 1485 1486 1487 1527 1528 1529 1530 1738 1739 1740 1741 2149 2150 2151 2152 2182 2183 2184 2185 2319 2320 2321 2322 2820 2821 2872 2873 2876 2877
643 644 645 646 809 810 811 812 828 829 985 986 987 988 1030 1031 1032 1033 1249 1250 2389 2390 2404 2405 2527 659 660
667 668 669 670 767 768 769 770 967 968 969 970 2180 2181 2336 2337
727 728 729 730 989 990 991 992 1112 1113 1114 1115 1581 1582 1583 1584 2739 2742 2874 2875
745 746 775 776 834 835 1015 1016 1017 1018 1074 1075 1076 1077 1173 1174 1175 1176 1549 1550 1551 1552 1628 1629 1630 1631 2190 2191
824 825 826 827 1038 1039 1040 1041 2153 2154 2155 2156 2176 2177 2178 2179 3023 3028
1062 1063 1316 1317 1555 1556 1557 1558 2196 2197 2198 2199 2756 2757 287 288 289 290 348 349 350 351 317 318 1403 1408
1082 1083 1084 1085 1147 1148 1149 1150 1510 1511 1512 1513 1563 1564 1565 1566 1618 1619 1620 1621 494 495
1181 1182 1183 1184 1474 1475 1476 1477 1654 1655 1656 1657 2257 2258 2908 2913 125 126 127 128 525 526 527 528 1399 1400
1295 1296 1297 1298 1517 1518 1734 1735 1736 1737 2403 2800 2805 133 134 135 136 624 625 626 627 691 692 2849 2850
1488 1489 1490 1491 1531 1532 1533 1534 1795 1796 530 535 1204 1205 1206 1207 2468 2469 2470 2471 275 276
1559 1560 1561 1562 1610 1611 1612 1613 2397 2398 2399 2400 2445 2446 2447 2448 750 753
1632 1633 1634 1635 2143 2144 2145 2146 2220 2221 2222 2223 2245 2246 2247 2248
1644 1645 2192 2193 2194 2195 2459 2460 354 355 356 357 511 512 513 514 949 950 951 952 1308 1309 1310 1311 1364 1365
1765 1766 1767 1768 2129 2130 2131 2132 2297 2298 2338 2339 2340 2341 364 365 366 367 1050 1051 1052 1053
2167 2168 2169 2170 2202 2203 2204 2205 2235 2236 2237 2238 2424 2425 2443 2444 717 722
2352 2353 740 743 786 789 2710 2711 2963 2968
2401 2402 2451 2452 2453 2454 711 716 2794 2799 955 956 957 958 1277 1278 1279 1280 1846 1847 1848 1849 2038 2039 2040 2041 307 308 2839 2840 3001 3002
405 406 1379 1384 2807 2810 2866 2867 3016 3019
463 464 1385 1390 2902 2907 2969 2974
1392 1395 1810 1813 2915 2918 2667 2668 2750 2751 2981 2982
1815 1820 2976 2979 1942 1943 1944 1945 2080 2081 2082 2083 2568 2569 2570 2571 2612 2613 2614 2615 327 328 2660 2661 2924 2925
1824 1827 3031 3036 2003 2004 2005 2006 2084 2085 2086 2087 2585 2586 2587 2588 455 456 2658 2659
194 195 196 197 616 617 618 619 997 998 999 1000 1242 1243 1244 1245 1413 1414 2856 2857
200 201 202 203 299 300 301 302 1165 1166 1167 1168 1238 1239 1240 1241 2096 2097 2724 2729
313 314 315 316 388 389 390 391 1125 1126 1127 1128 1341 1342 1343 1344
319 320 321 322 374 375 376 377 1046 1047 1048 1049 1347 1348 1349 1350 2748 2749
394 395 396 397 538 539 540 541 1090 1091 1092 1093 1135 1136 1137 1138 2679 2680
431 432 433 434 777 778 779 780 1208 1209 1210 1211 1312 1313 1314 1315 2692 2693 2752 2753
437 438 439 440 993 994 995 996 2884 2885 2953 2954
848 849 850 851 1216 1217 1218 1219 2716 2717
852 853 854 855 1212 1213 1214 1215 1273 1274 1275 1276
1094 1095 1096 1097 1452 1453 1454 1455 1567 1568 1569 1570 291 292 2988 2991 3048 3049
1169 1170 1171 1172 1539 1540 1541 1542 1636 1637 1638 1639 445 446 2681 2682 2826 2827
1460 1461 1462 1463 1577 1578 1579 1580 1850 1851 1852 1853 1929 1930 1931 1932 141 142
1492 1493 1494 1495 1598 1599 1600 1601 2157 2158 2159 2160 2229 2230 2231 2232 2922 2923 2936 2937
1496 1497 1498 1499 1535 1536 1537 1538 1870 1871 1872 1873 1897 1898 1899 1900
1604 1605 1606 1607 1728 1729 1730 1731 1946 1947 1948 1949 2042 2043 2044 2045 2828 2829
1640 1641 1642 1643 1665 1666 1667 1668 1966 1967 1968 1969 1991 1992 1993 1994
1669 1670 1671 1672 1751 1752 1753 1754 2276 2277 2278 2279 2328 2329 2330 2331
1673 1674 1675 1676 1724 1725 1726 1727 2272 2273 2274 2275 2309 2310 2311 2312
1677 1678 1679 1680 1780 1781 1782 1783 1999 2000 2001 2002 2858 2859
1687 1688 1689 1690 2206 2207 2208 2209 2290 2291 2292 2293 2776 2777
1699 1700 1701 1702 1757 1758 1759 1760 2017 2018 2019 2020 2059 2060 2061 2062
1784 1785 1786 1787 2133 2134 2135 2136 2347 2348 2349 2350
1858 1859 1860 1861 1925 1926 1927 1928 2375 2376 2377 2378 2426 2427 2428 2429
1874 1875 1876 1877 1901 1902 1903 1904 2186 2187 2188 2189
1878 1879 1880 1881 1905 1906 1907 1908 2391 2392 2393 2394 2410 2411 2412 2413
1921 1922 1923 1924 1987 1988 1989 1990 2559 2560 2561 2562 2581 2582 2583 2584 842 843
1956 1957 1958 1959 2048 2049 2050 2051 2439 2440 2441 2442 2491 2492 2493 2494
1970 1971 1972 1973 2455 2456 2457 2458 2472 2473 2474 2475 2812 2813 2934 2935
1976 1977 1978 1979 1995 1996 1997 1998 2253 2254 2255 2256
2009 2010 2011 2012 2088 2089 2090 2091 2521 2522 2523 2524
2021 2022 2023 2024 2067 2068 2069 2070 2482 2483 2484 2485 2508 2509 2510 2511
2025 2026 2027 2028 2063 2064 2065 2066 2591 2592 2593 2594 2605 2606 2607 2608
2534 2535 2536 2537 2574 2575 2576 2577
2542 2543 2544 2545 2551 2552 2553 2554
2598 2599 2600 2601
