81 82 83 84 184 185 515 516 517 518 777 778 904 1068 1069 1129 1130 1355 2108 2200 2201 2233 2234 2351 2360 2420 2421 2447 2448 2525 2617 2633 2634 2638 2639 2656 85 86 157 158 271 455 596 643 644 651 817 818 2098 2099 2357 2664 2665 2669 2670 2685 2851 2870 2872 2873 2875 2940 2941 2947 2995 2996 281 282 283 284 1216 1217 1831 1915 1916 1954 1955 2092 2280 2281 2476 2477 2529 2557 2558 2570 2571 2616 2645 2646 236 295 296 615 854 855 1797 1802 1806 2097 2356 2528 2674 2675 2903 2904 2905 2906 2964 2965 2966 2967 3037 3038 4 5 16 31 38 40 41 57 58 62 63 80 2015 2016 2589 2590 1805 3013 28 39 68 69 6
121 122 123 124 192 193 527 528 529 530 785 786 905 906 1074 1075 1076 1077 1135 1136 1137 1138 1351 1352 2361 2362 2422 2423 2424 2425 2443 2444 2445 2446 2526 2527 101 102 105 106 107 109 110 112 143 337 338 341 342 579 351 352 353 354 1222 1223 1224 1225 1832 1833 1917 1918 1919 1920 1956 1957 1958 1959 2093 2094 2478 2479 2480 2481 249 250 253 254 332 333 334 335 1823 1825 1826 1828 8 9 10 11 36 37 2011 2012 2013 2014 29 30
147 148 149 150 200 201 539 540 541 542 787 788 907 908 1082 1083 1084 1085 1143 1144 1145 1146 1358 1359 1425 1553 1554 1608 1609 1794 88 89 90 91 133 134 285 286 376 738 739 795 796 1365 315 316 317 318 1226 1227 1228 1229 1681 1682 321 322 649 650 756 757 902 903 1360 1371 0 1 19 20 21
163 164 165 166 206 207 363 364 551 552 553 554 909 910 1090 1091 1092 1093 1147 1148 1149 1150 1353 1354 1421 1422 1559 1560 1561 1562 1614 1615 1616 1617 1792 1793 95 96 99 100 146 298 299 300 301 436 437 438 439 1368 325 326 327 328 1234 1235 1236 1237 1687 1688 1689 1690 135 136 139 140 257 260 813 814 1386 1387 1388 1389 2 3 14 15 22 23
167 168 169 441 442 867 911 912 1032 1033 1161 1162 1163 1164 1291 1292 1293 1294 1423 1424 1519 1520 1632 1633 1634 1635 1742 1743 1744 1745 2171 2243 2244 2313 2314 255 256 277 278 339 340 370 371 1372 1399 1400 2657 2666 2667 2679 2680 2839 2840 2849 2850 2952 2988 2989 2990 2991 3043 413 414 1230 1231 1232 1233 1683 1684 1685 1686 1888 1960 1961 2050 2051 2548 2572 2573 2602 2603 190 191 276 827 898 899 1377 1378 1419 1420 2844 2845 2970 2971 2972 2973 3024 3025 3026 3027 7 17 18 26 27 52 64 65 74 75
170 171 172 173 176 177 377 378 618 619 620 621 1426 1427 1577 1578 1579 1580 1624 1625 1626 1627 1705 1706 2430 2431 2449 2450 2486 2635 2636 2640 2641 2647 103 104 153 154 365 401 402 1401 1402 1411 1412 2662 2663 2676 2855 2886 2888 2889 2891 2920 2921 2981 2982 695 696 815 816 1659 1660 1776 1777 1933 1934 2029 2465 2518 2563 2564 2595 2644 2655 287 288 419 420 1373 1374 1409 1410 2673 2684 2896 2897 2942 2943 2959 2960 2999 3000 3005 3042 12 13 24 25 59 60 71 1984 2077 2580 2611 70 79
178 179 180 181 228 229 230 231 383 384 913 914 1151 1152 1246 2113 2114 2115 2116 2245 2246 2247 2248 2294 2295 2352 2353 2618 2619 555 556 655 656 657 658 2104 2105 2702 2703 2706 2707 2722 2723 2746 2747 3001 3002 697 698 825 826 1197 1340 1834 1835 2270 2271 2345 2346 2530 2531 1798 1799 2102 2103 2720 2721 2744 2745 3014 3056 32 33 44 45
186 187 188 189 237 238 239 240 385 386 915 916 917 918 1157 1158 1159 1160 1247 1248 2363 2364 2025 2026 2027 2028 329 330 742 743 836 837 1336 1337 274 275 349 350
194 195 196 197 245 246 247 248 387 388 919 920 921 922 1153 1154 1155 1156 1249 1250 1428 1429 1622 1623 1707 2088 2089 2090 2091 174 175 390 391 392 393 701 702 1198 1199 1658 892 893
202 203 204 205 399 400 489 490 491 492 927 928 929 930 1251 1252 1356 1357 1430 1431 1432 1433 1790 1791 87 92 266 267 268 269 297 302 703 704 848 849 1200 1201 1334 1335 1838 1839 1840 1841 1962 1963 1964 1965 2030 2031 780 781 782 783 1380 1381 1382 1383 1985 1986 2078 2079
214 215 226 227 407 408 923 924 925 926 1191 1192 1193 1194 1269 1270 1271 1272 1434 1435 1436 1437 1650 1651 1652 1653 1716 1717 1718 1719 2121 2122 2257 2258 2299 2300 372 373 479 480 1397 1398 2708 2709 2712 2713 2724 2725 2728 2729 2956 2987 2992 3039 456 694 1202 1203 1349 1350 1663 1664 1778 1779 1970 1971 2036 2037 2267 2342 2578 2579 2596 2597 1375 1376 1415 1416 2961 2962 3003 3004 3008 3009 3046 3047 66 67 72 73
222 223 224 225 232 233 234 235 409 410 411 412 1438 1439 1440 1441 1654 1655 1656 1657 1724 1725 1726 1727 2259 2260 2261 2262 2301 2302 2303 2304 126 127 128 129 389 394 1403 1405 1406 1408 725 726 727 728 1980 1981 1982 1983 2032 2033 2034 2035 2282 2283 2284 2285 290 291 292 293 1391 1393 1394 1396 1809 1811 1812 1814 2714 2715 2718 2719 2975 2977 2978 2980 3017 3019 3020 3022
241 242 243 244 415 416 417 418 874 875 1019 1177 1178 1255 1256 2109 2110 2172 2173 2628 2642 2643 2648 2649 2671 2672 2677 2678 2842 2843 2847 2848 1889 1890 208 209 304 305 306 307 1829 1830 2841 2854
379 380 381 382 505 506 507 508 719 720 721 722 1500 1501 2161 2162 2163 2164 2202 2203 2204 2205 2235 2236 2237 2238 2626 2627 93 94 1363 1364 2738 2740 2741 2743 2770 2772 2773 2775 1775 1882 1883 2546 2547 2790 2791 2834 2835 2900 2901 2938 2939 2957 2958 2993 2994 50 51
403 404 405 406 427 428 429 430 856 857 858 859 1001 1002 1003 1004 1028 1029 1030 1031 1257 1258 1259 1260 2165 2166 2167 2168 2180 2181 2182 2183 2305 2306 2307 2308 108 111 113 114 117 118 309 310 313 314 2710 2711 2818 2820 2821 2823 2838 2871 2874 842 843 1195 1196 1884 1885 1886 1887 1891 1892 1893 1894 2268 2269 2343 2344 344 345 346 347 1816 1817 1818 1819 2862 2863 2892 2893 34 35 55 56
423 424 425 426 531 532 533 534 632 633 634 635 931 932 1098 1099 1442 1443 1575 1576 1710 1711 2369 2370 2489 2490 2620 2621 144 145 161 162 636 637 2668 2764 2765 2768 2769 2924 2926 2927 2929 699 700 1836 1837 2532 2533 319 320 2752 2753 2784 2785 42 43
431 432 433 434 557 558 559 560 645 646 647 648 933 934 935 936 1104 1105 1106 1107 2123 2124 2214 2215 119 120 125 130 272 273 729 730 1842 1843 1844 1845 1935 1936 1937 1938 1807 1808 1821 1822 2756 2757 2760 2761 2914 2916 2917 2919
443 444 445 446 467 468 469 470 838 839 840 841 1478 1479 1521 1522 1732 1733 2147 2148 2149 2150 2319 2320 2321 2322 2385 2386 2404 2405 2499 2500 435 440 1366 1367 2100 2101 2681 2704 2705 2819 2822 2878 2879 2882 2883 1860 1861 1895 1896 2286 2287 2288 2289 2540 2541 2549 2550 1800 1801 2106 2107 2801 2802 2803 2804 2864 2865 2868 2869 48 49
447 448 449 450 471 472 473 474 844 845 846 847 975 976 1026 1027 1281 1282 2151 2152 2153 2154 2176 2177 2178 2179 2315 2316 2317 2318 2624 2625 2629 2630 2650 2651 1866 1867 1868 1869 2052 2053 2054 2055 2788 2789 2830 2831 3006 3007 3050 3051
451 452 453 454 475 476 477 478 850 851 852 853 977 978 979 980 1287 1288 1289 1290 2387 2388 2389 2390 2406 2407 2408 2409 2501 2502 2503 2504 2466 2467 2519 2520 216 217 1803 1804 2358 2359
457 458 459 460 481 482 483 484 876 877 880 881 981 982 983 984 1020 1021 1121 1122 1283 1284 1285 1286 1488 1489 1490 1491 1598 1599 97 98 311 312 2688 2689 2750 2751 2950 2951 1338 1339 1661 1662 1788 1789 1939 2565 198 199 2944 2955 61
461 462 463 464 485 486 487 488 832 833 882 883 985 986 987 988 1119 1120 1480 1481 1482 1483 1517 1518 1594 1595 1734 1735 1736 1737 1691 1692 1693 1694 1940 1941 2945 2946
465 466 513 514 774 864 997 998 999 1000 1070 1071 1072 1073 1127 1128 1484 1485 1486 1487 1549 1550 1551 1552 1596 1597 2155 2156 2190 2191 2224 2726 2727 2832 2833 2846 2856 2857 2934 2935 1905 1906 2555 2556 2898 2899 2930 2931 53 54
497 498 499 500 733 937 938 939 940 1444 1445 1446 1447 1703 1704 2591 2592 2593 2594 368 369 2762 2763 2922 2923
509 510 511 512 523 524 525 526 652 653 775 776 1452 1453 1454 1455 1543 1544 1545 1546 1746 1747 2371 2372 2373 2374 2416 2417 2418 2419 2506 2507 1404 1407 2697 2698 2699 2700 2776 2777 2786 2787 2932 2933 3053 1911 1912 1913 1914 2057 2058 2909 2910 2911 2912 3029 3030 76
519 520 521 522 535 536 537 538 660 661 941 942 943 944 1306 1307 2125 2126 2127 2128 2192 2193 2194 2195 2324 2325 886 888 889 891 2056 2604 3010 3052
543 544 545 546 561 562 563 564 758 759 760 761 1054 1055 1316 1317 1460 1461 1462 1463 1555 1556 1557 1558 1763 1764 1765 1766 2332 2333 159 160 421 422 2778 2779 2782 2783 2925 2928 2067 2068 2609 2610 3011 3012 3054 3055 77 78
547 548 549 550 662 663 664 665 789 790 1060 1061 1062 1063 1187 1188 1189 1190 1304 1305 1547 1548 1644 1645 1748 2631 2632 2652 182 183 900 901 2658 2659 2880 2881 2997 2998 1361 1362
569 570 571 572 674 675 676 677 811 812 1056 1057 1058 1059 1183 1184 1185 1186 1302 1303 1749 1750 141 142 323 324
580 581 616 617 642 953 954 1116 1299 1464 1465 1593 2137 2138 2323 2379 2380 2442 2505 2622 2623 2637 2731 2732 2733 2734 2748 2749 2816 2817 2860 2861 2936 2937 1858 1859 2538 2539 2792 2793 2824 2825 46 47
584 585 586 587 744 745 746 747 865 866 870 871 1466 1467 1468 1469 1767 1768 1769 1770 2381 2382 2383 2384 2402 2403 2436 2437 2514 2515 2516 2517 2692 2693 2852 2853 2953 2954 1862 1863 1864 1865 2073 2074 2075 2076 2795 2796 2797 2798 3032 3033 3034 3035
588 589 590 591 628 629 630 631 868 869 963 964 965 966 1112 1113 1114 1115 2432 2433 2434 2435 887 890
592 593 594 595 752 753 754 755 872 873 878 879 959 960 961 962 1022 1023 1117 1118 1326 1327 1328 1329 2401 2512 2513 2653 2654 736 737
611 612 613 614 762 763 764 765 860 861 862 863 971 972 973 974 1038 1039 1040 1041 1318 1319 1320 1321 1527 1528 1529 1530 2696 2701 2887 2890
638 639 640 641 686 687 688 689 797 798 967 968 969 970 1108 1109 1110 1111 1379 1384 1600 1601 1602 1603 2229 2230 2231 2232
666 667 668 669 1024 1025 1253 1254 1514 2296 2800 2805 2983 2984 819 821 822 824
713 714 731 732 1005 1006 1007 1008 1506 1507 1508 1509 1567 1568 1569 1570 1618 1619 1620 1621 2395 2396 884 885 1413 1414 279 280 2806 2808 2809 2811
740 741 834 835 1034 1035 1036 1037 1330 1331 1332 1333 1470 1471 1472 1473 1523 1524 1525 1526 1771 1772 1773 1774 894 895 1417 1418
748 749 750 751 945 946 947 948 2129 2130 2131 2132 2174 2175 2297 2298 2338 2339 2340 2341 115 116 265 270 2686 2687 3040 3041 3015 3016
803 804 805 806 1009 1010 1011 1012 1078 1079 1080 1081 1139 1140 1141 1142 2169 2170
807 808 809 810 1013 1014 1510 1511 1512 1513 1515 1516 1628 1629 1630 1631 1995 1996 1997 1998 155 156 654 659 2690 2691 2780 2781
828 829 830 831 1064 1065 1066 1067 1300 1301 2227 2228 2730 2735 2754 2755 2828 2829
1015 1016 1017 1018 1042 1043 1044 1045 1502 1503 1504 1505 1712 1713 1714 1715 343 348
1100 1101 1102 1103 1265 1266 1267 1268 1585 1586 1587 1588 331 336 2758 2759 210 211 212 213 565 566 567 568 2133 2134 2135 2136 2249 2250 2251 2252
1169 1170 1171 1172 1295 1296 1297 1298 1738 1739 1740 1741 2716 2717 395 396 397 398 575 576 577 578 1846 1847 1848 1849 1921 1922 1923 1924
1179 1180 1181 1182 2111 2112 2196 2197 2198 2199 2263 2264 2265 2266 2326 2327 2414 2415 2459 2460 366 367 723 724
1261 1262 1263 1264 1531 1532 1533 1534 1795 1796 622 623 624 625 2391 2392 2393 2394 2894 2895 3048 3049
1322 1323 1324 1325 1610 1611 1612 1613 493 494 495 496 2410 2411 2412 2413 2682 2683
1474 1475 1476 1477 1755 1756 2143 2144 2145 2146 2220 2221 2222 2223 289 294 218 219 220 221 1165 1166 1167 1168
1563 1564 1565 1566 1646 1647 1648 1649 2461 2462 2463 2464 2487 2488 705 706 707 708 989 990 991 992
1589 1590 1591 1592 2139 2140 2141 2142 2216 2217 2218 2219 2225 2226 597 598 599 600 1218 1219 1220 1221
1708 1709 2184 2185 779 784 2807 2810 949 950 951 952 1341 1342 1343 1344 2375 2376 2377 2378 2521 2522 2523 2524 2876 2877 2884 2885
1761 1762 2117 2118 2119 2120 2239 2240 2241 2242 573 574 2739 2742
2206 2207 2208 2209 2354 2355 251 252 2794 2799 955 956 957 958 1277 1278 1279 1280 1448 1449 1450 1451 1720 1721 1722 1723 2858 2859
2253 2254 2255 2256 303 308 2908 2913 355 356 357 358 1535 1536 1537 1538 1728 1729 1730 1731
2334 2335 2336 2337 137 138 2866 2867 501 502 503 504 1897 1898 1899 1900 1976 1977 1978 1979
2365 2366 2367 2368 2455 2456 2457 2458 258 259 3023 3028 1204 1205 1206 1207 2272 2273 2274 2275 2347 2348 2349 2350 734 735 1369 1370
2397 2398 2399 2400 2491 2492 2493 2494 607 608 609 610 682 683 684 685 1094 1095 1096 1097 1131 1132 1133 1134 2095 2096
820 823 1385 1390 2902 2907 2963 2968 2771 2774
1392 1395 1810 1813 2915 2918 2969 2974
1815 1820 2976 2979 3018 3021
1824 1827 3031 3036 2003 2004 2005 2006 2084 2085 2086 2087 2585 2586 2587 2588 2612 2613 2614 2615 151 152 263 264 626 627 2660 2661
359 360 361 362 603 604 605 606 1212 1213 1214 1215 1273 1274 1275 1276 2694 2695
670 671 672 673 791 792 793 794 1242 1243 1244 1245 1312 1313 1314 1315 2836 2837
678 679 680 681 799 800 801 802 1238 1239 1240 1241 1308 1309 1310 1311
690 691 692 693 770 771 772 773 1123 1124 1125 1126 2736 2737
709 710 711 712 766 767 768 769 1208 1209 1210 1211 1345 1346 1347 1348
715 716 717 718 1086 1087 1088 1089
993 994 995 996 1050 1051 1052 1053 1492 1493 1494 1495 1539 1540 1541 1542 131 132 2948 2949
1046 1047 1048 1049 1496 1497 1498 1499 582 583 2985 2986
1173 1174 1175 1176 1636 1637 1638 1639 1665 1666 1667 1668
1456 1457 1458 1459 1581 1582 1583 1584 1850 1851 1852 1853 1929 1930 1931 1932 374 375 3044 3045
1571 1572 1573 1574 1677 1678 1679 1680 2210 2211 2212 2213 2276 2277 2278 2279 601 602 2814 2815
1604 1605 1606 1607 1757 1758 1759 1760 1942 1943 1944 1945 2059 2060 2061 2062 896 897 2826 2827
1640 1641 1642 1643 1669 1670 1671 1672 1966 1967 1968 1969 1999 2000 2001 2002
1673 1674 1675 1676 1784 1785 1786 1787 1987 1988 1989 1990 2080 2081 2082 2083
1695 1696 1697 1698 1751 1752 1753 1754 2290 2291 2292 2293 2328 2329 2330 2331
1699 1700 1701 1702 1870 1871 1872 1873 2017 2018 2019 2020
1780 1781 1782 1783 2186 2187 2188 2189 2766 2767
1854 1855 1856 1857 1925 1926 1927 1928 2426 2427 2428 2429
1874 1875 1876 1877 1907 1908 1909 1910 2157 2158 2159 2160 261 262
1878 1879 1880 1881 1950 1951 1952 1953 2438 2439 2440 2441
1901 1902 1903 1904 2046 2047 2048 2049 2495 2496 2497 2498
1946 1947 1948 1949 2038 2039 2040 2041 2309 2310 2311 2312
1972 1973 1974 1975 1991 1992 1993 1994 2574 2575 2576 2577 2581 2582 2583 2584
2007 2008 2009 2010 2042 2043 2044 2045 2472 2473 2474 2475
2021 2022 2023 2024 2063 2064 2065 2066 2605 2606 2607 2608
2069 2070 2071 2072 2468 2469 2470 2471 2508 2509 2510 2511
2451 2452 2453 2454 2482 2483 2484 2485 2812 2813
2534 2535 2536 2537 2559 2560 2561 2562
2542 2543 2544 2545 2551 2552 2553 2554
2566 2567 2568 2569 2598 2599 2600 2601
