0 1 17 107 108 143 144 210 212 275 276 333 402 529 531 532 548 636 659 675 771 772 869 906 1108 1109 1119 1200 1265 1266 1339 33 345 654 1403 1406 1809 1812 2110 2222 2223 2226 2269 2307 2308 2343 16 371 373 714 715 866 1102 1103 1118 1199 1263 1264 1336 27 1372 1394 1396 1424 1591 1592 1597 1662 1722 1723 1779 26 1391 1393 1423 1589 1590 1596 1661 1720 1721 1778 41 59 1831 1832 1936 1938 2665 2666 2671 2677 2678 2684 2855 2860 2898 2926 2928 2942 60 1935 1937 2664 2861 2899 2929 2931 2943 61 72 1940 1941 2033 2035 2946 2949 2955 3006 3039 3046 73 2032 2034 2948 3007 3047 30 68 1805 1985 2079 3011 29 1986 2078 79
2 3 89 90 91 92 109 110 111 112 277 278 281 282 358 359 417 418 457 458 459 460 467 469 470 472 791 792 915 916 20 335 372 401 858 860 1017 1018 1076 1077 1175 1176 1203 1346 19 368 369 400 859 1015 1016 1074 1075 1173 1174 1202 1345 23 1363 1374 1410 1504 1505 1545 1546 1626 1627 1660 1777 22 1373 1409 1502 1503 1543 1544 1624 1625 1659 1776 50 55 1887 1910 2547 2558 2685 2730 2735 2780 2782 2792 2834 2848 2879 2880 2896 2932 51 56 1886 1909 2546 2557 2783 2785 2793 2835 2881 2882 2897 2933 28 64 1964 2077 2573 2580 2952 2962 2999 65 1965 2572 2961 3000 39 1984 2611 2733 2732
4 5 85 86 87 88 113 114 115 116 206 207 208 209 254 255 256 257 409 410 515 516 673 674 749 751 752 754 907 908 36 323 1413 1414 1821 1822 2095 2379 2380 2430 2431 2449 2450 2465 2520 1400 1476 1477 1634 1635 1399 1474 1475 1632 1633 31 1807 1808 2137 2138 2214 2215 2243 2244 2267 2344 46 1855 1857 2676 2731 2734 2771 2772 2788 2816 2888 2890 47 1854 1856 2773 2774 2789 2817 2891 2893 1961 1962 1960 1963
6 7 95 96 97 98 121 122 123 124 224 225 226 227 253 258 303 304 305 306 455 456 665 666 765 766 871 872 691 692 930 1802 2356 2480 2481 420 973 974 1114 1115 1236 1237 419 971 972 1112 1113 1234 1235 1797 2098 2280 2281 1863 1934 2539 2564 2795 2796 2914 2916 1862 1933 2538 2563 2797 2798 2917 2919 69 2007 2590 2970 2973 70 2008 2589 2971 2972
8 9 99 100 101 102 117 118 119 120 141 142 423 424 445 446 461 462 465 466 473 474 475 476 479 481 482 484 917 918 487 676 1401 1402 2395 2396 2414 2415 12 241 242 759 760 1013 1014 1062 1063 1155 1156 1195 1334 1382 1383 1380 1381 1883 1885 1912 1914 1882 1884 1911 1913
10 11 81 82 83 84 103 104 105 106 265 266 269 270 380 381 413 414 447 448 449 450 451 452 570 571 598 599 913 914 504 1368 361 360 21 1360 1369 1500 1501 1547 1548 1622 1623 1658 1775
125 126 127 128 287 288 289 290 463 464 24 561 565 800 1426 1515 1706 1793 25 560 564 1427 1516 1707 1794 861 1022 1250 1357 15 865 1021 1249 1356 2528 2574 2575 2585 2586 2576 2577 2587 2588 80 2657 3043 2969 2974 3010 52 71
129 130 131 132 163 164 165 166 338 340 341 343 492 493 496 497 509 510 550 551 685 686 695 696 697 698 681 682 2357 2360 2436 2489 2490 14 94 236 742 744 864 1106 1107 1122 1224 1225 1259 1260 13 93 739 741 863 1104 1105 1121 1222 1223 1257 1258 40 1829 1830 2617 2635 2636 2637 2645 2646 2648 2649 2674 2675 2944 2945 3017 3020 3015 3018 2014 2015 2013 2016
133 134 135 136 299 300 301 302 494 495 38 214 747 799 2362 2402 2487 2526 211 868 317 1020 1248 1353 873 1025 1253 1358 1970 1971 1999 2000 1972 1973 2001 2002
137 138 139 140 171 172 173 174 383 384 385 386 453 454 536 537 558 559 689 690 761 762 763 764 785 787 788 790 876 875 2099 2108 2224 2299 2300
145 146 147 148 179 180 181 182 267 268 477 478 566 567 634 635 693 694 701 702 703 704 887 888 660 680 878 920 1228 1229 679 877 919 1100 1101 1117 1226 1227 1261 1262 1425 1575 1576 1593 1681 1682 1710 1711 1833 2529 1939 2037 2565 2597 2036 2596
149 150 151 152 159 160 161 162 279 280 339 342 542 543 755 756 757 758 773 774 801 802 894 895 1404 1408 1804 2359 2463 2464 2478 2479 2497 2498 37 1407 1803 2358 2361 2401 2461 2462 2476 2477 2495 2496 1422 1518 1648 1649 1693 1694 1714 1715 1421 1517 1646 1647 1691 1692 1712 1713 66 1975 2579 2673 2841 2956 2975 2977 2987 2989 67 1974 2578 2672 2842 2978 2980 2990 2992 2846 2847 1888 2548 2844 2845
155 156 157 158 167 168 169 170 378 379 411 412 468 471 502 503 546 547 718 719 720 721 896 897 911 912 32 1811 1814 2104 2109 2172 2259 2260 2268 2305 2306 2342 637 2105 2173 2261 2262 862 1027 1185 1186 1255 1256 2628 2642 2643 2644 2655 1981 1983 2959 3003 1980 1982 2960 3004 1891 1892 2843 2852
175 176 177 178 243 244 245 246 392 393 480 483 505 506 507 508 2424 2425 2459 2460 318 642 929 953 954 1068 1069 1220 1221 1378 1420 1565 1566 1656 1657 1697 1698 1377 1419 1563 1564 1654 1655 1695 1696 2725 2726 2765 2768 2892 2727 2728 2889 57 1920 2556 2766 2851 2909 2910 58 1919 2555 2767 2911 2912
183 184 185 186 204 205 398 399 577 578 579 580 604 605 606 607 797 798 832 833 324 325 879 880 1246 1299 1361 1362 1364 1365 1432 1433 1644 1645 1703 1746 34 1817 1819 2119 2120 2263 2264 2270 2297 2326 2345 35 1816 1818 2121 2122 2265 2266 2271 2298 2327 2346 42 1835 1837 2715 2718 2720 2722 2736 2744 2983 2997 43 1834 1836 2721 2723 2737 2745 2984 2998 76 2056 2057 2714 3052 2719 2030 3005 2029 3042
188 189 190 191 421 422 544 545 612 613 614 615 648 649 650 651 836 837 842 1375 1397 1415 1434 1435 1650 1651 1663 1755 1788 843 1376 1398 1416 1436 1437 1652 1653 1664 1756 1789 2113 2114 2257 2258 2294 2323 1839 2531 1838 2530 2058 2604 2031 2595
192 193 220 221 222 223 293 294 382 387 572 573 574 575 677 678 1386 1387 1417 1602 1683 1684 1738 1739 1388 1389 1418 1603 1685 1686 1740 1741 2618 2619 2650 2651 2652 2313 2314 74 2053 2055 2694 2708 2709 2950 3025 3027 3044 75 2052 2054 2695 2712 2713 2951 3024 3026 3045 3029 3030
194 195 196 197 525 526 527 528 717 722 330 425 937 938 1251 1302 430 2096 2127 2128 2296 2325 436 943 944 1254 1307 1579 1580 1701 1702 1577 1578 1699 1700 2129 2130 44 2762 2776 2918 3014 45 2763 2777 2915
198 199 228 229 230 231 584 585 586 587 647 652 683 684 427 429 1823 1826 2367 2368 2438 2467 2503 2504 2507 2519 426 428 1825 1828 2365 2366 2437 2466 2501 2502 2506 2518 891 892 1289 1290 1301 712 713 889 890 1198 1287 1288 1300 1335 3008 3050 3009 3051
200 201 202 203 511 512 513 514 750 753 1366 1456 1457 1549 1550 2198 2199 1240 1241 1310 1311 1238 1239 1308 1309 1412 1446 1447 2620 2621 2631 2632 2697 2698 3031 3033 2699 2700 3034 3036
232 233 234 235 552 553 556 557 588 589 594 595 596 597 687 699 867 921 922 1230 1231 1291 1292 18 688 700 748 923 924 1120 1232 1233 1293 1294 1303 1732 1733 1806 2047 2603 2046 2602
237 238 239 240 517 518 519 520 554 555 620 621 622 623 935 936 1080 1081 370 933 934 1078 1079 1450 1451 1744 1745 1448 1449 1742 1743 1841 2533 2703 2704 2754 2755 2930 1840 2532 2705 2706 2758 2759 2927 2769 2764
247 248 249 250 521 522 523 524 576 581 628 629 630 631 562 1798 2102 2125 2126 2210 2211 2282 2283 2315 2316 563 1799 2103 2212 2213 2284 2285 2317 2318 672 910 947 948 1072 1073 1283 1284 671 909 945 946 1070 1071 1281 1282
259 260 261 262 415 416 590 591 592 593 781 782 783 784 1371 2097 2373 2374 2418 2419 2516 2517 1370 2371 2372 2416 2417 2514 2515 1442 1443 1769 1770 2123 2124 2190 2191 2336 2337 77 1843 1845 2074 2076 2760 2778 2781 2784 3012 3053 3054 78 1842 1844 2073 2075 2761 2779 3013 3055
271 272 273 274 441 442 443 444 600 601 602 603 535 530 533 534 2192 2193 2286 2287 2338 2339 2131 2132 2194 2195 2288 2289 2340 2341 3035 3032 2903 2904 2905 2906
283 284 285 286 608 609 610 611 830 831 898 899 1023 1322 1323 213 215 939 940 1024 1201 1252 1324 1325 1340 1520 1709 1773 1774 1519 1708 1771 1772 2072 2610 2686 2853 3040 2071 2609 2687 2854 3041
295 296 297 298 661 662 663 664 793 794 795 796 406 407 408 403 404 405 1464 1465 1521 1522 2180 2181 2696 2819 2822 2701 54 2823 2836 2863 2887 53 2818 2862 2886
309 310 311 312 667 668 669 670 767 768 769 770 653 967 968 1034 1035 969 970 1036 1037 1889 2549 2868 2869 1890 2550 2864 2865
313 314 315 316 348 349 350 351 786 789 2377 2378 2523 2524 2375 2376 2521 2522 1026 1028 1029 1124 1019 1533 1534 1704 1747 2807 2810 3056 2806 2811
319 320 321 322 354 355 356 357 1058 1059 1157 1158 1060 1061 1159 1160 1454 1455 1786 1787 1411 1555 1556 2251 2252 1848 1849 2082 2083
331 332 488 489 490 491 707 708 709 710 1390 1850 1851 1385 1852 1853 1462 1463 1460 1461 2202 2203 2235 2236 2352 2204 2205 2237 2238 2353 2940 2941 2995 2996 62 2878 2883 2938 2947 2993 63 2939 2994
336 337 498 499 500 501 723 724 725 726 1082 1083 1147 1148 1354 870 1084 1085 1149 1150 1355 1800 1815 2106 1801 1820 2107 2662 2663 2669 2670 3037 3038 2964 2965 2966 2967
346 347 655 656 657 658 813 814 815 816 977 978 979 980 1395 1667 1668 1392 1665 1666 1995 1996 1997 1998 48 2683 2702 2830 2833 2894 2895 49 2707 2831 2832
352 353 731 732 733 734 818 819 820 821 900 901 716 711 1478 1479 1514 1608 1609 1790 2624 2625 2638 2639 2656 2690 2770 2790 2691 2775 2791 2837 2957 2838 2958
362 363 735 736 737 738 824 825 826 827 904 905 1484 1485 1614 1615 1486 1487 1616 1617 975 976 1129 1130 1351 2147 2148 2171 2233 2234 2351 1865 2092 2541 2616 2801 2802 1864 2540 2803 2804 1951 2567 1950 2566
364 365 366 367 616 617 618 619 1181 1182 2225 2354 1267 1268 2486 1305 1352 2544 2545 2553 2554 2159 2160 2188 2189 2710 2711
374 375 376 377 624 625 626 627 1405 1628 1629 2324 1876 1877 1903 1904 995 996 1048 1049 1247 1749 2249 2250
388 389 390 391 777 778 779 780 1009 1010 2527 1011 1012 1557 1558 1705 1604 1605 1757 1758 2568 2569 2605 2606 2175
394 395 396 397 538 539 540 541 1470 1471 1765 1766 329 2381 2382 1316 1317 1468 1469 1763 1764 1927 1928 1958 1959 1921 1922 1942 1943 2866 2867
431 432 433 434 817 1506 1507 1527 1528 1508 1509 1529 1530 1007 1008 1032 1033 435 1005 1006 1030 1031 2626 2627 2629 2630 2717 2828 2829 2884 2716 2885
437 438 439 440 1571 1572 2403 2505 1573 1574 874 931 932 1123 1987 1988 2080 2081 1989 1990 3023 3028
638 639 640 641 805 806 807 808 822 823 1810 2025 2026 1813 2027 2028 1490 1491 1488 1489 1531 1532 2292 2293 2290 2291 2814 2815 2871 2870
643 644 645 646 809 810 811 812 828 829 1824 2084 2085 1827 2086 2087 987 988 985 986 2612 2613 2614 2615
727 728 729 730 1581 1582 1110 1111 949 950 1196 2067 2068 2607 2608 2872 2874 2875 2877
838 839 840 841 326 1716 1717 2295 1931 1932 1948 1949 1384 1569 1570 1600 1601 2301 2302 2561 2562 2570 2571 2208 2209 2231 2232
844 845 846 847 1901 1902 1966 1967 1968 1969 1052 1053 1171 1172 1050 1051 1169 1170 2167 2168 2169 2170 2303 2304 2820 2821
848 849 850 851 2100 2101 2363 2364 2512 2513 885 886 1197 1320 1321 883 884 1318 1319 2227 2228 2739 2742 2953 2954 2743 2738
852 853 854 855 1946 1947 2042 2043 1367 1583 1584 2355 991 992 989 990 1585 1586 1944 1945 2040 2041 2963 2968
153 154 187 218 219 263 264 857 881 882 893 902 2143 2144 549 1472 1473 1193 1194 1191 1192 1306 1466 1467 2688 2824 2689 2825
216 217 291 292 327 328 485 486 582 583 2369 2370 2499 2500 1338 1337 2319 2320 2321 2322 1916 1918 2900 1915 1917 2901
251 252 308 334 568 569 705 706 903 2447 2448 307 2445 2446 1133 1134 1139 1140 1330 1331 1430 1431 1612 1613 2991 2988 1953 1955 1952 1954
344 632 633 803 804 1991 1992 740 1204 1205 1347 1348 1482 1483 1525 1526 1780 1781 2581 2582 2151 2152 2184 2185
745 746 775 776 834 835 2161 2162 2196 2197 2245 2246 1551 1552 1630 1631 1003 1004 1066 1067 1153 1154 1054 1055 1161 1162 2640 2641 2808 2809
1874 1875 2003 2004 1183 1184 2525 1116 1498 1499 1679 1680 1379 1492 1493 1673 1674 2157 2158 2272 2273 2800 2805
1929 1930 1458 1459 1718 1719 1096 1097 1244 1245 941 942 1269 1270 1444 1445 2023 2024 2206 2207
2063 2064 1993 1994 2065 2066 927 928 1359 925 926 1595 1792 1428 1429 1594 1791 2747 2746 3016 3019
2115 2116 2239 2240 2332 2333 1767 1768 1145 1146 1328 1329 1143 1144 1326 1327 1610 1611 1761 1762
2153 2154 2176 2177 2044 2045 743 1275 1276 1042 1043 1730 1731 1480 1481 1523 1524 2593 2594 2600 2601
2220 2221 2005 2006 965 966 959 960 1638 1639 1675 1676 2174
2383 2384 2408 2409 2145 2146 2178 2179 2334 2335 961 962 1332 1333 963 964 1038 1039 1893 1895 1894 1896
2387 2388 2434 2435 2155 2156 2241 2242 983 984 981 982 1131 1132 2149 2150 2216 2217 1867 1869 1866 1868 2740 2741
2389 2390 2404 2405 2488 1040 1041 1242 1243 1689 1690 2182 2183 2093
2393 2394 2412 2413 2247 2248 1163 1164 993 994 1046 1047 1494 1495 1541 1542 1496 1497 1535 1536 2647 3001 3002 2981 2982
2399 2400 2422 2423 2163 2164 1127 1128 1279 1280 1001 1002 1510 1511 2229 2230 2309 2310
2428 2429 2441 2442 2385 2386 1092 1093 1137 1138 1090 1091 1135 1136 1736 1737 1796
2443 2444 951 952 1349 1350 955 956 1341 1342 1553 1554 1748 2534 2535 1860 1861 2090 2091 2200 2201
2453 2454 2117 2118 1206 1207 1151 1152 1750 1438 1439 1795 2276 2277 2094
2457 2458 2470 2471 2397 2398 2420 2421 1088 1089 1165 1166 1561 1562 1559 1560
2474 2475 2493 2494 2406 2407 1044 1045 1212 1213 1273 1274 1726 1727 1677 1678 1728 1729 2165 2166
2484 2485 2510 2511 2482 2483 2508 2509 1056 1057 1064 1065 1687 1688 1751 1752 2021 2022 2112 2660 2661 2858 2859
856 2391 2392 2410 2411 999 1000 1177 1178 1304 1878 1879 1905 1906 1880 1881 1907 1908
2426 2427 2439 2440 1271 1272 1606 1607 1567 1568 1598 1599 1925 1926 1956 1957 3048 3049
2432 2433 2451 2452 957 958 1277 1278 1587 1588 1452 1453 1724 1725 2218 2219 2794 2799
2455 2456 2468 2469 1098 1099 1642 1643 1636 1637 1669 1670 1976 1977 2936 2937
2472 2473 2491 2492 1179 1180 1187 1188 1440 1441 2009 2010 2048 2049
1141 1142 997 998 1216 1217 1620 1621 1618 1619 1870 1871
1167 1168 1214 1215 1295 1296 1640 1641 1978 1979 2011 2012 2255 2256 2274 2275 2680 2849 2679 2850
1189 1190 1086 1087 1671 1672 2583 2584 2278 2279
1210 1211 1314 1315 1208 1209 1312 1313 1512 1513 2059 2060 2061 2062 2752 2753 2693 2692
1218 1219 1343 1344 1784 1785 2088 2089 2141 2142 2347 2348 2750 2751
1285 1286 1537 1538 1759 1760 1539 1540 2111 1897 1898 2913 2908
1297 1298 1094 1095 1125 1126 1734 1735 2559 2560 1923 1924
1753 1754 2139 2140 2069 2070 2330 2331 2827 2826
1782 1783 1858 1859 2536 2537 2857 2920 2925 2985 2839
2542 2543 2551 2552 1872 1873 1899 1900 2986
2591 2592 2598 2599 2050 2051 2017 2018 2038 2039 2658 2659 2748 2749
2622 2623 2633 2634 2349 2350 2979 2976
2653 2654 1846 1847 2133 2134 2253 2254 2756 2757
2135 2136 2311 2312 2856 2840
2019 2020 2667 2668
2186 2187 2328 2329 2787 2786
2682 2724 2876 2921
2922 2935 2729 2813
2934 2923 2812
2681 2873
2924
2902 2907 3021 3022
