583 446 1677 1927 2150 873 1895 2043 220 284 2121 2622 970 964 1922 8 1658 1604 1622 600 984 2960
2013 2608 282 100 1304 2436 1592 414 2611 1120 1986 18 2384 2016 47 2751 969 2007 1213 712 1312 620 463 61 1465 415 1591 1464 38 1401 21 1594 881 2678 2750 2855 2383 649 46
787 2285 879 633 1723 361 2930 2593 1398 89 771 1605 1797 566 1584 69 31 732 821 2300 59 1698 2012 2677 1270 2215 1235 72 1109 2589 3019 19 28 2916 2033 1930 1376 25 400
402 2642 1666 1279 1486 1572 2619 959 430 2434 1319 449 2822 512 2128 2926 2104 441 407 524 1219 294 2263 302 2959 2116 1739 1724 2910 98 979 2337 2220 116 3018 1599 1284 1093 188 2866 201 2709 2374 2141 137 2964 1132 397
1830 1033 2036 2787 543 219 245 2648 299 1137 2801 2181 1442 2301 2645 2838 40 2802 2034 80 843 1805 578 2760 1364 1867 1362 2816 2123 1710 9 3017 73 2291 32 1483 3038 3049 2775 1790 1685 301 1143 1840 3013 2625 3020 45 579 704 2646 1023 1686 23 485 29 2668 2092 2832 1372 2194 48 70 2015 1811 1361 2620 1020 1054 2761 2352 2014 30 3037 2656 1829 2093 2290 1842 1814 1869
2011 1687 2621 171 2500 2568 1140 2917 2985 752 200 2734 2505 74 182 2983 2737 248 1571 1286 2566 172 1138 618 437 76 2363 2756 1929 929 597 2533 2545 2547 62 17 462 1307 396 2448 43 686 636 2590 2706 1306 2528 3044 2 927
2349 1737 2845 1817 1505 623 1315 2157 2186 1880 934 2336 1791 744 2498 799 1487 1905 1820 827 1907 1906 490 1147 2719 1141 1499 1878 1191 788 1806 2187 255 2717 1321 2494 669 1908 1303
1647 228 982 1521 1958 2707 3047 2365 952 696 749 1984 2895 1215 36 2443 848 348 1653 1836 760 2489 97 2184 1367 1199 386 2355 895 1585 2277 149 2729 91 1827 2079 2132 684 4 7 85 337 2994 79 2982 63 2792 2518 2739
1225 2859 1121 1789 1910 352 33 1509 577 369 525 1065 1794 2111 1063 2293 746 56 2544 1062 296 1118 2858 1231 769 1064 666 521 1799 2195 55 2902 2904 2226 1 599 2846 1941 2945 15 546 2626 1909
2594 2386 2064 394 2763 1644 2143 2951 2918 3033 343 154 2018 2676 1613 2842 635 34 1245 2236 2561 2259 347 373 1092 2939 321 2779 1898 1049 794 2772 67 127 1468 323 2767 903 2102 750 2906 2455 2610 1816 211 2556 663 2908 655 1368 1921 224 1366 2154
2350 2699 1254 2410 2346 699 901 1167 603 1436 64 2723 772 921 2981 1964 1623 1166 1165 2952 1965 1705 919 613 1832 612 1168 2698 20 2029 2430 1253 71 65 1360
1753 1614 1012 631 1102 870 522 851 166 2755 1444 1712 2445 2359 694 1359 2595 459 2467 1409 1337 12 926 2938 713 108 1404 2373 2580 37 1912 2958 3009 745 39 1095 693 1661 2570 551 1574 1075 764 2746 1308 2077 68 2532 2491
1060 1190 506 2915 1537 2065 2326 1282 1846 183 432 44 1819 967 2129 1241 2607 2370 3 1533 2058
2774 478 3008 1399 2725 2614 1837 2724 150 1340 2879 2860 3056 697 1896 269 1344 810 1370 3039 1343 2720 42 124 2701 315 191 2615 164 2686 533 1355 1985 2878 2659 2078 52 2037 311 87 508 706 209
193 611 1439 1391 2332 1792 535 1334 2031 544 1708 1750 1236 2333 3053 26 1835 1393 1237 2030 1195 2519 678 2722 1230
662 84 1606 177 2117 588 136 1224 2329 1804 2246 1758 2747 2693 2826 239 2142 2353 104 2094 404 2527 648 2103 2292 917 2572 1357 2903 2454 2795 2882 2416 700 2478 2367 1634 309 610 1684 2973 2382 455 2935 2229 624 205 500 1156 3001 325 267 2660 962 1855 571 736 1410 2970
892 2784 1881 2022 2988 1694 1692 1021 1673 2837 1326 765 2966 981 99 2829 1642 1997 1390 2689 565 5 49 763 1966 54 2794 2028 1675 129 125 1497 411 2808 575 363 1392 1875 78 1328 1987 2980 3006 1394 2853 1387 1369 1640 1972
376 1524 2993 1569 768 2002 2740 2769 2420 1262 1506 1559 902 1507 374 2685 2883 1621 50 27 2395 2405 2710 1534 2835 1781 1414 2766 1776 2713 2892 58 2743 1512 1615 2834 51 2520 324 1513 1993 2396 2840
2874 605 2940 1163 1862 0 1849 227 35 563 2965 16 1134 314 1470 1590 1144 481 2715 2145 308 1113 489 726 965 408 1233 1318 425 2886 2283 2249 458 520 1223 1700 1153 1624 615 2998 2071 262 2223 1324 2798 342 1619 761 194 1960 3032 1411 1957 1923 570 2773 2340 120 731 1936 1107 2238 2948 2823 779 1763
133 514 2785 1833 1693 1844 431 2297 1217 2439 1373 1073 2273 608 1656 1037 1059 422 2368 491 2738 1429 527 1734 2581
2673 2497 2200 2651 2644 869 176 2896 6 2161 153 1335 2932 2791 88 2764 509 1741 1142 476 1443 336 1174 2633 2099 218 1911 1363 2696 274 385 2055 280 2897 1845 2745 855 148 2201 417 2827 2695 57 534 2136 1504 1557 2634 1277 356 2271 883 695 2314 1558 1886 2851 492 2460 2754 236 384 357 2571
331 3002 673 2268 2927 1179 2871 1081 410 13 398 312 2076 845 2962 393 905 383 2667 852 2936 2957 2529 3054 523 562 2558 908 2662 499 2578 1974 2101 2205 1193 1424 1568 1329 2887 677 2670 185 2265 1663 291 1383 2880 2110 327 303 576 2847 2551 1831 1419 2661 41 1780 217 1764 317 2343 107 130 77 1196 813 240 898 2682 767 2242 1350 391 210 584 2683 1403 1058 3004 1650 3010 1955 2987 1553 2875 2899 2606
1884 1561 2172 992 743 405 2848 2388 2809 66 2477 252 344 1151 2770 1825 2780 1492 1548 2977 2950 980 790 1956 1227 900 2462 2967 1192 233 1981
2681 2658 1229 2464 628 1048 427 75 2357 2995 2675 889 2362 1280 2507 802 2503 2856 2865 3026 2407 2976 2361 3030 2873 2672 10 2476 141 2884 2680 3045 2409 2997 2506 2501 179
2247 998 1071 1695 155 953 232 1261 2674 2891 2197 2876 907 138 1771 2630 1527 102 24 142 3048 53 573 3034 3027 1031 2869
1466 2190 2732 2452 333 709 2523 2433 545 2021 958 2463 275 2727 1148 2380 1099 378 438 2576 1948 198 727 14 671 2888 2147 466
978 2803 346 1008 2799 1380 819 2526 1713 1979 2969 1988 460 367 1798 1874 1676 118 1643 1498 2003 997 2635 1216 2318 2198 1679 1967 756 1872 777 922 1994 2001 1209
2700 168 2603 1722 914 1397 2805 1433 1597 2084 2114 3040 197 1116 659 791 510 740 199 1435 94 2565 2730 1720 286 581 703 1416 1596 2531 2008 2299 1415 2224 834 2096 1263
1057 1128 250 134 2307 1968 96 1458 2412 2424 915 2338 1953 1877 996 1490 785 1793 1022 2320 717 1717 770 2275 1171 549 2946 229 837 2758
2255 2211 647 640 1970 904 1627 2900 1815 2968 2272 832 2041 1900 2038 1351 856 1996 1006 366 2598 1928 1005 2411 354 2885 1746 1813 1942 215 1989 2496
2045 368 547 925 375 1539 1999 1184 2210 1016 2867 1857 1327 1689 488 1502 2369 204 1045 1356 1951 830 2151
1952 2537 793 630 1853 290 517 2559 1395 1754 2062 1573 812 2535 2800 2922 1451 105 1828 359 2295 1600 2203 170 1266 1396 935
483 885 2664 1332 2893 1531 854 1716 2342 1129 645 498 1405 2178 1812 1271 2334 2274 436 1052 2231 775 3055 1208
242 2140 157 2414 2649 667 1268 1736 595 1070 2108 2167 784 589 1422 2313 2074 1975 1239
2328 2781 2647 1181 1998 875 1639 2385 381 2148 424 1346 1607 1292 328 406 1635 2134 223 691 1010 977 341 1180 244 2600 2146 1628 1871 2306 156 1500 1007
2694 1440 2530 1297 443 1733 1169 1234 2731 3043 2573 569 1428 2657 412 1944 2269 1633 2989 2602 2060 884 1420 1744 1441 1732 1164 221 1745 679 1298 2735 222
2641 2127 1385 1104 1457 442 2137 1105 2312 722 109 435 1265 60 2575 2308 2931 2928
1866 1589 1055 720 1043 1406 2540 1603 660 2216 2262 657 1657
2768 1322 1565 2451 539 1228 1530 728 939 1567 2088 260 2402 553 1345 1865 1532 1514 626
1496 234 1861 1108 1188 2825 2156 2449 1731 251 401 254 680 461 2907 2270 329 1206 2889 2222 1069 2465 1775 572 1159 444 2776 2741 2419 1729 2456 1194 2726 990 1801 707 2199 2953 2850 2961 2898 1802
2324 505 2564 639 1586 705 1177 2979 1127 2920 687 1703 3016 2636 1341 1681 668 2604 2100 1221 2914 2217 399 1749 292 773 2712 2597 844 828 161 2652 616 1125 2736 2690 817 2777
257 1331 2499 781 1000 1014 1918 1555 751 519 1560 1678 1933 1379 2240 501 1540 1288 1342 2000
2286 1454 711 1919 598 2046 1353 1294 550 1047 1494 2912 1186 625 2583 2488 372 2440 1843 140 2063 1079 1472 388 2315 1508
2458 2168 1864 288 783 2627 231 2978 2339 1515 2480 2390 877 949 426 2828 2975 2515 2457 2955
2372 1374 2748 1787 413 1082 1704 2762 1207 800 1100 318 1803 2466 1576 484 3005 1407 2942 1662 1447 2487 948 22
123 916 2554 2280 132 2956 689 2429 798 1860 1858 1256 2309 106 2552 2992 2708 2584 112 2479 1185 801
1738 2090 951 2548 866 370 650 2820 1672 1123 614 891 1024 160 81 2836 313
1742 452 2163 1785 2364 2392 1003 1671 456 379 2577 2152 1285 2279 2408 2250 1313
1452 465 237 1620 1883 420 1637 2522 1593 2170 1316 1809 1847 561 2553 2631 2806 2929 2376 2381 2377 2081
676 2023 2534 2525 1155 1945 1773 1719 1665 180 1131 2089 1680 2264 2601 1772 868 2397 1091 243 878 1488 2254 2317 332 1756 2298 2521 2234 2483 2504
807 1437 1990 371 847 1453 1087 186 865 2453 1587 2232 1959 2051 886 1176
362 1377 976 1810 2524 2624 811 1641 421 1455 1039 1566 320 2289 494 2230 2813 2921
1765 1788 2472 117 1632 2495 2042 495 2010 493 2778 2073 2243 1032 1995 2086 2687 418 1702 913
2508 2617 1690 1608 2048 888 871 1382 1232 358 2179 1161 2256 277 2119 989
2585 2612 1876 968 542 1028 1473 1636 1244 1101 733 3036 2843 2025 2068 1214 809 654 2702 392 2375 1408 753
285 2344 2830 737 825 86 536 2819 2815 2890 2877 2183 480 2861 2106 986 178 216 1035 1036 2550 988 2705 537 1800 3051 594 1201 1854 1034 103 1889 2182 2789 893 558 1740 739 1522 1200 2549 1890 3007 496 1762 1295 482 2539 2319 350 1323 963 1325 2054 842 1336
353 2437 82 1969 1459 2389 2288 1243 1971 289 266 310 2417 1002 1352 1767 11 265
1172 2461 2169 195 862 2257 1892 1094 2235 835 638 2097 2379 1760 3012 1664 1182 2241
2786 187 985 897 1652 2173 167 759 1891 2790 1004 1183 567 1520 2844 2599 2793 718 263 173 1136 803 497 1027 429 1980 3046 1197
2075 2185 1751 1218 2637 2485 1463 528 3015 2486 820 1050 1072 2113 2189 860 1427 2567 2473 656
2026 1610 419 2665 2069 1963 683 121 111 2281 1949 1826 2442 2221 1259 174 2510 1932 747 2287 861 1009 2703 2821 928 113
1926 504 2196 1670 2757 2155 464 2248 2282 126 114 714 2153 1289 2427 2130 322 715 1211 2052 2669 2431 1821
1917 453 2133 2426 874 416 2019 2475 93 2947 1779 1389 766 2509 1536 1149 502 1550
1300 708 1947 2323 593 846 2704 1061 2925 2418 1456 2191 1688 340 281 1305 838 580 601 2095 2924 2591 2542
2744 1824 2513 2824 1042 83 2991 1371 994 692 2807 682 1834 345 2160 1961 2714 758 560 2072 2188 470 1273 1238 2905 2311 1612
1041 1517 993 1748 1660 2158 283 1870 457 264 2639 591 1124 792 1554 330 2144 940 840
2753 1413 582 1759 2422 858 128 1564 1982 587 1648 954 2423 1446 1519 1563 2261 1400 2984 1818 2401
867 1018 2742 1943 471 1978 1541 2582 3000 1543 1130 2066 894 1474 1089
957 621 2471 804 1757 912 1691 2415 214 2428 1274 2059 469 238 1901 1782 2913 2303 1668
2618 1310 2258 256 643 1903 1937 1432 1583 2057 2233 1311 1388 742 258 675 642 1417 1299 3052 1475 2623
890 1354 552 1053 1631 3014 652 1339 1659 2941 1086 2304 1795 2237 1085 568 1375 2616 1778 823 2557
2177 531 778 3025 685 999 1727 1667 474 585 2024 2810 2514 3021 2049 428 2227 2005
1158 1518 189 836 2009 850 196 1126 672 1477 1333 1402 1178 2765 2541 307 2327 2692
1272 2118 2934 268 1135 2638 511 2360 448 486 115 2212 2393 1602
2444 829 3011 1122 806 1384 487 2663 658 2213 2109 2202 748 2087 2937 1248 2267 163 1934 2949 2684
538 617 1626 1348 2688 1083 1210 3024 1482 541 2207 1462 924 2228 2053 2749 2050 586 2120 273
2596 1535 864 931 1784 503 181 2474 2341 1726 1915 991
1885 247 184 2864 2911 1281 1378 2139 2854 1946 355 670 2562 1931 741 2679 2244 2587 135
2027 1461 1044 1893 467 1552 1430 365 2579 1202 151 3028 1925
1291 2278 2536 1645 2204 2378 1924 1501 632 1097 1848 556 2718 305 2609 2432 1529 1768 532
1683 2894 661 2004 2406 1467 145 2070 175 2358 1525 1526 403 609 1523 146 143 144 2797 3029 2056
2345 2605 2322 1743 933 382 1920 1611 734 2208 1595 880 3050 1601 518 272
646 2403 1170 2115 966 515 2192 1205 619 1117 1146 2098 2171
2628 1479 644 2833 780 1556 2996 710 2804 606 439 1026 1478 1682 2356
1575 2394 822 207 2032 2728 971 1267 2990 1187 2400 1269 158 796
2218 1859 1077 1580 688 833 2245 1160 2563 1649 1247 1264 721
698 2020 938 2629 1852 2260 665 1133 1320 1251 1625 2511 226 1110 2371 960 1240
1888 1481 2691 2107 1019 2972 1696 2175 730 2812 1013 2105 1220 110 2165 2841 2811 1655
1203 2214 1309 2643 319 876 1894 1935 1697 1807 334 1418 776 1258 906 2284
975 2870 2006 918 1770 2588 1096 945 526 1338 304 2782 434
1287 1598 564 192 1669 1879 2176 190 2839 2546 1838 2655 271 279 1038
2881 723 2040 1088 1078 2852 293 2469 1495 1777 451 2872 1873 1582 1111 2512
1103 1011 863 738 1709 1030 2863 1823 604 1491 818 1711 1469 169 2868 1822 2711 805
1916 2943 2481 2080 2438 2239 300 1489 602 983 1868
824 440 2538 3042 2814 1249 2450 316 1025 1114 2543 2999 2831 826 1154
2354 2796 941 338 1769 574 1954 1570 2613 943 1991 447 1674
1897 1152 2517 1198 1510 664 339 2447 2316 1616 808 1017 1630
2435 1275 1728 423 92 162 2666 1330 2413 1938 1257 1068 596 2126 2125 2933
2721 757 387 230 1076 2206 377 559 2759 2164 755 1074
2391 1651 1212 1609 2039 529 674 1516 1434 1189 2592
1939 297 2302 306 261 557 295 445 2225 841 1222 351 2817 2149 1112 409 2035 3022 2752 2857
944 1902 433 2697 2783 364 2294 3041 627 1460 1084 2923 831 2135
955 2963 2209 1090 2124 716 2321 1774 249 1856 782 548 719 2253
225 2446 1735 1162 899 1493 1476 454 2348 2716 2650 1150 987
754 2399 2174 1051 1899 973 2468 2112 90 203 389 1276 1145
2954 910 1730 287 1066 592 2971 2944 530 475 1255 1549 1913
1293 735 1302 1538 213 1588 1347 942 1445 2083 2671 1578 2044
472 1015 1301 1950 1851 270 2266 1841 1983 2325 3003 853 2733 253
335 2082 932 1747 1992 1701 1914 1752 920 555
2159 1226 360 1721 119 637 2640 477 725 1617 1718 1242 1412 2305
2974 690 1296 1579 395 1175 795 956 326
2387 1581 1484 1029 1715 1349 2569 1528 2490 1260 2398 1386 101 1480
1707 814 1448 390 1839 2017 629 1976 786 1080
2493 1450 1001 1783 1511 1115 701 2310 1067 2470
276 1046 2492 2986 349 212 859 1546 849 797
1562 1056 651 235 165 1098 2654 1940 896 1283 2862 1381 1246
2138 1638 139 2574 857 507 974 2166 2818 2586 2560 554 122
729 2061 2131 2484 972 2331 1040 872 2909 1904 2421
259 1577 1618 1290 2330 2276 724 1706 702
1425 681 2180 2047 2219 1278 246 1173 1725
1421 468 1438 2919 2459 2347 513 1204 2632 961 1503
1714 950 2425 2193 450 2653 816 1252 95
1551 1699 1358 947 1449 152 2251 2335 2351 1471
147 1139 2788 1882 1863 1365 1973
882 2162 634 995 2067 2482 2441 1544
473 2771 1755 1157 540 1629 1106 2404 1962 590
1646 839 3035 2555 2085 923 1761 2091
2366 1654 930 2122 159 3031 789
380 946 1977 2516 1119 1542 1250
278 937 2252 2502 206 208 2901 774 909
887 641 1485 762 241
1431 2296 607 1786 1317 1850
815 2849 1808 911
1766 1426 622 1545 1796
202 298 653 479 1887
516 1314 1547 131
3023 936
1423
