1302 1165 322 1072 1327 1586 1564 688 1532 1027 2461 2516 869 2353 1106 876 864 683 360 550 729 2235 2314 2302 1058 1255 1704 1544 669 2262 2637 553 2454 1738 1052 1621 2521 2577 1576 837 1313 2310 2471 2289 1048 2566 725 1676 1726 1096 836 1970 2059 2081 2023 1212 1993 720 1949 1536 2078 2011 2590 1985 8
638 501 364 300 558 2219 698 2421 2407 1650 1771 861 1791 1579 1518 1010 986 880 946 1555 2322 737 2492 916 2638 1289 1254 2244 1140 2258 1525 2227 519 1067 958 89 2583 1691 2411 2230 525 954 2510 1279 2350 840 1577 2574 1205 1537 1946 2004 721 2018 2045 994 1928 1782 655 1979 2079 2589 2012 1984
2683 2941 2821 2928 2689 2747 2850 2665 2690 2725 2660 2826 2947 1266 1717 2304 542 1272 1715 1602 611 1121 1595 2226 1124 1398 246 544 295 568 645 405 1366 413 481 711 337 318 462 1403 2565 2596 2101 1410 903 1419 883 768 2033 1941 155 772 1383 1374 769 1799 1663 1780 1335 1200 1662 1777 846 461 2343 2268 1207 1340 2955 2944 3046 3008 72 61 20 9 33 15 26 22 2077 2580 2611 1986 1805 3013 28 39 79 68
1624 2249 1630 2879 2778 456 454 2243 2863 2986 2781 2735 2711 2823 2685 1510 2167 857 855 2165 1502 2820 2708 2732 858 1511 856 2168 1503 2882 2922 92 90 1723 2308 2166 1554 2837 268 2184 2178 1531 1529 145 1552 2193 143 2199 266 1406 205 107 126 2098 124 1411 105 1405 209 1370 1402 418 121 128 2542 2572 2543 2552 2549 2107 1416 402 2100 403 1887 1964 1910 1886 1889 176 1801 1798 177 1376 2291 2290 2283 2282 587 586 589 588 1700 1699 1698 1697 2806 2808 2811 2809 3022 3019 2902 2901 2973 2972 2869 2868 55 53 65 51 50 7 35 6 32 25 70 69
2324 599 1303 1746 1306 2924 2997 2652 2681 2998 2925 2873 2875 789 2263 2642 2956 2673 1191 1185 1644 2672 2661 2617 907 910 1421 2876 2846 253 1056 1066 2631 1543 2192 2109 254 1057 2874 2632 2264 2643 790 1645 1186 1192 252 245 219 537 2104 704 843 463 900 1372 269 1364 572 336 392 2579 2578 2604 2529 2551 498 884 1369 2528 1974 2056 1909 1831 1975 1806 330 1360 770 1658 1775 1198 1349 2267 2342 1201 1336 2655 2644 2898 2926 3004 2962 3052 3012 3003 2961 2682 2667 2927 2899 76 56 66 67 41 17 40 16 23
2931 2833 2729 2852 2663 2691 2664 2934 2746 2692 2680 2818 1721 1270 132 152 1262 1719 1603 1596 651 1123 1120 642 125 108 88 85 183 234 297 160 199 1371 714 644 825 1420 499 902 1415 399 211 1384 331 1375 771 218 1659 1778 1781 1664 893 496 1199 1350 509 896 1206 1339 19 18 10 5 24 27
2451 2505 363 1565 2337 383 678 446 214 2259 865 2334 2351 881 1485 886 1507 1461 1284 1149 663 1587 1060 1437 962 1533 1152 1285 1267 1246 2509 1497 407 1278 2347 1211 1541 1573 1275 2005 1202 2019 224 1449
2640 1632 465 2990 2991 491 1147 2695 2952 2699 2698 2618 1428 2657 2115 2734 913 686 2731 2730 2694 699 1429 914 2619 2116 2989 274 1733 3043 2651 2316 248 1282 687 247 2650 2988 464 1148 490 1633 2641 2315 273 1732 1281 1397 161 695 844 901 102 220 292 705 164 135 184 355 2573 2602 2603 2530 2531 773 791 1409 1833 1832 2055 2054 1965 115 668 1373 1776 1661 1334 1195 849 486 2999 2959 3007 3051 3000 2960 3050 3006 2739 2721 2738 2720 75 74 64 43 42 14 21 2
2744 2848 2740 3049 2743 2855 2677 150 2490 1713 1264 134 650 1594 1116 2437 643 195 311 1367 386 601 354 420 545 1418 710 718 2358 398 826 217 212 1803 606 605 2477 2476 615 614 1221 1220 1702 1701 1682 1681 2946 2945 11 36 4
2782 2932 2886 1329 2654 2828 530 1772 2838 2701 2696 1528 179 146 2630 1774 1530 2819 2668 2724 350 321 1487 2625 2705 2921 1549 267 287 1551 982 1031 255 237 2769 1736 1452 2620 1454 495 939 517 573 1368 298 122 162 841 1417 416 2532 2606 2539 2550 1861 1890 2076 1844 1229 1228 2646 2645 604 603 1696 1695 2903 2904 3035 3033 2802 2801 3026 3024 2865 2864 2761 2760 77 52 45 48
2822 2890 3002 2339 2936 2341 1317 548 2517 2728 2839 2887 2209 367 2207 2857 798 2261 2455 2767 365 1177 796 1073 546 2726 2765 2383 2143 672 2678 2145 670 957 2144 2384 2702 671 158 156 2182 2404 1032 2146 594 716 2099 233 2103 715 2102 717 136 182 2541 2540 2558 2106 2356 774 1912 1855 1854 116 1800 1802 850 487 2520 2465 2270 2345 2269 2344 2938 2896 3054 3010 2893 2861 2789 2825 2788 2824 57 47 46 34 38 3
629 2507 607 1748 1749 3045 3044 1304 2777 2776 2851 2686 888 1024 877 1515 2403 2687 2849 2764 2666 492 1445 518 2374 2768 1292 2504 258 1739 236 1455 257 2503 1291 1444 945 493 2373 235 165 1404 251 313 310 93 170 82 566 127 1365 1414 899 2533 2548 2359 1845 1888 1804 2479 2478 1235 1234 3027 3025 2842 2841 3030 3029 2757 2756 54 44 37
639 2245 628 444 2884 2205 339 193 2733 2895 1581 1108 1102 1474 969 971 1591 1472 972 2766 1473 1475 1653 1188 1655 970 1194 2563 1929 2798 2797 2919 2917 2796 2795 2977 2976 60
608 1157 985 1086 1115 1432 1519 1524 867 801 515 472 609 362 2366 2126 2360 1008 2139 2233 1286 2196 2228 502 2629 1477 1190 2392 591 2377 2231 1245 2553 526 1344 656 1931 1874 1976 1853 634
469 1622 1559 2881 2745 919 1083 2363 2423 1005 2397 1330 866 1614 751 1018 738 822 759 707 130 2015 2014 2013 2016 30 29
647 1307 353 2817 2844 2173 891 1026 2265 813 2786 1179 2170 868 1002 991 2951 2242 761 1134 1619 612 120 291 294 194 2571 584 1955 745 2293 2292 1223 1222 2979 2978 2965 2964 62 0
981 1076 1299 1163 458 475 2163 1589 980 222 2920 2108 827 830 2417 1154 1597 1521 1446 410 2131 1217 2439 1539 1607 2591 1218 2084 1871 1311 1639 2134 1571 1872 1308 1968
1557 618 356 1301 2736 2713 2365 702 2113 923 2712 2257 821 1183 918 1483 2723 2984 319 1247 2983 1184 2462 2487 2294 153 84 740 2097 2597 2096 852 2029 240 1797 2285 2284 627 626 1231 1230 2719 2718 3016 3015 71 13 31
2149 1080 1563 977 2697 2878 2894 2742 2929 3048 2779 2704 2812 1040 411 207 712 314 478 312
1567 2624 2424 1484 2727 2862 2710 2940 2780 1470 2381 2750 175 106 104 200 675 171 172 520
2389 989 1486 335 320 2147 2829 2749 2836 2853 882 2171 2832 549 529 2954 2332 2514 1773 2752 1016 862 2162 2813 3041 2814 2400 818 1253 2488 2949 633 622 2224 2438 1707 811 197 148 113 400 2605 2538 2075 1860 1660 1779 847 476 2271 2346 2467 2519 3055 3011 3005 3042 2793 2831 2790 2834 2845 2854 78 49
371 2153 983 2385 333 1478 2669 2737 2847 2888 1560 391 2703 932 2370 2128 2418 1545 552 1054 327 275 504 285 2319 2499 2995 1647 1178 797 2260 2456 1401 842 94 1399 387 1981 1841 1918 1913 1866 2050 742 139 1817 1821 377 1379 1915 1868 1983 1843 2052 1920 1819 1822 375 138 741 1378 2281 2280 2485 2484 596 595 2804 2803 2910 2909
2325 1747 3053 2326 1305 2885 2707 2119 2117 915 1356 2996 600 1795 2354 1300 2816 2859 743 1608 2241 2762 1133 1151 1355 921 2142 974 960 652 1527 1038 117 2180 315 536 114 681 101 571 2616 2570 2094 1954 1337 1196 2994 2958 3056 3014 80 63
378 2202 2633 1084 358 2889 2662 2930 379 2203 359 2634 794 1558 1085 2679 889 238 256 1741 1298 2670 2880 2883 1144 757 2240 750 2639 1613 154 279 2557 1911 1233 1232 1686 1685 2675 2674 2911 2912 58
619 503 2327 1107 2402 1019 1767 2843 577 1109 673 1427 1050 2140 1036
2953 467 560 2251 1768 2688 1022 99 1023 2693 2676 368 1491 2815 963 735 1520 988 965 1744 283 1295 799 1297 569 81 567 83 851 239 625 624 12
382 2206 1078 390 2840 2937 2658 2872 191 2183 1037 1029 2684 1324 563 2338 1326 216 1522 1761 677 272 286 2320 2111 2858 1138 2236 767 342 832 103 307 86 147 482 2071 1838 1894 2051 1917 1957 779 1361 227 344 1919 1959 1839 1896 2053 2073 1362 228 778 345 895 508 898 523 2993 2957 2892 2860 2897 2939
388 2387 361 2420 1103 2856 181 438 1041 2395 871 2432 457 976 2156 1260 968 1249 804 1182 2298 173
987 1482 369 979 2773 100 1020 2172 3001 1352 648 1790 1359 2352 649 1514 764 1137 2239 1143 1612 766 2772 1469 736 500 1623 1164 966 1158 831 1961 2092 1956 1891 1863 374 1811 1892 1865 2093 1958 1963 1814 372 1227 1226 3037 3038 2967 2966 2971 2970
2323 2208 380 1582 422 917 696 1500 640 1357 2372 1610 934 2250 215 2176 470 119
1082 2200 2335 1438 925 1358 1100 2216 1077 2361 1489 906 1620 817 632 659 744 570
2333 2204 351 892 448 159 1654 2430 1322 676 990 2164 1135 661 2623 328 505 1593 1649 2307 2287 723 2584 2410 1604 244 2535 1210 2482 1879 397 2088 2064 1276 2278 1636 2083 834 2044 1927
1488 1628 366 1111 2215 1015 423 1081 679 532 305 2379 2447 1710 1287 2252 1168 401 2496 1756 1345 2441 2534 243 396 1878 1966 1989 1238 1665
2453 1155 471 700 887 927 1320 561 2771 727 325 2382 730 1657 2464 585 746 1338 1197 894 497 1
1161 2515 1167 875 692 690 2463 2388 2137 653 289 1471 1625 1631 2444
2449 2151 2506 384 878 1035 1087 863 414 575 620 1113 1453 689 1426 1505 1745 2649 2445 2225 2135 2248 180 1055 1457 2468 432 1047 2459 2159 408 1789 2607 1690 2008 1950 225 1846 1095 2062 1493 581
489 338 646 2121 437 1506 1763 2409 528 942 685 1014 2141 109 1740 1556 1617 2556 2472 1348 1730 1241 1672 1934 2049
576 2155 2179 1039 144 2741 2512 1318 250 1464 748 2587 1673 2133 433 582 1870 2070 1725
1759 2422 2247 1331 682 2367 803 610 459 1479 2118 2136 731 973 304 1071 1180 2229 1243 1678 434 2585 2068 583 1751 1978 1342
1323 1764 564 2175 2201 815 2753 792 1481 2114 3040 1516 1570 1441 1708 2763 1460 941 535 828 1400 198 343 1840 1980 2072 2030 96 1393 777 231 2031 1842 1982 2074 776 1391 232 323 617 616
2513 562 1075 381 684 2709 1646 1189 2222 1114 936 2130 2500 284 1430 922 2493 166 933 455 1635 316
574 1079 2425 385 389 819 1181 1321 2659 701 928 2368 2722 1431 1648 1562 1770 1251 1250 829 551 935 937 281 694 479 270 123 1408 1835 429 1381 1824 1837 1380 1826 430 1684 1683 1225 1224 2715 2714
514 2628 1051 473 1568 2169 1011 860 1141 2416 943 2313 393 590 1173 1755 2561 527 1459 2554 2474 1932 657 2047 1495 635 1907 1666 1125
460 1590 2223 2217 2783 2933 565 2340 1316 1099 547 436 534 2124 2923 1553 2198 1716 2775 2129 2123 931 2301 151 1263 602 2595 2564 2032 1930 3047 3009 2942 2906 2755 2785 2754 2784 73 59
415 2431 2221 2891 1332 2992 1101 1580 2671 912 2982 1259 1271 2305 543 1028 613 708 329 1936 1893 2034 810 302 2036 1895 1938 301 808 1237 1236 579 578 2916 2914 3032 3034 3020 3017
2405 2433 2435 559 1328 2161 1074 2396 2300 2627 91 754 2357 1605 1216 203 541 1309 1637
1517 2174 2827 1009 853 630 2748 948 1025 1720 2985 1629 1722 1407 1389 1387 1386 1388
2401 2181 2787 1354 621 1566 1353 697 516 332 1760 507 1252 2427 2610 2412 1680 1753 1925 1904 2009
1033 2177 118 2935 2434 2214 1098 1583 299 2148 2390 1743 984 2491 485 2299 1867 1935 1807 1937 1869 1808 2792 2830 2943 2907
2636 2336 445 1053 1333 1422 2386 1468 1159 964 1283 406 1277 2508 1496 451 1675 2378 1875 2080 1727 784 2288 223 1448 2006 1203
1104 474 1585 2220 421 357 1006 2751 747 874 1265 168 2127 1712 293 480 340 129 1883 1885
2218 2526 2635 929 1436 2355 2770 494 3039 1711 940 1443 149 2406 1261 2266 2105 1834 2035 348 324 1836 2037 97 349 477 848
1793 1003 2626 157 1153 2152 2364 2150 2494 2194 1061 947 2095
1007 641 873 1325 2700 1433 691 920 1548 288 1069 1550 709 1939 1914 807 261 1916 1940 805 260
1187 531 1351 1112 334 1004 1294 1561 169 2195 2706 533 2125 2448 2601 2329 666 512 2001 1997
447 2185 1089 435 1501 2398 1424 1547 221 1734 824 1651 2371 1413 2562 1314 2255 1215 1942 1908
2525 2399 1021 2656 938 506 749 112 2369 174 201 2210 1679 1049 1754 1097 539 1899
1796 631 2527 1434 1439 693 1618 756 758 1145 1435 133 131 468 419 713 308 263 262
2653 1105 1584 1319 484 879 753 1017 961 2419 2593 724 999 2212 787 951 442 1897 2086 833
1013 1762 975 1504 2154 370 2621 303 2486 823 2871 178 755
424 1656 859 944 930 1296 1765 992 278 812 1065 1706 838 2457 2609 1815 2608 2567 2256 1943 1971 2007 719 2010 1952 2969
1001 872 870 1012 167 1652 1490 326 1523 192 213 306 1059 1546 1030 282 897 522
674 854 352 703 2870 1569 1750 1110 820 1703 2277 431 2555 2375 726 1244 835 1343 2065 580 1933 1876
1425 911 2110 2950 2318 1737 908 2303 1269 1718 2948 404 1396 1809 1394 1812 2913 2915
924 926 904 1616 1534 2306 249 1615 802 1412 412
1509 2120 2774 967 733 1766 1063 488 1156 2132 2559 1905 1873
909 2112 1423 277 1064 265 2197 466 1162 453 2273 2187 2582
2362 2122 762 2502 1268 276 1714 623 2537 2276 242 1130 2393 2613 2026 1850 1881 2066 395 1170
885 1068 2443 1480 1512 1293 1034 2436 660 1090 1787 264 409 1922 2000 2027
905 2414 1062 1508 1447 890 1257 2987 814 2489 2588 2279 2213
1466 1526 2622 978 1440 2317 271 2877 190 296 1346 667 592
1258 1070 1634 1139 732 662 795 2380 2253 1758 2349 1280 2017 1204 1667 1944
760 110 1088 1769 800 734 427 997 1174 2592 2575 2544 1898 1214 1492 1688 2810
1626 1592 2190 2296 2297 1627 443 2501 521 780
1256 1476 1193 2648 111 845 1312 2391 2483 2188 1131 1671 2082 782
1794 1288 1588 290 658 2452 1122 1677 1575 1456 2428 1810 2394 2470 1999 1921 2717 2800
1463 1290 1467 1166 2450 2191 341 241 665 636 1451 2040 1972
959 1735 1742 1705 2408 1465 1609 229 664 450 2469 98 1093 1045 513 510 781 2061 2974 2908
1513 1792 2981 1136 765 1142 763 2547 1694 1785 1859
2237 2647 816 793 2321 346 2186 953 2157 1542 1499 1390 2429 1574 1902 1848 1923 993 1042 2716
728 1117 1462 752 317 163 1377 809 230 3031 2900 3036
1709 2295 1118 1119 2480 2426 2481 376 839 2560 394 2918
2234 1146 2446 1611 196 739 1540 1786 1640 1692 593 2980
1442 2415 1248 87 1363 373 785 524 2568 2511 1906 2003 440 654
2238 2246 185 706 202 2524 1823 2413 2498 2043 1856 2085
1150 206 208 483 1209 2330 2331 1996 1947 2058
1160 309 210 680 1729 1728 1219 1132 2046 2002 1945
2138 417 280 1046 1091 1242 1693 1578 1757 1926 2021 1901 1572 1535 1687
95 1820 1385 1395 2612 1731 2581 1784 2025 2799 2867 3028
775 1392 259 142 556 557 788 1494 2963
806 1813 137 2475 955 2586 452 1847 2039 2794
1828 2458 2569 2614 1175 2497 1498 1127 1450 1988 637 1953 2090 1973 2975
555 1129 2536 1092 428 956 1315 1752
2328 2495 2615 2545 1788 2312 2460 1044 1043 511
1641 998 2211 2275 347 1310 1240 1818 1998 2069 3018
2348 2286 2254 1643 1382 1458 1977 426 949 2791
2376 2522 2473 2523 2599 1176 722 1783 1670 3023
2309 2272 2158 2311 2160 1668 2022 2274 1724 1669
786 554 1642 2598 1991 2020 1858 1903 1213
2594 2546 2442 1829 2189 1341 1877 187
1208 449 1000 1638 188 2067 2089 1126 538
2600 1674 1347 204 1951 540 1857 1538 1598 2968
2576 1960 1816 1864 140 1827 2807 2866
1606 1882 2057 1825 141 1274 950 1273
1862 425 2232 1994 186 2905 2758
189 2060 1987 1884 1830 1880 3021
1171 1600 1969 439 2440 2759
995 783 2042 2063 2028
1851 441 1689 1995 1962 1948 1169
1601 952 1172 2087 1094 1239
1128 996 1967 1852 2091
1992 1849 1599 2518 2835
226 1900 2041 2805
2038 2024 2048
1990 597
1924 2466
598
