0 1 2565 6 8 9 2056 28 2589 2590 31 2595 39 40 41 2092 2604 2097 2099 52 2616 2617 2108 61 68 69 2628 71 76 2637 80 2645 2646 2647 2652 1117 1118 2656 2657 2668 113 114 2674 2675 117 118 2676 2681 2171 2685 131 132 649 650 143 2224 1222 1223 1224 1225 200 201 216 217 1247 736 737 738 739 1248 2280 2281 2296 1797 1805 1806 272 273 787 788 1300 2838 1301 2323 2844 2845 2846 797 798 2851 1831 2855 2351 315 316 317 318 321 322 1351 1352 349 350 1888 876 877 880 881 376 2945 2946 387 388 2947 2952 905 906 2956 1939 3013 3015 3016 3029 3030 3037 3038 2015 2016 2528 2529 3039 3043 2029 3053 2548 1022 1023
2 5 2053 2055 522 14 15 1558 538 27 29 2078 30 2079 1057 1059 38 42 558 49 1587 53 570 60 64 70 74 79 1112 1114 1635 103 106 2667 630 119 1662 1154 1156 645 135 136 2698 2709 157 2729 1198 1199 2741 181 698 2750 703 2752 203 1745 2770 2777 2784 2789 1789 256 257 260 1284 262 1286 2822 271 2831 1821 1822 2850 813 814 306 307 818 1843 310 1845 312 2872 826 1338 1339 2370 1866 2891 1868 848 2385 2898 2897 2920 2415 1394 2930 884 885 1396 2935 1912 1914 2430 2943 1414 1935 2959 1937 2450 2465 938 1963 940 2989 1965 436 437 1463 2999 3006 1985 1986 450 2500 462 1490 981 2518 983 474 486 3050
3 10 1549 1551 16 531 2580 22 23 2077 1054 34 547 43 559 48 2611 54 1590 1592 571 59 573 65 1099 75 2129 1628 1630 99 100 2148 2666 633 1151 648 2699 654 655 145 2196 2712 155 156 162 2724 2217 2740 186 2751 1738 204 1740 2253 724 2775 2776 729 1281 2819 2319 2849 2873 2886 1368 2921 374 2934 1405 1407 931 1444 1446 2990 1984 451 1485 1487 976 463 2011 2012 2013 2014 475 487
4 2570 11 2571 17 2067 20 2068 24 36 44 45 2609 2610 62 63 1610 1611 77 78 81 82 602 95 110 627 1140 1139 1145 1146 123 124 636 128 644 2696 2697 2700 2701 2714 1691 1692 2715 2718 2719 2738 2739 2742 2743 190 1228 1229 1230 1231 228 229 1767 1768 748 749 239 240 754 755 757 1803 275 281 282 1318 295 1319 1834 299 1835 1325 1324 2358 314 2365 2366 320 854 1373 353 354 1403 896 1409 898 901 903 394 2443 2444 2964 2965 1430 1431 2966 2967 925 926 927 928 1954 1955 2987 2988 2478 2479 2992 2991 438 2514 2515 3032 3033 3034 3035 2530 2531
7 1553 18 19 1041 21 1043 32 35 46 2096 51 55 1080 58 1082 66 581 583 72 601 2142 2144 1645 2161 2167 2680 1658 2177 133 2183 2713 2202 2208 2725 1190 1192 1711 1201 1202 694 183 2260 2772 2266 731 2269 2270 227 2787 2791 2792 1775 1268 1270 2812 2302 2308 2823 2824 782 783 1811 2835 1814 279 280 1816 1818 2840 2344 2345 2860 2862 819 821 2870 1335 834 1349 1863 1865 2890 2892 1361 1362 1363 2901 1367 1884 1886 1892 1894 371 372 2933 888 889 2939 1917 894 1919 2961 408 1465 3003 1981 1983 3008 455 456 968 974 1500 3046 2033 498 2035 1011 1522 1015
12 13 2578 25 26 1566 1568 33 2596 37 47 50 2101 2103 56 57 67 584 73 586 89 92 2145 102 104 1648 2164 1654 2679 1660 1661 127 129 2178 2708 2205 2728 1714 695 696 1724 2261 2773 2271 2786 2790 232 2793 234 1777 1788 2813 2303 2818 1799 2825 1804 2834 2839 287 288 2346 2861 815 816 2863 2359 2875 1858 839 2887 841 2893 2383 2900 1366 1883 1374 2400 1377 1895 2408 365 2932 1398 2425 2938 380 1916 382 1408 1410 389 1417 393 1419 2962 409 411 2463 2467 420 419 1970 1468 2493 3004 3009 1474 2520 1505 1507 3047 2538 505 2547 2036 2549 507 1529 1531 2558
2052 2054 556 1612 1618 96 1129 2154 2153 111 1649 1655 2173 2688 2689 139 140 656 1683 1684 147 151 1178 667 1693 158 1694 160 165 677 2237 1216 1217 1736 2764 1742 2767 208 209 2262 2780 2782 735 742 2284 2285 2801 2802 2803 2804 2821 268 2317 1809 1812 2837 2842 327 328 1867 1869 344 345 1889 1890 1382 1383 1391 1393 883 2950 2975 2977 1956 421 1958 2984 2995 457 1482 1483 975 1488 1489 3024 3026 481 482 488 1518 1519 1019
1543 535 2073 2075 1060 1578 1072 563 1594 2111 1101 1111 91 1119 2659 2662 1128 2673 629 2678 1659 2684 2683 641 657 1712 1200 2225 1203 184 697 702 2268 1776 1265 1271 761 2305 266 780 781 1817 1819 2338 2343 1832 1833 2857 304 305 822 1334 824 825 1350 843 2896 2899 346 347 1380 1381 868 2923 2924 2929 2931 1911 1399 1913 2940 2942 895 2944 2949 2954 2955 908 911 1936 402 1426 1940 1941 1938 415 429 3012 480 3045 3055 2032 2034
2051 2563 2572 1560 1570 2603 1589 1081 2106 1091 1102 2140 1634 616 2669 1153 1163 2706 1685 1686 2711 1687 1688 2207 2726 167 2216 2731 191 198 2760 2761 1739 2765 1232 1233 1234 1235 723 2774 2795 2796 2286 2287 2814 255 1800 1294 2320 276 285 2853 1836 827 1859 2884 2889 330 340 2903 2904 1370 1375 1378 2917 2919 2926 368 890 892 899 1412 1415 1420 1933 2972 2973 413 414 1960 937 947 1462 442 1471 964 1477 3025 3027 479 2532 2539 497 499
2093 2094 579 101 105 107 109 112 1157 1158 1159 1160 2702 2703 2707 2720 2721 2722 2723 1195 1196 2744 2745 2746 187 699 189 700 188 2747 237 238 249 250 253 254 785 786 1823 1825 1826 1828 1838 1839 1840 1841 2357 1336 1337 2367 2368 836 837 332 333 334 335 337 338 341 342 385 386 2960 915 916 917 918 2455 2456 2457 2458 2466 2981 2982 1962 1964 2487 2488 3000 3002 3001 3005 3014 2519 2526 2527 3042 2030 2031 3056
384 1921 517 904 137 2188 1422 2577 658 1815 2072 2969 1177 2587 796 1562 2203 799 2592 1953 1704 2089 555 1069 2350 690 185 2109 211 2259 598 86 1246 2018 2918 2664 1897 2922 2672 243 1652 2294 1402 2559
2048 1411 900 1418 2827 1292 2829 1038 1944 1049 2968 1304 2716 294 691 568 958 2626 2882 708 2885 710 1735 2629 1097 2249 331 329 1741 210 1746 1364 1750 2651 1502 992 2273 610 3044 360 1512 1009 1525 1527 504
512 2050 2564 2573 552 1576 2602 2107 1092 2132 1623 1115 93 2141 611 621 2670 646 141 144 1681 1682 2710 161 2727 2219 173 2734 175 1732 2756 2757 199 2256 2768 2771 1236 1237 727 728 2797 2798 2288 2289 2815 261 1285 1801 1802 2321 286 2852 1837 2356 323 325 326 2888 2379 1360 2905 2906 1371 2914 2916 2927 2420 1915 893 2431 1934 2970 2971 1443 1961 2476 2477 439 1464 445 2499 965 461 2533 508 2557
1667 2436 390 518 524 2193 2071 2588 1312 2848 1701 806 2856 2859 2732 2349 2227 820 2100 955 1213 1856 2754 1731 3028 87 989 2398 2017 2274 865 98 869 1384 367 2544 2417 2162 2805 1782 2422 506 2047
1536 2439 2440 263 264 523 2828 525 2574 2190 2833 1557 2582 2333 1950 1824 1572 2733 2866 1972 1975 1601 2497 1992 467 1491 469 1508 1766 744 1385 1641 746 2156 2928 379 1910 1400 2169 2042 2427 381 126
640 2691 1670 1675 1679 2064 150 923 1696 2594 546 2214 2474 2091 942 2607 2234 1723 2748 2498 2883 1991 2121 2124 3021 719 1108 1751 3031 2010 247 90 222 1760 2660 618 1390 1392 375 1144 1785 510
1283 2820 1031 1289 138 2826 1035 2066 2452 1813 152 2329 1949 2717 416 804 2472 1969 2230 567 2494 2879 447 707 2503 844 2001 1878 94 609 3041 97 2534 2409 1004 1260 1006 887 1262 503
2693 2568 1148 2192 2451 2324 277 1302 919 661 537 1948 1056 1697 1827 2979 164 2087 2985 811 2737 1459 2483 2615 952 569 1978 2236 2877 1343 2113 84 1495 1244 996 230 489 2028 108 2807 1786 252
2566 395 1676 269 2832 2705 1051 1563 289 2598 554 939 1452 1204 1332 1976 2937 1722 1087 831 2369 1602 715 1996 2512 2908 2396 1503 2783 355 1642 494 2671 1008 1395 120 1401 765 1278
1024 2690 2569 1033 2062 1945 795 1820 2843 2847 1189 1191 2608 1717 1846 1979 577 712 2250 336 339 2009 2275 2276 1511 362 1515 874 2799 624 2159 241 1650 116 1012 1016 125 2046
1929 784 400 2325 1048 1306 154 1695 678 1706 812 1580 303 2223 1457 2936 2228 566 309 1850 1595 957 833 706 1096 1747 1493 1109 2393 991 1253 1127 2412 886 2295 1784 767
1542 1674 2316 1678 2318 146 1176 1308 1053 2730 1584 2098 2996 1205 1720 2105 2104 2619 2624 1089 2114 1219 2116 582 1607 3018 466 2642 215 1757 2781 226 1126 1639 2151 2665 251 1277
2816 2438 134 1930 651 1296 1810 1298 533 2080 1442 2213 425 683 941 1710 943 2867 1974 440 1733 454 1479 2769 343 218 2523 477 607 3040 2915 2021 998 1000 2413 1902 2292 501 1909 1269 2426 637
1537 2433 2307 398 1680 794 1181 2461 1573 935 301 2221 308 950 1208 2491 576 2755 2371 709 2125 2894 1107 2131 2265 2907 605 1759 994 359 2794 1259 623 495 1274 2301
769 258 897 1413 2694 1671 267 1044 532 1556 2836 801 548 680 424 2348 944 1073 435 949 1461 2874 2490 1725 1342 1872 851 2133 600 1754 1243 3036 993 2020 2404 1272 2810
2948 1925 1546 1677 526 912 401 1427 412 2081 1699 2212 422 1063 428 300 177 562 1715 2613 2614 1758 1120 866 2658 2026 2027 1901 370 1780 2293 2677 2551
1926 397 914 148 1437 1316 1317 2340 2599 2341 1968 1456 817 2229 1848 574 1600 2242 2759 2120 1995 717 1617 1492 1379 357 1640 1130 2157 1773 1774 496 246 759 2552 758 1406
643 779 1172 1045 2470 2858 1579 1585 2997 1209 1851 2495 578 2375 711 1994 850 1876 1110 2394 1627 348 1633 1764 361 1770 752 625 2039 632 1273 1530 1532 2941
515 520 2704 2579 2342 433 1971 953 2372 2895 470 2267 860 1891 1893 613 1255 999 485 2282 2283 1254 1778 1397 1526 2423 378 1663
771 1028 2182 1421 1550 2069 791 2199 2586 670 1314 2086 550 1065 2482 182 823 2876 1215 1344 193 2112 2241 2509 1614 2005 853 730 604 1245 2661 1135 1523 1404
2304 2562 1924 521 777 2187 1169 1179 1052 418 674 2471 1327 689 178 1207 1849 1466 1088 197 1358 2127 1881 1625 2913 2537 1900 2158 1907 2038 762 2428 1279
2560 2817 1922 1923 2309 2567 2186 396 2189 406 1943 668 1187 1193 430 2682 1977 1990 1478 2252 716 985 1501 356 484 1898 1644 493 1266 1010 1018
1665 1669 910 2063 1424 2453 2330 1946 2462 2974 1313 1186 169 2475 1966 2231 441 2361 1212 1729 2501 2000 1744 1752 734 2402 867 1520 369 1657 1021
1538 1155 2441 1931 1046 1574 2986 432 1713 434 1973 1467 1852 1603 1094 966 202 1354 2391 1624 612 614 3048 2410 1643 363 364 1264 1908 2429 1790
1029 2185 2957 1807 1808 278 2074 1435 2076 2332 930 1829 1830 1957 1320 1321 1959 1326 2993 1470 2622 959 3011 580 1862 2630 1864 713 2122 2763 973 2639 1615 2644 2137 2653 2654 2655 740 741 1386 1387 1772 1771 366 3054 1136 1524 1142 2686
2306 1416 270 528 1552 274 2197 663 1689 1690 283 284 1561 2206 1055 2464 2424 805 2597 807 296 932 1447 1068 2735 2480 2481 1719 319 2880 2374 3019 3022 2130 855 2264 1882 2909 2910 351 352 2399 1376 615 1256 236 2546 626 244 2165 1013 1653 2037 2809 2419 2811 2556 1906
1540 1541 775 1928 1673 776 2601 170 171 172 1582 1583 2352 2353 1458 1721 1854 2245 2246 2247 2248 585 587 1997 2766 1494 2146 2542 2554
1666 259 659 149 2331 539 1311 545 1700 1454 2749 1597 1728 1472 1346 1220 2634 2635 3023 1999 1871 594 2516 1239 2136 2403 873 2800 882 1781 763 638
1280 1161 2575 1168 2963 2195 2581 1433 1564 541 1951 2336 934 679 297 1074 565 1206 705 1734 459 2126 1880 1626 2536 2925 1134 751 2043 766
265 1932 1423 1175 924 1310 1567 802 2211 2082 2983 693 1078 452 1221 1484 212 1621 599 2521 1125 997 2023 122 2411 1904 2290 242 2298 383
2692 1548 2065 1429 2454 920 1947 800 2976 2339 2084 2473 174 1331 2484 572 2239 575 1347 2118 1608 597 1240 1762 492 622 1147 764
1664 1282 2057 2058 2322 1299 790 2327 664 2841 666 543 2854 1197 686 1842 1460 1844 2998 954 1340 701 1980 1982 2753 3010 1475 1473 842 458 1743 2687 595 1369 1755 2785 3052 1388 1389 1516 879 1779 2175
1795 1796 774 1034 1036 2830 2958 2447 407 921 1438 1440 1533 2994 311 313 2489 2363 1726 835 1861 1353 714 465 2386 1620 982 214 984 1372 2525 2788 3049 2541 1261 1263 1149
1668 2310 1672 2583 1559 2605 1329 180 1857 1730 2115 1989 1480 1355 1100 1103 1873 2134 2008 1753 857 858 864 2401 233 1005 2545 2045
768 2184 2198 1047 2204 803 681 1449 685 443 956 1476 1095 2506 1486 2254 2649 1497 220 2524 990 2022 1267 1150
2176 1794 2437 2060 1428 792 1058 2469 2606 1847 2235 2508 1105 2006 1879 2007 603 224 1122 2278 2535 1001 2160 2418 631 2040 891
2951 2312 1425 1554 2210 2083 1315 676 166 551 553 1079 1210 1214 1987 1609 206 207 88 2522 2024 1903 2291 1276
647 1166 530 2326 1445 1702 1703 682 1450 948 962 2633 2762 2380 1870 2135 1498 219 608 1252 1132 1137 502 1783
2432 1152 2314 2576 913 2194 2584 793 1952 933 2095 2354 179 1075 1604 2502 2378 2511 2003 1875 85 606 1636 2044 509
2311 1545 2059 404 1174 1432 929 1062 561 2618 1341 194 2627 1988 1605 2631 718 2640 1242 2778 1124 1637 358 2279 245
130 2179 1798 902 1030 142 1042 2334 1322 302 2864 2865 1328 2868 2869 2102 2871 961 324 967 3017 1226 1227 3020 588 845 862 2143 863 1896 756 2550 2806 2808
1539 1173 1303 536 1050 684 1581 1709 1588 1086 1855 448 2758 2504 987 221 1123 2155 2543 1007 2163 639
2191 1555 1309 2593 1705 2090 951 2238 1345 1218 2377 2510 593 1874 83 2004 852 1238 995 2406 490 500 2174
1920 529 665 153 2459 1180 2460 290 291 2978 549 2980 1064 2623 960 2881 977 2643 468 725 726 478 2911 2912 743 2414 1647 1646 2421 1918
2049 514 907 1170 1942 417 1698 2347 1067 945 1076 2362 2620 2496 2625 1606 1993 2251 986 2272 2019 1638 870 875 1787
2561 2448 789 410 669 1571 1188 1061 1448 1451 1455 2612 564 2243 721 2263 471 1496 1499 2025 1899 1535
773 1927 2061 2201 2591 672 1569 2088 936 687 176 692 1718 2486 213 1622 472 1113 2277 1014 1528 2553
772 673 2468 2085 557 431 2485 1077 1853 2240 2123 1104 1106 2392 476 1761 2147 1514 2041 2299
770 1297 2070 2328 2585 671 2600 426 946 2364 2244 1998 590 2384 2002 722 2902 1121 2152 1003
1162 778 1039 2355 1469 1860 838 1356 972 846 2382 591 2387 2149 2407 2540 2416 1905 115 2555 1791
513 399 1182 1071 2360 444 1348 2376 847 2128 2255 2257 1619 2389 1877 2648 1241 1756 871 1769 248 121 634
2313 652 653 292 293 2215 2736 2233 2878 3007 2505 2636 2638 720 1748 1365 2650 223 225 3051 619 511
642 2695 1434 1436 2218 2226 1591 1596 2117 2119 1098 1749 1116 1885 732 1887 733 1513 2166 2168 2297
1793 1250 1509 2150 840 1737 970 2139 1032 1293 1275 560 1138 2300 1211 540 2397
1632 1249 1506 195 704 2663 391 298 1708 205 1631 849 1586 403 922 830 1439
449 163 1287 872 1575 231 620 2381 1967 2258 856 1333 2232 1307
1504 1185 1027 427 460 1133 2446 1167 1020 2641 2315 1141 1083 2492
2337 745 1707 1131 1165 2200 1017 2170 828 1085 542
1441 1093 392 971 1291 592 1521 760 1305 635 2621 1598 1599
1025 423 969 1257 1194 878 978 2388 662 473 2779 2172 159
1792 2435 196 1258 1070 1359 688 534 2138 861
2434 2373 519 1544 1481 1577 1323 2445 628 2517 2390 1143 988
1090 2181 2632 168 1290 1357 2222 2395 1534
2180 617 909 750 1040 1727 1716 1656 1183
192 453 2953 2442 1547 1295 527 2513 1593
2209 809 1002 1066 2507 589 1517 2449 829
675 483 747 1651 405 1084 1565 2110
1184 1763 963 2405 516 1037 1330
1288 491 1164 1453 2220 464 980
1026 1765 810 753 660 596
1510 808 1613 979 1171
377 1251 373
544 832 446
1616 235
859 2335
1629
