0 1 12 21 28 31 36 39 40 41 52 61 68 71 76 79 80 187 236 323 326 335 402 487 504 529 642 675 676 799 800 817 858 861 862 893 906 929 930 1027 1116 1195 1246 1299 1334 1351 1360 1363 1368 1369 1372 1425 1514 1593 1658 1703 1746 1775 1790 1797 1802 1805 1806 1833 1888 1939 1984 2031 2058 2077 2092 2095 2098 2099 2108 2171 2224 2267 2294 2323 2344 2351 2356 2357 2360 2403 2436 2465 2488 2505 2520 2527 2528 2529 2548 2565 2580 2595 2604 2611 2616 2617 2628 2637 2644 2647 2652 2655 2656 2657 2666 2671 2676 2683 2684 2685 2836 2843 2848 2851 2852 2855 2946 2947 2952 2955 2956 3005 3010 3011 3014 3039 3042 3043 3052 3053 3056
2 3 13 14 29 30 34 35 42 43 62 63 69 70 77 78 295 296 297 298 369 370 371 372 383 384 385 386 577 578 579 580 604 605 606 607 731 732 733 734 739 741 742 744 761 762 763 764 785 787 788 790 883 884 885 886 1131 1132 1133 1134 1222 1223 1224 1225 1318 1319 1320 1321 1816 1817 1818 1819 1834 1835 1836 1837 1952 1953 1954 1955 2013 2014 2015 2016 2073 2074 2075 2076 2119 2120 2121 2122 2235 2236 2237 2238 2286 2287 2288 2289 2338 2339 2340 2341 2696 2697 2700 2701 2708 2709 2712 2713 2738 2739 2742 2743 2964 2965 2966 2967 2987 2988 2991 2992 3032 3033 3034 3035
4 5 22 23 37 38 44 45 55 56 192 193 278 279 280 281 331 332 338 339 342 343 409 410 590 591 592 593 749 751 752 754 781 782 783 784 907 908 1380 1381 1382 1383 1403 1404 1407 1408 1444 1445 1446 1447 1543 1544 1545 1546 1659 1660 1747 1748 1776 1777 1791 1792 1823 1825 1826 1828 1842 1843 1844 1845 1911 1912 1913 1914 1985 1986 2056 2057 2078 2079 2093 2094 2371 2372 2373 2374 2416 2417 2418 2419 2466 2467 2506 2507 2518 2519 2525 2526 2698 2699 2760 2761 2776 2777 2778 2779 2786 2787 2896 2897 2924 2925 2932 2933 2934 2935
6 7 15 16 46 47 53 54 198 199 224 225 226 227 303 304 305 306 336 337 340 341 426 427 428 429 643 644 645 646 647 648 651 652 665 666 679 680 765 766 919 920 959 960 961 962 1030 1031 1032 1033 1226 1227 1228 1229 1300 1301 1356 1357 1803 1804 1862 1863 1889 1890 2007 2008 2358 2359 2381 2382 2383 2384 2406 2407 2408 2409 2476 2477 2478 2479 2538 2539 2549 2550 2589 2590 2795 2796 2797 2798 2824 2825 2826 2827 2864 2865 2868 2869 2884 2885 2894 2895 3029 3030 3037 3038
8 9 17 18 48 49 59 60 145 146 147 148 277 282 423 424 461 462 465 466 479 481 482 484 531 532 533 534 561 562 563 564 693 694 824 825 826 827 836 837 917 918 977 978 979 980 1108 1109 1110 1111 1119 1120 1200 1201 1251 1252 1339 1340 1480 1481 1482 1483 1585 1586 1587 1588 1594 1595 1704 1705 1866 1867 1868 1869 1935 1936 1937 1938 1940 1941 2029 2030 2740 2741 2748 2749 2790 2791 2814 2815 2830 2831 2860 2861 2898 2899 2922 2923 2942 2943
10 11 19 20 24 25 50 51 57 58 81 82 83 84 211 212 213 214 265 266 269 270 380 381 400 401 413 414 467 468 471 472 505 506 507 508 598 599 685 686 830 831 859 860 913 914 1015 1016 1017 1018 1086 1087 1088 1089 1123 1124 1202 1203 1253 1254 1345 1346 1375 1376 1415 1416 1506 1507 1508 1509 1571 1572 1573 1574 1602 1603 1663 1664 1706 1707 1788 1789 1886 1887 1919 1920 2546 2547 2555 2556 2752 2753 2792 2793 2812 2813 2834 2835 2856 2857 2900 2901 2920 2921 2938 2939
26 27 32 33 64 65 74 75 85 86 87 88 220 221 222 223 254 255 256 257 542 543 552 554 555 557 755 756 757 758 773 774 801 802 894 895 1377 1378 1405 1406 1419 1420 1423 1424 1519 1520 1632 1633 1634 1635 1695 1696 1697 1698 1742 1743 1744 1745 1798 1799 1964 1965 2046 2047 2102 2103 2109 2110 2172 2173 2245 2246 2247 2248 2282 2283 2284 2285 2315 2316 2317 2318 2572 2573 2602 2603 2667 2668 2674 2675 2679 2680 2839 2840 2844 2845 2849 2850 2970 2971 2972 2973 2989 2990 3024 3025 3026 3027
66 67 72 73 93 94 141 142 327 328 634 635 1807 1808 1810 1813 1821 1822 2672 2673 2677 2678 2841 2842 2846 2847 2959 2960 3003 3004 3006 3007 3046 3047
89 90 91 92 109 110 111 112 241 242 358 359 360 361 417 418 419 420 457 458 459 460 791 792 915 916 1411 1412 1909 1910 2557 2558 2730 2732 2733 2735 2780 2782 2783 2785 2879 2880 2881 2882 2961 2962 2999 3000
95 96 97 98 121 122 123 124 253 258 403 404 407 408 411 412 425 430 469 470 546 547 718 719 720 721 828 829 873 874 911 912 1112 1113 1114 1115 1173 1174 1175 1176 1809 1811 1812 1814 1831 1832 1960 1961 1962 1963 2220 2221 2222 2223 2268 2269 2295 2296 2342 2343 2664 2665 2888 2890 2891 2893 2981 2982
99 100 101 102 117 118 119 120 267 268 445 446 473 474 475 476 477 478 659 660 701 702 703 704 877 878 887 888 1005 1006 1007 1008 1054 1055 1056 1057 1161 1162 1163 1164 1500 1501 1547 1548 1622 1623 1681 1682 2395 2396 2414 2415 2449 2450 2480 2481 2806 2808 2809 2811 2903 2904 2905 2906
103 104 105 106 129 130 131 132 210 215 243 244 245 246 405 406 695 696 697 698 1385 1390 2731 2734 2771 2772 2773 2774 2914 2916 2917 2919
107 108 143 144 263 264 368 373 582 583 691 692 771 772 881 882 902 903 941 942 943 944 1234 1235 1236 1237 1269 1270 1271 1272 1401 1402 1691 1692 1693 1694 1712 1713 1714 1715 2032 2033 2034 2035 2369 2370 2430 2431 2489 2490 2715 2716 2717 2718 2754 2755 2758 2759 2770 2775 2926 2928 2929 2931 3015 3017 3018 3020
113 114 115 116 149 150 151 152 293 294 382 387 515 516 677 678 1386 1387 1388 1389 1397 1398 1417 1418 1426 1427 1581 1582 1583 1584 1683 1684 1685 1686 1716 1717 1718 1719 1829 1830 2214 2215 2280 2281 2299 2300 2635 2636 2645 2646 2648 2649 2944 2945 2948 2949
125 126 127 128 287 288 289 290 317 318 435 436 786 789 1399 1400 2455 2456 2457 2458 2472 2473 2474 2475 2660 2661 2692 2693 2969 2974
133 134 135 136 299 300 301 302 324 325 653 654 717 722 747 748 1636 1637 1638 1639 1673 1674 1675 1676 2100 2101 2688 2689
137 138 139 140 171 172 173 174 398 399 453 454 536 537 558 559 689 690 759 760 797 798 1098 1099 1220 1221 1255 1256 1361 1362 1575 1576 1710 1711
153 154 218 219 275 276 333 334 485 486 712 713 714 715 1078 1079 1080 1081 1187 1188 1189 1190 1198 1199 1335 1336 1391 1393 1394 1396 1413 1414 1474 1475 1476 1477 1563 1564 1565 1566 1654 1655 1656 1657 1661 1662 1778 1779 1854 1855 1856 1857 1915 1916 1917 1918 1980 1981 1982 1983 2379 2380 2424 2425 2459 2460 2725 2726 2727 2728 2765 2766 2767 2768 2788 2789 2816 2817 2889 2892
155 156 157 158 167 168 169 170 329 330 378 379 455 456 584 585 586 587 879 880 1185 1186 1838 1839 1974 1975 2036 2037 2096 2097 2113 2114 2257 2258 2365 2366 2367 2368 2461 2462 2463 2464 2495 2496 2497 2498 2530 2531 2578 2579 2596 2597 2714 2719 2720 2721 2724 2729 2744 2745
159 160 161 162 206 207 208 209 415 416 488 489 490 491 673 674 1364 1365 1464 1465 1553 1554 1644 1645 1800 1801 2106 2107 2139 2140 2141 2142 2202 2203 2204 2205 2263 2264 2265 2266 2270 2271 2345 2346
163 164 165 166 175 176 177 178 392 393 447 448 492 493 496 497 509 510 550 551 570 571 898 899 1891 1892 2642 2643 2975 2977 2978 2980
179 180 181 182 188 189 190 191 530 535 544 545 566 567 687 688 699 700 904 905
183 184 185 186 204 205 553 556 649 650 793 794 795 796 900 901 1021 1022 1749 1750 2997 2998
194 195 196 197 463 464 525 526 527 528 560 565 863 864 1121 1122 1247 1248 1304 1305 2225 2226 2324 2325 2559 2560 2561 2562 2591 2592 2593 2594 2915 2918
200 201 202 203 494 495 511 512 513 514 681 682 945 946 947 948 1019 1020 2017 2018 2019 2020 2059 2060 2061 2062 2620 2621 2686 2687 2762 2763 3031 3036
216 217 291 292 344 345 568 569 745 746 867 868 921 922 923 924 1157 1158 1159 1160 1230 1231 1232 1233 1291 1292 1293 1294 1432 1433 1732 1733 2052 2053 2054 2055 2249 2250 2251 2252 2319 2320 2321 2322 2702 2703 2706 2707
228 229 230 231 480 483 498 499 500 501 600 601 602 603 871 872 931 932 1068 1069 1285 1286 1840 1841 2129 2130 2131 2132 2499 2500 2532 2533 2704 2705 2764 2769 2909 2910 2911 2912 2927 2930
232 233 234 235 576 581 588 589 594 595 596 597 671 672 740 743 909 910 2437 2438 2501 2502 2503 2504 2694 2695 2736 2737 2950 2951 3008 3009 3044 3045 3050 3051
237 238 239 240 517 518 519 520 620 621 622 623 711 716 1392 1395
247 248 249 250 421 422 612 613 614 615 636 637 875 876 1366 1367
251 252 307 308 632 633 865 866 953 954 1249 1250 1370 1371 1521 1522 1769 1770 1893 1894 1895 1896 2137 2138 2514 2515 2516 2517 2862 2863 2886 2887 3012 3013 3054 3055
259 260 261 262 572 573 574 575 707 708 709 710 1373 1374 1379 1384 1409 1410 2363 2364 2443 2444 2512 2513 2618 2619 2638 2639 2653 2654 2957 2958 2993 2994
271 272 273 274 441 442 443 444 502 503 683 684 869 870 1058 1059 1060 1061 1322 1323 1324 1325 2071 2072 2190 2191 2336 2337 2609 2610 2631 2632 2681 2682 2858 2859 2953 2954
283 284 285 286 449 450 451 452 608 609 610 611 842 843 1062 1063 1316 1317 1456 1457 1458 1459 1549 1550 1551 1552 1765 1766 1767 1768 2781 2784
309 310 311 312 628 629 630 631 933 934 935 936 1330 1331 1332 1333 1442 1443 1901 1902 1903 1904 2042 2043 2044 2045 2902 2907
313 314 315 316 348 349 350 351 750 753 955 956 957 958 1341 1342 1343 1344 1515 1516 1614 1615 1616 1617 1755 1756 2174 2175 2326 2327 2807 2810 2837 2838 2985 2986
319 320 321 322 354 355 356 357 949 950 951 952 1347 1348 1349 1350 1517 1518 1610 1611 1612 1613 2401 2402 2445 2446 2447 2448
346 347 655 656 657 658 813 814 815 816 975 976 1028 1029 1478 1479 1824 1827 1991 1992 1993 1994 2581 2582 2583 2584 2832 2833
352 353 661 662 663 664 818 819 820 821 832 833 981 982 983 984 1038 1039 1040 1041 1196 1197 1337 1338 1352 1353 1815 1820 2870 2871
362 363 521 522 523 524 735 736 737 738 993 994 995 996 1496 1497 1498 1499 2200 2201 2233 2234 2878 2883 2940 2941 2995 2996
364 365 366 367 616 617 618 619 997 998 999 1000 1050 1051 1052 1053 1596 1597 1608 1609 1708 1709 2332 2333 2334 2335 2710 2711
374 375 376 377 624 625 626 627 1046 1047 1048 1049 1618 1619 1620 1621 1771 1772 1773 1774 2239 2240 2241 2242
388 389 390 391 777 778 779 780 889 890 891 892 1287 1288 1289 1290 1434 1435 1436 1437 1738 1739 1740 1741 2568 2569 2570 2571 2605 2606 2607 2608
394 395 396 397 538 539 540 541 963 964 965 966 1921 1922 1923 1924 1942 1943 1944 1945 2622 2623 2818 2819 2822 2823 2866 2867
431 432 433 434 925 926 927 928 1191 1192 1193 1194 1306 1307 1428 1429 1430 1431 1646 1647 1648 1649 2468 2469 2470 2471
437 438 439 440 937 938 939 940 1023 1024 1302 1303 1354 1355 1448 1449 1450 1451 1795 1796 1987 1988 1989 1990
548 549 705 706 803 804 989 990 991 992 1025 1026 1143 1144 1145 1146 1358 1359 1864 1865 1950 1951 2153 2154 2155 2156 2354 2355 2540 2541 2566 2567 2690 2691 2801 2802 2803 2804
638 639 640 641 805 806 807 808 822 823 1484 1485 1486 1487 1527 1528 1529 1530 1793 1794 2147 2148 2180 2181 2624 2625 2629 2630 3021 3022
667 668 669 670 767 768 769 770 967 968 969 970 1034 1035 1036 1037 1466 1467 1468 1469 1523 1524 1525 1526 1761 1762 1763 1764
723 724 725 726 809 810 811 812 896 897 985 986 987 988 1139 1140 1141 1142 2021 2022 2023 2024 2389 2390
727 728 729 730 1001 1002 1003 1004 1070 1071 1072 1073 1882 1883 1884 1885 2397 2398 2399 2400 2420 2421 2422 2423
775 776 834 835 856 857 1013 1014 1155 1156 1628 1629 1630 1631 2165 2166 2243 2244 2626 2627 2640 2641
838 839 840 841 1502 1503 1504 1505 1559 1560 1561 1562 1946 1947 1948 1949 2598 2599 2600 2601 2963 2968
844 845 846 847 1009 1010 1011 1012 1082 1083 1084 1085 1147 1148 1149 1150 2167 2168 2169 2170
848 849 850 851 1042 1043 1044 1045 1326 1327 1328 1329 1421 1422 2404 2405 2658 2659
852 853 854 855 1100 1101 1102 1103 1117 1118 1452 1453 1454 1455 1724 1725 1726 1727 2432 2433 2434 2435 2794 2799 2936 2937
971 972 973 974 1470 1471 1472 1473 1650 1651 1652 1653 1897 1898 1899 1900 2908 2913
1064 1065 1066 1067 1151 1152 1153 1154 1846 1847 1848 1849 2080 2081 2082 2083 2375 2376 2377 2378 2521 2522 2523 2524
1074 1075 1076 1077 1460 1461 1462 1463 1640 1641 1642 1643 1850 1851 1852 1853 1966 1967 1968 1969 2756 2757
1090 1091 1092 1093 1135 1136 1137 1138 1488 1489 1490 1491 2206 2207 2208 2209 2229 2230 2231 2232 2820 2821
1094 1095 1096 1097 1125 1126 1127 1128 1510 1511 1512 1513 1720 1721 1722 1723 1929 1930 1931 1932
1104 1105 1106 1107 1257 1258 1259 1260 1858 1859 1860 1861 1976 1977 1978 1979 2133 2134 2135 2136 2253 2254 2255 2256
1129 1130 1438 1439 1440 1441 1999 2000 2001 2002 2746 2747
1165 1166 1167 1168 1204 1205 1206 1207 1589 1590 1591 1592 2276 2277 2278 2279
1169 1170 1171 1172 1208 1209 1210 1211 1669 1670 1671 1672 2104 2105 2115 2116 2117 2118
1177 1178 1179 1180 1870 1871 1872 1873 2391 2392 2393 2394 2410 2411 2412 2413 2983 2984
1181 1182 1183 1184 1265 1266 1267 1268 1492 1493 1494 1495 1539 1540 1541 1542 2157 2158 2159 2160 2186 2187 2188 2189
1212 1213 1214 1215 1273 1274 1275 1276 1531 1532 1533 1534 2161 2162 2163 2164 2176 2177 2178 2179 3016 3019
1216 1217 1218 1219 1277 1278 1279 1280 1933 1934 2111 2112 2123 2124 2227 2228
1238 1239 1240 1241 1308 1309 1310 1311 1555 1556 1557 1558 2125 2126 2127 2128 2196 2197 2198 2199
1242 1243 1244 1245 1312 1313 1314 1315 1687 1688 1689 1690 1751 1752 1753 1754 2143 2144 2145 2146 2750 2751
1261 1262 1263 1264 1535 1536 1537 1538 1780 1781 1782 1783 1905 1906 1907 1908 2088 2089 2090 2091
1281 1282 1283 1284 1874 1875 1876 1877 2003 2004 2005 2006 2182 2183 2184 2185 2800 2805 2872 2873 2876 2877
1295 1296 1297 1298 1567 1568 1569 1570 1598 1599 1600 1601 2313 2314 2426 2427 2428 2429 2439 2440 2441 2442
1577 1578 1579 1580 1604 1605 1606 1607 1925 1926 1927 1928 1956 1957 1958 1959 2305 2306 2307 2308 3048 3049
1624 1625 1626 1627 1734 1735 1736 1737 1878 1879 1880 1881
1665 1666 1667 1668 1757 1758 1759 1760 1995 1996 1997 1998 2067 2068 2069 2070 2259 2260 2261 2262
1677 1678 1679 1680 1728 1729 1730 1731 2009 2010 2011 2012 2048 2049 2050 2051
1699 1700 1701 1702 1970 1971 1972 1973 2361 2362 2486 2487 2662 2663 2976 2979
1784 1785 1786 1787 2149 2150 2151 2152 2192 2193 2194 2195
2025 2026 2027 2028 2063 2064 2065 2066 2290 2291 2292 2293 2328 2329 2330 2331 2669 2670 2722 2723
2038 2039 2040 2041 2385 2386 2387 2388 2563 2564
2084 2085 2086 2087 2272 2273 2274 2275 2347 2348 2349 2350
2210 2211 2212 2213 2534 2535 2536 2537 2574 2575 2576 2577
2216 2217 2218 2219 2297 2298 2508 2509 2510 2511
2301 2302 2303 2304 2352 2353
2309 2310 2311 2312 2451 2452 2453 2454 3001 3002
2482 2483 2484 2485 2491 2492 2493 2494 2633 2634 3023 3028
2542 2543 2544 2545 2551 2552 2553 2554 3040 3041
2585 2586 2587 2588 2612 2613 2614 2615
2650 2651
2828 2829
2853 2854
2874 2875
