222 975 927 482 2707 3043 2895 2989 2772 2812 2731 2877 2988 2730 2832 2929 2702 170 856 1161 1027 637 1364 1407 739 98 1400 99 2105 1372 421 1399 162 269 2015 2589 2079 2078 2590 1986 1985 2016 1805 3013 6
470 559 405 590 214 639 1739 1319 2525 570 2501 1708 2639 1269 2464 515 1773 1711 1300 1635 878 2222 1543 1090 2182 2140 2162 2122 1483 193 1128 940 1151 838 1189 1137 502 2569 2482 1218 2134 1673 2022 1996 1901 567 1125 1680 1175 2524 2212 1759 707 2598 1309 2086 1873 1721 608 1979
2620 997 2397 489 2139 629 1501 1737 1793 1327 1423 2446 562 2499 1265 1657 2294 1471 761 497 653 205 473 426 1431 2190 1149 936 2521 395 2577 2310 1497 1313 2038 1921 1878 1783 794 2471 1133 2534 605 1702 2188 1167 1989 1212 2023 494 1953 1449
2683 2679 2660 2678 2360 3048 446 2882 1743 2314 1745 2500 2878 3040 444 2871 3045 1724 1726 2489 411 2299 409 2875 1424 177 747 2512 1765 1763 2887 2891 745 2332 2661 1533 1531 2404 2838 841 176 839 2184 2108 1534 2405 840 1532 2185 127 401 128 402 126 263 2098 264 365 1413 1414 129 1891 2073 1832 2053 1892 2032 293 291 1807 1393 1821 1396 2034 2055 2075 1833 1894 1893 1391 1822 1394 292 1808 290 1788 1661 695 815 696 816 2267 2342 1662 1789 2518 2465 2862 2892 3047 3009 3050 3055 3012 3006 2893 2863 2684 2673 78 73 74 55 56 41 31 12 13 27 26 38 30 29 79 70
245 985 913 468 2737 2935 2956 2983 2826 2984 2722 2770 2883 1079 797 1299 505 2708 2709 2857 2748 1406 1369 270 730 1411 132 1365 262 659 657 1412 2095 2014 2077 2012 2011 2580 2611 2013 1984
2677 2685 2658 2667 1422 3002 2934 2351 363 776 2527 1352 206 2922 1552 2191 526 2419 1067 2836 2362 2986 432 2494 412 1719 2874 1260 2300 861 2408 1525 2859 906 1030 172 1630 202 2457 1159 2243 342 1398 86 95 131 114 183 2096 372 92 273 729 2093 2033 1962 1912 253 136 1823 1389 2035 1964 2094 1914 254 1388 1826 135 1690 1689 2281 2280 2481 2480 727 728 1225 1224 326 325 2675 2674 3022 3019 3038 3037 2910 2909 2973 2972 2869 2868 80 72 53 65 9 2 23 37 69 68
981 2131 2163 1466 237 617 450 788 746 1740 536 1707 1621 1257 677 1725 551 2514 1306 2641 880 2430 1549 1078 1469 810 2114 2148 2158 1729 1929 1870 2069 1722 1676 2135 2586 681 2412 768 1849 1665
977 1468 1512 1462 228 633 1503 2353 1331 1425 459 514 166 386 2266 591 539 1304 2458 1485 2302 882 2432 1082 1439 2629 2196 2272 1457 2063 2081 1925 1494 358 1458 2475 718 2293 2551 2049 1493
2680 2670 2662 2681 2110 631 646 1588 2223 2221 2842 1099 2936 185 461 2317 449 1744 2315 2325 661 1756 2885 811 2324 847 2178 1281 904 1026 2176 2109 1129 83 2235 1620 163 2237 159 157 256 375 108 1408 107 556 658 555 1956 1936 2057 2052 307 208 1809 1811 2058 1958 2054 1938 306 1812 209 1814 826 698 703 848 1340 1197 2270 2345 2271 2346 3007 3051 2942 2896 2994 2958 3052 3010 75 76 59 63 5 16 33 32
2676 2672 2657 2682 2361 2515 2997 764 758 1317 1768 1770 2852 1426 2846 400 2487 1705 387 1706 2981 207 200 2666 1625 2954 2839 195 2456 1517 2402 883 2843 1019 1518 1246 1627 1152 1427 666 1646 2461 1648 1177 676 654 374 119 1403 656 152 268 735 601 151 1980 1963 1889 2074 2030 140 1381 1825 345 1383 2031 2076 1982 1965 1890 1380 1828 139 1382 344 1659 1776 701 842 1777 1660 2519 2466 849 704 3004 2962 3054 3011 3005 3042 2959 2999 2841 2854 77 71 52 67 64 25 24 3 36 0
2113 1482 2137 2165 1590 1735 806 1762 1795 2295 1718 2415 688 1322 1262 469 2198 1569 2403 2635 492 939 1142 1182 1044 121 865 674 500 178 1785 1312 2157 2495 218 1754 1168 625 1930 2047 2088 2591 578 1671 2274 2413 1134 1899 1696 1848 1994 1213 683 2561
1460 499 2373 2127 933 2671 732 1002 2400 1507 2164 2700 2732 2777 2699 2755 2932 2879 2195 1556 1065 2828 2786 2998 2933 1755 2507 642 2418 1064 1555 2194 513 2881 1008 1303 1058 1059 2261 226 2463 1179 1185 1654 338 278 313 366 891 582 1417 369 133 298 2101 1885 1842 1911 280 814 249 1913 1887 1844 250 260 279 2285 2284 1237 1236 1223 1222 414 413 1684 1683 2911 2912 3030 3029 2806 2808 2980 2978 2761 2760 54 43 50 15 8 7
1452 557 545 945 2669 2774 2996 460 462 1292 2926 2928 1298 2814 2706 2705 2725 2726 2771 1467 612 972 2851 541 1564 1566 1085 542 552 1563 2889 1565 1084 1454 970 943 668 1193 1187 267 297 91 299 88 266 153 602 312 734 314 1918 1917 1863 347 824 781 1919 1865 1920 346 822 780 317 1694 1693 318 1229 1228 1231 1230 1691 1692 2903 2904 2906 2905 3027 3025 2796 2795 58 57 46 20 1 17
521 531 2371 2712 2435 2433 1580 2894 2849 2924 2769 2990 2923 423 417 2491 2816 1714 2493 1255 2740 475 2388 2779 2724 2390 537 2416 547 1054 1545 976 931 662 243 145 2357 100 626 109 643 1867 333 1869 332 699 836 2520 2467 2785 2753 2788 2830 2899 2931 48 10
2663 1011 828 2169 1500 1009 2787 830 2743 2950 2987 2888 2821 2773 1645 675 2982 1710 431 433 1267 1188 553 1554 2870 2201 2688 1081 1429 490 2697 928 1190 930 2258 1608 1141 1139 2233 165 277 182 596 261 146 87 1839 1981 1884 783 1361 1886 1983 1841 1362 782 1658 1775 1334 1200 1335 1201 2961 3003 2900 2938 2791 2835 2744 2720 51 66 44 21 18
2659 1472 961 2141 2143 967 580 2767 2728 2827 2995 2940 1358 774 2355 2352 2763 2242 1144 1617 713 2949 2872 2746 2884 1562 2209 1083 2203 1077 2696 1437 2120 215 2703 924 1138 2236 918 167 2255 2245 1169 583 888 301 160 367 894 1402 337 724 480 1862 1957 1816 821 1864 1959 1818 819 1337 456 694 1196 1202 1349 2269 2344 1779 1664 2993 2957 3056 3014 3000 2960 2793 2825 47 62 35 19
2367 917 2664 224 2117 1436 2691 2701 2742 2941 1774 2517 752 1329 2339 2991 721 122 2947 2766 1487 2764 2739 620 1591 632 2434 1106 2216 980 2240 2239 722 2445 1616 2104 105 440 655 368 1935 1838 1817 1937 1840 1819 2343 2268 2745 2721 2943 2897 60 45 34
925 1476 2389 2626 2513 1103 1741 2526 406 2262 1716 1742 1611 763 416 465 187 1108 225 1034 1037 2263 1612 534 2224 1728 2249 2544 2522 800 1094 1723 1089 2064 1967 1675 2232 2474 1053 1856 1666 597 2024 1944 1046
2151 543 2383 2395 1586 1016 621 538 1071 1475 587 2336 2308 2323 1557 845 1145 1155 690 2583 2276 1874 2059 1573 2377 2279 1537 2062 211 2045
2147 2665 979 476 1490 2782 2385 2817 2729 2880 2781 663 548 1558 2197 2692 2460 235 1727 424 2490 2992 2306 2364 1441 238 2118 2264 2459 234 1656 1181 330 265 742 2100 134 1866 1868 2477 2476 1686 1685 351 352 2287 2286 2715 2714 2804 2803 2975 2977 49
2155 2145 807 937 1430 1576 1509 777 441 388 425 614 2112 1180 1568 2492 2326 2625 1170 1515 638 2414 2368 2202 1038 944 1116 232 1031 2496 2545 2329 1582 1174 771 2008 1846 1907 712 1698 2428 2605 2159 1787 362 2001 1993 1124 670 1857 1540
1464 1003 1504 2337 2219 2431 2733 2886 164 581 968 485 168 1575 1066 965 1114 2449 2409 2179 175 28 39
511 519 731 1001 1578 2636 2168 2775 447 445 1136 2710 2505 1268 1080 2621 1453 2183 885
379 2161 1502 1015 1508 2713 2833 760 2890 1766 744 1323 2335 3044 2823 2818 2711 2698 1477 1270 1713 430 410 859 1527 1042 2144 585 2177 1528 858 1043 90 1367 311 390 1397 743 371 736 2550 2546 2539 2597 2549 2610 2102 902 1409 650 1420 419 1896 1859 1882 2068 2037 1895 287 756 1798 1373 322 1378 2283 2282 726 725 1227 1226 2811 2809 3035 3033 2865 2864
1446 689 959 3049 2654 1772 2333 2768 2850 1738 443 2650 2313 2778 197 1158 2628 2171 2686 870 1445 510 2124 117 2099 1843 1829 1387 1845 1386 1830 1663 1778 2655 2644 2784 2752 42 40 22
1442 941 1438 915 3053 1321 2341 740 2687 3041 2298 733 1252 2762 741 2340 1320 2334 1514 1024 1028 2126 948 2132 889 2609 2533 2595 2107 827 899 1837 2067 2029 276 191 1801 1233 1232 2289 2288 3032 3034 3016 3015 2757 2756
923 230 1506 381 2735 808 2318 448 1513 1295 2820 471 2154 2424 1092 1122 2437 1171
613 973 999 484 2727 3001 2860 1647 242 2819 589 1192 749 1767 554 563 1072 2260 844 636 125 305 304 825 697 2792 2824 4
969 491 594 2693 829 1006 1511 1615 1148 2985 2951 1749 1750 1302 571 879 1025 921 1183 1650 1652 437 438 1368 96 257 813 1338 1198 2790 2834 14
403 2379 584 648 2627 382 1109 2815 2690 1746 2952 1623 1747 871 2244 1595 1594 1622 154
803 805 466 1478 1284 2215 1101 2316 2741 2920 1057 1251 2296 2193 518 516 616 988 1172 2750 2637 2372 1120 455 901
2618 239 919 1428 2363 2747 2689 2723 786 1353 2656 1794 2695 1249 2647 2486 377 775 2736 2386 1479 982 2420 2633 1553 530 506 467 477 1593 1121 873 2442 884 174 94 1940 335 1941 334 354 353 1235 1234 1682 1681 2645 2646 2802 2801 2719 2718 2946 2945 61 11
2381 2369 687 831 635 1111 2749 2927 1712 1283 1732 1104 1577 1000 1093 876 2447 2436
2149 2622 1488 2813 1592 804 1791 2648 2421 481 1162 881 634 1041 2427 706 2347 2004 495 2510 398 2019 1910 566
809 488 201 586 1296 2354 2398 1655 1247 1609 1736 1473 1266 1629 1056 2208 2116 2214 1118 2392 2608 1641 1278 2026 1668 2613 1730 1204 1853 2009 1601
478 2624 1480 472 2822 1294 454 2651 2829 987 2751 2925 1544 2632 550 1063 1061 2856 1318 2653 755 2619 229 240 2694 1119 868 627 900 116 113 302 392 644 394 2556 2531 2540 2565 2603 2528 898 275 854 1939 1906 1860 2051 1835 295 190 320 1806 700 837 2930 2898 2955 2944 2789 2831
1474 474 486 1357 2396 1356 407 384 399 1570 2256 2858 1098 1014 1599 1530
2121 1440 247 2734 458 1290 457 1289 798 2776 1301 857 942 1463 546 544 376 285 118 97 738 2602 2530 2604 2097 649 350 1834 2050 2056 321 1797 217 316 315 3026 3024
1432 2119 2365 2953 750 227 2921 2321 1651 2150 869 1628 479 574 2541 2555 2358 1410 615 1861 1905 236 1374 1803 2479 2478 1217 1216
1005 971 1510 641 2217 619 429 2765 2305 1717 2180 2130 436 110 2596 2564 2106 1934 2036 1800 702 843
1470 588 963 1113 2855 415 1261 1271 483 1112 628 1589 640 2861 1110 2225 1596 877 895 393 795 818 1405 101 2563 2538 892 1415 903 1858 1933 198 1375 757 282 281 1688 1687 2798 2797 2919 2917 2916 2914 3020 3017
1017 1288 748 442 929 2417 1293 1073 1481 498 525 535 1074 2152 2227
1484 2399 1105 1796 1653 385 2238 408 765 507 1567 569 2406 2138 1505 720 715 2593 2439 1051 1669 1850 1988 599 1897 2393 2559 802 2311 1087 1975 1752 355 2090
592 2115 2167 1010 564 463 84 2738 2423 1633 916 2229 893 1932 1637 1199
611 2387 762 2502 452 1550 1140 2503 517 173 922 1023 1522 1455 1117 1132 1536 1992 1048 1602 1096 1642 2497 1166 1572
1486 404 2504 1792 184 2303 1734 593 2649 2506 2207 630 1163 2509 2601 1784 2211 2085 2046 609 2275 2485 503 1904 2005 1997 1695
2153 1733 2320 464 192 1548 572 1055 1761 2338 528 246 1282 1316 833 1366 573 143 142 1371 1360 324 328 327
1325 2322 364 1434 2444 82 911 203 1631 1032 1435 664 2615 1311 769 680 1220 2028
1107 1764 1790 244 451 383 524 686 1330 1258 1069 986 2422 1551 533 1033 1045 2374 2265 2640 1219 2133 1700 716 2568 2410 1667 684 1049 2017 2007 1851 2349 2606 221 2394 1731 1097 1781 356 1978 1308 1931 1872
785 1351 778 1359 2848 2876 3039 905 2847 2948 2873 908 2111 93 130 435 309 329 897 2529 2616 2356 274 855 349 1831 2092 319 216 296 1802 1336 1195 1203 1350
754 669 1253 1709 1287 1421 1560 527 2631 1587 1186 196 2558 1916
787 1704 378 150 2617 2634 1489 540 2200 2220 866 1135 149 1597 737
2462 667 427 2307 1259 2780 2704 978 2837 561 549 665 2407 852 1029 310 102 106 341 2579 1971
169 2199 1546 907 2937 2327 1305 2218 1102 1579 912 2668 864 1127 2226 1404 1363 300 339
2783 1703 1444 2297 1254 1326 753 1771 2853 1324 2840 1022 2174 2129 2166 1018 186 1157 2253 2548 2572 2532 2547 1883 1836 1960 1888 2845 2844
148 1619 909 428 434 1715 1519 1020 1613 194 1153 1626 1632 204 158 272 439 391 2483 1343 1241 2964
2448 2488 1291 2301 790 874 1013 983 947 2638 1191 860 1461 2452 1345 1950 2018 951 995 1583 2350 2574 1541 1238 1949
1248 2643 1465 1184 759 1547 966 1433 2630 1035 678 2472 624 577 2066 767
2319 2623 1297 2205 1075 1154 1559 1007 180 714 1614
453 2425 2652 1491 1272 2401 953 1062 2234 1250 1443 1524 1640 993 2309 2607 2426 770 1495 1276 2070 2585 1459 1210 2010 1600 671 1990 949 1909
2384 2382 964 1748 418 1328 618 1354 887 886 1757 2348 396 1679 711 1240 361 1760 1347 1678 2020 493
2142 2380 960 751 529 875 1585 233 2241 85 2570 1954 2967 2966
2146 812 2516 1100 1070 508 920 2170 1115 1649 532 1496 1639 793 2043 2084 1871 2581 606 1607 2136 2484 1448
1091 2304 789 1036 863 1523 910 1285 2443 604 2468 2000 2330 2041 791
660 1769 2173 2366 1146 1178 1040 935 2259 241 1243 1456 2584 1126 1902 1855 2213 2543 1176 1492 2044 1342
181 487 1516 2204 1355 1286 522 1598 1242 1574 2060 1348 565
179 2248 1060 1068 595 189 2642 156 2576 2614 1976
2450 867 2175 647 1156 2125 934 1143 1131 1674 1451 1995 2599 1499 1720 1165
998 1561 1520 1521 1256 984 954 2247 2554 1605 1966 2231 1928
1307 645 835 124 1263 938 1447 2273 501 2588 1214 2025 1908 2612 2429 1315 607 2071 2048
652 248 2123 223 509 1644 1618 120 89 1209 1346 1095 1697 3023
851 523 719 2181 1526 846 1039 115 796 2587 2536 1376 2810 3036
231 1076 2246 962 926 1147 850 81 2277 2250 2089 2573 2454 2087 2971
2172 2206 1130 1194 1164 1610 576 575 308 1782 1450 773 1636 2091 1273 2065 1923 2807
2192 974 1529 380 1624 103 2186 679 2469 1603 952 1898 1991 2560 1643 2498 996 766 1880 2040
1150 2254 853 147 2370 520 817 1392 1758 2562 1207 1279 1900 1677 2072 2902
1333 1332 1021 512 2128 558 1401 1370 144 2571 2103 141 420 1955 323 288 199 1799 1339
2754 1264 872 890 896 1418 1581 1699 672 610 2717 2915
914 1012 834 832 723 155 1670 1810 2039 1987 2080 2021 2312 2292 2523 2470 1751 2805 3028
2156 2455 1634 271 579 255 1535 1973 2441 1571 2918 2866
171 123 862 112 389 251 955 1277 956 1395 1854 2042 1786 1377 1780 2799
1160 1004 188 2257 343 820 1542 600 801 1584 2913
932 560 111 303 799 603 360 1824 1951 2552 3018
946 161 286 373 1385 2411 2391 2473 1875 1416 1672 1538 1498
2228 651 331 2291 2328 2290 823 1390 792 623 3031
422 340 370 1379 1604 1815 1942 1847 1922 1419 2535 2566 2542 1924 2759 2716
104 1827 2537 2600 2553 252 138 2800
1813 137 1384 294 2968 2907 3021 2758
1820 779 1972 348 685 2440 220 2974 2794 2976
258 1050 1173 1208 994 336 784 1903 1968 2867
289 219 691 705 1946 2003 2252 2278 989 1123 2969
359 568 357 673 212 2453 2378 1274 950 1239 2979
2376 2451 2375 213 1926 2575 397 210
2508 2210 992 1206 259 2160 958 1280 1998 2006
2230 1879 1606 1211 990 1086
2187 496 2331 2189 2251 1047 1205
2594 2438 1977 1943 2567 1952 1974 2963
1753 1215 2578 2557 2359 1275 1945 709
1999 1947 1314 957 1341 1877
1638 717 708 1088 1852 2002 710
692 1701 991 622
504 693 1310 1961 1969 2061
1221 2582 1970 1915 1804 2908
1245 1244 1927 2027 1881
2511 1344 682
2592 1052 2082 284 2970
772 598 2965
1876 1948
2083 283
1539 3046 2901
3008 2939
