0 1 6 8 9 28 31 39 40 41 52 61 68 69 71 76 80 113 114 117 118 131 132 143 200 201 216 217 272 273 315 316 317 318 321 322 349 350 376 387 388 649 650 736 737 738 739 787 788 797 798 876 877 880 881 905 906 1022 1023 1117 1118 1222 1223 1224 1225 1247 1248 1300 1301 1351 1352 1797 1805 1806 1831 1888 1939 2015 2016 2029 2056 2092 2097 2099 2108 2171 2224 2280 2281 2296 2323 2351 2528 2529 2548 2565 2589 2590 2595 2604 2616 2617 2628 2637 2645 2646 2647 2652 2656 2657 2668 2674 2675 2676 2681 2685 2838 2844 2845 2846 2851 2855 2945 2946 2947 2952 2956 3013 3015 3016 3029 3030 3037 3038 3039 3043 3053
2 3 14 15 21 29 30 38 42 43 53 54 70 77 78 79 119 120 135 136 139 140 146 174 175 257 260 261 262 271 436 437 438 439 557 558 559 560 569 570 571 572 703 704 762 763 764 765 813 814 848 849 884 885 937 938 939 940 1056 1057 1058 1059 1198 1199 1330 1331 1332 1333 1338 1339 1361 1362 1368 1442 1443 1547 1548 1658 1761 1762 1775 1821 1822 1842 1843 1844 1845 1911 1912 1913 1914 1985 1986 2073 2074 2075 2076 2078 2079 2369 2370 2414 2415 2465 2512 2513 2518 2697 2698 2699 2700 2752 2753 2778 2779 2782 2783 2784 2785 2898 2899 2924 2925 2928 2929 2930 2931 3011 3012 3054 3055
4 5 16 32 33 44 45 62 63 81 82 83 84 85 86 157 158 208 209 228 229 230 231 281 282 283 284 304 305 306 307 455 555 556 651 655 656 657 658 660 661 777 778 913 914 1129 1130 1216 1217 1299 1355 1809 1811 1812 1814 1829 1830 1838 1839 1840 1841 1956 1957 1958 1959 2011 2012 2013 2014 2057 2058 2093 2094 2098 2104 2105 2113 2114 2115 2116 2235 2236 2237 2238 2282 2283 2284 2285 2324 2325 2352 2353 2618 2619 2638 2639 2696 2701 2714 2715 2718 2719 2736 2737 2746 2747 2964 2965 2966 2967 2985 2986 2995 2996
7 17 18 24 25 46 47 55 56 190 191 276 297 299 300 302 370 371 413 414 580 581 596 626 627 642 774 827 834 835 898 899 900 901 971 972 973 974 1038 1039 1040 1041 1230 1231 1232 1233 1304 1305 1356 1357 1365 1373 1374 1409 1410 1411 1412 1466 1467 1468 1469 1527 1528 1529 1530 1691 1692 1693 1694 1746 1747 1790 1791 1858 1859 1895 1896 2538 2539 2549 2550 2622 2623 2629 2630 2795 2796 2797 2798 2816 2817 2826 2827 2864 2865 2868 2869 2884 2885 2894 2895
10 11 19 20 22 23 48 49 59 60 121 122 123 124 274 275 319 320 337 339 340 342 351 352 353 354 435 440 475 476 477 478 579 632 633 634 635 654 659 756 757 902 903 997 998 999 1000 1108 1109 1110 1111 1143 1144 1145 1146 1226 1227 1228 1229 1375 1376 1415 1416 1484 1485 1486 1487 1589 1590 1591 1592 1614 1615 1616 1617 1687 1688 1689 1690 1860 1861 1933 1934 1954 1955 2540 2541 2563 2564 2570 2571 2739 2740 2741 2742 2764 2766 2767 2769 2801 2802 2803 2804 2878 2880 2881 2883 2914 2916 2917 2919
12 13 26 27 50 51 57 58 126 127 128 129 263 264 287 288 365 377 378 379 380 381 382 401 402 419 420 505 506 507 508 695 696 815 816 865 866 1372 1377 1378 1399 1400 1413 1414 1419 1420 1506 1507 1508 1509 1567 1568 1569 1570 1598 1599 1661 1662 1708 1709 1788 1789 1802 1882 1883 1915 1916 1984 2077 2169 2170 2200 2201 2267 2342 2356 2395 2396 2420 2421 2442 2486 2546 2547 2557 2558 2580 2611 2738 2743 2754 2755 2790 2791 2814 2815 2834 2835 2858 2859 2900 2901 2922 2923 2938 2939 2944 2955 3005 3042
34 35 64 65 74 75 93 94 155 156 479 480 1800 1801 1834 1835 1960 1961 2050 2051 2106 2107 2117 2118 2119 2120 2253 2254 2255 2256 2268 2269 2319 2320 2321 2322 2343 2344 2530 2531 2572 2573 2602 2603 2702 2703 2706 2707 2720 2721 2730 2731 2734 2735 2744 2745 2959 2960 2988 2989 2990 2991 2999 3000 3006 3007 3050 3051
36 37 66 67 72 73 87 89 90 92 102 103 104 105 176 177 232 233 234 235 290 291 292 293 409 410 411 412 725 726 727 728 870 871 1380 1381 1382 1383 1403 1404 1407 1408 1426 1427 1517 1518 1646 1647 1648 1649 1712 1713 1714 1715 1823 1825 1826 1828 1832 1833 1889 1890 1980 1981 1982 1983 2032 2033 2034 2035 2357 2361 2362 2402 2403 2461 2462 2463 2464 2478 2479 2480 2481 2491 2492 2493 2494 2671 2672 2677 2678 2842 2843 2847 2848 2975 2977 2978 2980 2987 2992 3017 3019 3020 3022
88 91 101 106 289 294 1379 1384 1405 1406 1824 1827 2658 2659 2666 2667 2673 2684 2871 2872 2873 2874 2934 2935 3001 3002 3014 3056
95 96 97 98 99 100 198 199 258 259 892 893 1807 1808 2660 2661 2679 2680 2862 2863 2879 2882 2892 2893 3010 3044 3045 3052
107 108 109 110 111 112 236 249 250 251 252 253 254 615 1360 1371 2662 2663 2669 2670 2896 2897 2936 2937 2942 2943 2957 2958 2993 2994
115 116 153 154 170 171 172 173 222 223 224 225 443 444 445 446 1386 1387 1388 1389 1397 1398 1417 1418 1434 1435 1436 1437 1628 1629 1630 1631 1663 1664 1738 1739 1740 1741 1778 1779 1962 1963 1964 1965 2052 2053 2054 2055 2121 2122 2243 2244 2313 2314 2640 2641 2644 2650 2651 2655
125 130 141 142 163 164 165 166 206 207 298 301 323 324 325 326 327 328 363 364 551 552 553 554 1074 1075 1076 1077 1135 1136 1137 1138 1798 1799 2102 2103 2109 2110 2202 2203 2204 2205 2664 2665 2870 2875 2903 2904 2905 2906 2940 2941
133 134 147 148 149 150 151 152 245 246 247 248 285 286 310 313 344 345 346 347 701 702 758 759 760 761 842 843
137 138 182 183 210 211 212 213 277 278 493 494 495 496 911 912 1251 1252 1318 1319 1320 1321 1425 1707 2332 2333 2551 2552 2553 2554 2574 2575 2576 2577 2682 2683 2841 2866 2867 3040 3041
144 145 159 160 186 187 188 189 192 193 265 267 268 270 332 333 334 335 385 386 699 700 742 743 785 786 836 837 878 879 904 1019 1151 1152 1197 1246 1340 1391 1393 1394 1396 1423 1424 1519 1520 1632 1633 1634 1635 1795 1796 2030 2031 2360 2401 2449 2450 2525 2839 2840 2854 2981 2982
161 162 237 238 239 240 329 330 423 424 425 426 662 663 664 665 915 916 917 918 1179 1180 1181 1182 1195 1196 1257 1258 1259 1260 1336 1337 1970 1971 2036 2037 2363 2364 2459 2460 2489 2490 2578 2579 2596 2597 2642 2643 2648 2649 2708 2709 2712 2713 2724 2725 2728 2729 2961 2962 3003 3004 3008 3009 3046 3047
167 168 169 255 256 279 280 311 312 368 369 441 442 456 694 867 909 910 1020 1021 1153 1154 1155 1156 1283 1284 1285 1286 1742 1743 1744 1745 2499 2500 2849 2850
178 179 180 181 184 185 266 269 295 296 383 384 573 574 628 629 630 631 697 698 817 818 825 826 854 855 1098 1099 2100 2101 2111 2112 2216 2217 2218 2219 2297 2298 2430 2431 2886 2888 2889 2891 2920 2921
194 195 196 197 309 314 403 404 405 406 561 562 563 564 819 821 822 824 1015 1016 1017 1018 1070 1071 1072 1073 1169 1170 1171 1172 1202 1203 1349 1350 1502 1503 1504 1505 1543 1544 1545 1546 1624 1625 1626 1627 1659 1660 1776 1777 1884 1885 1886 1887 2732 2733 2780 2781
202 203 204 205 374 375 399 400 489 490 491 492 729 730 1385 1390 1695 1696 1697 1698 2482 2483 2484 2485 2722 2723
214 215 226 227 338 341 366 367 407 408 734 735 1803 1804 2095 2096 2257 2258 2299 2300 2358 2359 2365 2366 2367 2368 2466 2467 2519 2520
218 219 220 221 303 308 501 502 503 504 601 602 888 889 894 895 1539 1540 1541 1542 1636 1637 1638 1639 2812 2813 2818 2823 2832 2833
241 242 243 244 415 416 417 418 643 644 779 780 781 782 783 784 874 875
331 336 355 356 357 358 565 566 567 568 896 897 1024 1025 1127 1128 1306 1307 1358 1359 1514 1593 1748 1794 2133 2134 2135 2136 2309 2310 2311 2312 2505 2794 2799
343 348 359 360 361 362 575 576 577 578 1026 1027 1121 1122 1755 1756 1850 1851 1852 1853 2038 2039 2040 2041 2184 2185 2653 2654
372 373 421 422 1428 1429 1608 1609 1681 1682 2067 2068 2233 2234 2609 2610 3032 3033 3034 3035
389 390 391 392 393 394 1392 1395 1448 1449 1450 1451 1571 1572 1573 1574 2534 2535 2536 2537 2559 2560 2561 2562 2716 2717 2948 2949 2983 2984 2997 2998 3048 3049
395 396 397 398 603 604 605 606 886 887 890 891 963 964 965 966 1183 1184 1185 1186 1369 1370 1464 1465 1644 1645 2381 2382 2383 2384 2771 2772 2773 2774 2902 2907
427 428 429 430 543 544 545 546 638 639 640 641 795 796 820 823 1575 1576 1710 1711 2123 2124 2214 2215 2710 2711 2756 2757 2760 2761 2765 2768 2926 2927
431 432 433 434 645 646 647 648 832 833 949 950 951 952 1363 1364 2220 2221 2222 2223 2227 2228 2301 2302 2303 2304 2345 2346 2860 2861
447 448 449 450 471 472 473 474 844 845 846 847 975 976 1281 1282 1810 1813 2624 2625 2704 2705 2788 2789 2819 2820 2821 2822 2830 2831
451 452 453 454 527 528 529 530 531 532 533 534 636 637 931 932 1068 1069 1553 1554 1732 1733 1836 1837 2371 2372 2373 2374 2422 2423 2424 2425 2501 2502 2503 2504 2532 2533 2770 2775 3024 3025 3026 3027
457 458 459 460 481 482 483 484 856 857 858 859 977 978 979 980 1028 1029 1030 1031 1287 1288 1289 1290 1815 1816 1817 1818 1819 1820
461 462 463 464 485 486 487 488 860 861 862 863 981 982 983 984 1034 1035 1036 1037 1234 1235 1236 1237 1478 1479 1521 1522 1866 1867 1868 1869 1891 1892 1893 1894 2385 2386 2404 2405 2476 2477
465 466 513 514 582 583 864 1054 1055 1116 1488 1489 1490 1491 1555 1556 1557 1558 1683 1684 1685 1686 1905 1906 2151 2152 2153 2154 2192 2193 2194 2195 2555 2556 2726 2727 2750 2751 2856 2857 2909 2910 2911 2912
467 468 469 470 523 524 525 526 775 776 1366 1367 1940 1941 2147 2148 2149 2150 2196 2197 2198 2199 2225 2226 2286 2287 2288 2289 2354 2355
497 498 499 500 723 724 733 933 934 935 936 1917 1918 1919 1920 2129 2130 2131 2132 2206 2207 2208 2209 2762 2763 2786 2787
509 510 511 512 618 619 620 621 652 653 1401 1402 1452 1453 1454 1455 1577 1578 1579 1580 1705 1706 1935 1936 1937 1938 2620 2621 2635 2636 2776 2777
515 516 517 518 519 520 521 522 941 942 943 944 1082 1083 1084 1085 1253 1254 2017 2018 2019 2020
535 536 537 538 748 749 750 751 868 869 907 908 1322 1323 1324 1325 2190 2191 2953 2954
539 540 541 542 666 667 668 669 686 687 688 689 953 954 1177 1178 1474 1475 1476 1477 1654 1655 1656 1657 1862 1863 1864 1865 2137 2138 2792 2793 2824 2825 2887 2890
547 548 549 550 752 753 754 755 872 873 955 956 957 958 1549 1550 1551 1552 1596 1597 1771 1772 1773 1774 1854 1855 1856 1857
584 585 586 587 744 745 746 747 838 839 840 841 1470 1471 1472 1473 1523 1524 1525 1526 2139 2140 2141 2142 2180 2181 2182 2183 2338 2339 2340 2341
588 589 590 591 967 968 969 970 1042 1043 1044 1045 1999 2000 2001 2002 2080 2081 2082 2083 2379 2380 3031 3036
592 593 594 595 789 790 850 851 852 853 959 960 961 962 2021 2022 2023 2024 2591 2592 2593 2594
597 598 599 600 607 608 609 610 945 946 947 948 1291 1292 1293 1294 1460 1461 1462 1463 2210 2211 2212 2213 2276 2277 2278 2279
611 612 613 614 674 675 676 677 811 812 882 883 1032 1033 1187 1188 1189 1190 1200 1201 1334 1335 2692 2693
616 617 713 714 985 986 987 988 1100 1101 1102 1103 1139 1140 1141 1142 1480 1481 1482 1483 1610 1611 1612 1613
622 623 624 625 670 671 672 673 993 994 995 996 1242 1243 1244 1245 1515 1516 1703 1704 1749 1750 2174 2175 2326 2327 2807 2808 2809 2810
678 679 680 681 705 706 707 708 989 990 991 992 1238 1239 1240 1241 1531 1532 1533 1534 1724 1725 1726 1727 2176 2177 2178 2179
682 683 684 685 766 767 768 769 919 920 921 922 1249 1250 1302 1303 1438 1439 1440 1441 2438 2439 2440 2441 2521 2522 2523 2524 2976 2979
690 691 692 693 770 771 772 773 923 924 925 926 1269 1270 1271 1272 1430 1431 1432 1433 1946 1947 1948 1949 2084 2085 2086 2087
709 710 711 712 791 792 793 794 927 928 929 930 1119 1120 1594 1595 2581 2582 2583 2584 2605 2606 2607 2608 2694 2695 3018 3021
715 716 717 718 799 800 801 802 1001 1002 1003 1004 1987 1988 1989 1990 2059 2060 2061 2062 2397 2398 2399 2400 2406 2407 2408 2409
719 720 721 722 1421 1422 1500 1501 1792 1793 1897 1898 1899 1900 2069 2070 2071 2072 2186 2187 2188 2189 2328 2329 2330 2331
731 732 1005 1006 1007 1008 1090 1091 1092 1093 1147 1148 1149 1150 1510 1511 1512 1513 1559 1560 1561 1562 2626 2627 2633 2634 2806 2811
740 741 1046 1047 1048 1049 1165 1166 1167 1168 1535 1536 1537 1538 1640 1641 1642 1643 2143 2144 2145 2146 2334 2335 2336 2337
803 804 805 806 1009 1010 1011 1012 1060 1061 1062 1063 1161 1162 1163 1164 2165 2166 2167 2168 2970 2971 2972 2973
807 808 809 810 1013 1014 1255 1256 1581 1582 1583 1584 1604 1605 1606 1607 1925 1926 1927 1928 1950 1951 1952 1953
828 829 830 831 1050 1051 1052 1053 1173 1174 1175 1176 1716 1717 1718 1719 1901 1902 1903 1904 1966 1967 1968 1969
1064 1065 1066 1067 1157 1158 1159 1160 1846 1847 1848 1849 2375 2376 2377 2378 2631 2632
1078 1079 1080 1081 1456 1457 1458 1459 1728 1729 1730 1731 2042 2043 2044 2045
1086 1087 1088 1089 1123 1124 1125 1126 1734 1735 1736 1737 2387 2388 2389 2390
1094 1095 1096 1097 1131 1132 1133 1134 1600 1601 1602 1603 2155 2156 2487 2488 2526 2527
1104 1105 1106 1107 1870 1871 1872 1873 1942 1943 1944 1945 2391 2392 2393 2394 2758 2759
1112 1113 1114 1115 1261 1262 1263 1264 1444 1445 1446 1447
1191 1192 1193 1194 1492 1493 1494 1495 1665 1666 1667 1668 2157 2158 2159 2160 2272 2273 2274 2275
1204 1205 1206 1207 1308 1309 1310 1311 1585 1586 1587 1588 2125 2126 2127 2128
1208 1209 1210 1211 1312 1313 1314 1315 1650 1651 1652 1653 1995 1996 1997 1998
1212 1213 1214 1215 1273 1274 1275 1276 1669 1670 1671 1672 2161 2162 2163 2164 2172 2173 2690 2691
1218 1219 1220 1221 1277 1278 1279 1280 1677 1678 1679 1680 1720 1721 1722 1723 2259 2260 2261 2262
1265 1266 1267 1268 1496 1497 1498 1499 1699 1700 1701 1702 1878 1879 1880 1881 2025 2026 2027 2028
1295 1296 1297 1298 1563 1564 1565 1566 1874 1875 1876 1877 2950 2951
1316 1317 1353 1354 1618 1619 1620 1621 1907 1908 1909 1910
1326 1327 1328 1329 1921 1922 1923 1924 2426 2427 2428 2429 2468 2469 2470 2471 2908 2913
1341 1342 1343 1344 1622 1623 2245 2246 2247 2248 2270 2271 2294 2295 2612 2613 2614 2615
1345 1346 1347 1348 1780 1781 1782 1783 2239 2240 2241 2242 2447 2448 2688 2689 2836 2837
1673 1674 1675 1676 1757 1758 1759 1760 1991 1992 1993 1994 2063 2064 2065 2066 2263 2264 2265 2266
1751 1752 1753 1754 2229 2230 2231 2232 2416 2417 2418 2419 2969 2974
1763 1764 1765 1766 1929 1930 1931 1932 2748 2749
1767 1768 1769 1770 1972 1973 1974 1975 2852 2853 2963 2968
1784 1785 1786 1787 2003 2004 2005 2006 2686 2687
1976 1977 1978 1979 2007 2008 2009 2010 2249 2250 2251 2252
2046 2047 2048 2049 2410 2411 2412 2413 2495 2496 2497 2498 2828 2829
2088 2089 2090 2091 2347 2348 2349 2350 2876 2877
2290 2291 2292 2293 2436 2437 2506 2507 2915 2918
2305 2306 2307 2308 2451 2452 2453 2454
2315 2316 2317 2318 2542 2543 2544 2545 2566 2567 2568 2569
2432 2433 2434 2435 2443 2444 2445 2446 2800 2805
2455 2456 2457 2458 3023 3028
2472 2473 2474 2475
2508 2509 2510 2511
2514 2515 2516 2517
2585 2586 2587 2588 2598 2599 2600 2601
2932 2933
