0 1 15 16 26 27 36 41 59 60 64 65 71 107 108 28 39 68 79 275 276 333 334 368 371 373 370 402 529 659 660 679 680 746 745 799 800 817 858 861 865 866 906 920 919 1100 1101 1102 1103 1163 1164 1161 1162 1199 1198 1249 1250 1335 1336 1372 1378 1377 1413 1414 1419 1420 1423 1424 1591 1589 1590 1592 1632 1633 1634 1635 1662 1661 1708 1709 1778 1779 1802 1833 1805 1934 1933 1964 1965 1984 2031 2077 2356 2360 2431 2430 2449 2450 2465 2488 2520 2529 2563 2564 2572 2580 2573 2595 2664 2667 2665 2668 2676 2671 2611 2684 2855 2890 2888 2891 2893 2898 2899 2923 2922 2943 2942 2952 2962 2961 2982 2981 3000 2999 3005 3042 3011
2 5 14 23 33 40 42 43 61 74 75 76 94 29 30 69 70 193 204 222 223 237 238 293 343 345 379 383 453 469 555 563 570 574 575 604 605 678 689 742 744 749 751 761 762 757 758 785 787 878 885 886 1122 1225 1224 1283 1284 1305 1382 1383 1398 1412 1430 1431 1595 1694 1693 1736 1737 1748 1809 1812 1829 1830 1834 1835 1836 1837 1940 1941 2014 2015 2013 2016 2052 2055 2053 2057 2054 2056 2105 2117 2118 2226 2285 2284 2317 2318 2325 2618 2619 2637 2650 2652 2651 2657 2645 2646 2695 2694 2708 2709 2712 2713 2731 2730 2735 2736 2734 2737 2944 2950 2951 2945 3024 3026 3025 3027 3029 3030 3044 3043 3045
4 3 13 22 32 44 45 52 72 73 80 93 149 150 173 174 294 331 338 344 353 359 378 386 409 418 454 470 554 562 571 591 590 622 623 671 773 792 801 877 901 894 909 907 916 945 946 1019 1196 1257 1258 1337 1352 1373 1397 1411 1409 1444 1445 1517 1659 1712 1713 1776 1791 1798 1806 1841 1840 1888 2036 2037 2092 2102 2104 2126 2125 2172 2268 2306 2305 2342 2354 2528 2532 2548 2533 2596 2597 2620 2616 2621 2628 2648 2649 2656 2666 2686 2644 2655 2687 2760 2761 2771 2770 2778 2775 2774 2786 2787 2779 2847 2846 2843 2852 3006 3007 3014 3039 3047 3046 3049 3048 3056
6 7 12 31 37 38 46 47 53 54 77 78 224 225 227 226 273 274 271 272 303 305 304 306 329 330 456 455 642 647 643 644 645 646 651 648 652 665 666 765 766 929 930 953 954 1028 1029 1221 1220 1316 1317 1797 1803 1804 1863 1862 1889 1890 2008 2007 2071 2072 2096 2097 2098 2138 2137 2180 2181 2281 2280 2336 2337 2357 2359 2358 2381 2383 2382 2384 2406 2407 2408 2409 2476 2477 2478 2479 2514 2515 2516 2517 2538 2539 2549 2550 2590 2589 2610 2609 2696 2699 2701 2698 2797 2798 2795 2796 2819 2818 2822 2823 2836 2864 2865 2868 2869 2889 2892 3033 3035 3032 3034 3053
8 9 17 18 21 99 50 49 55 56 67 101 117 119 191 189 279 282 277 280 424 423 461 462 465 466 475 476 473 474 487 531 533 532 534 544 545 634 635 653 654 676 826 824 867 868 918 917 977 979 1010 1012 1060 1058 1059 1061 1160 1158 1183 1181 1201 1200 1339 1340 1363 1361 1362 1478 1501 1547 1548 1623 1644 1658 1775 1807 1808 1866 1868 1885 1883 1911 1912 1914 1913 1961 1963 1982 1980 1986 1985 2079 2078 2147 2166 2190 2191 2244 2257 2267 2344 2681 2727 2732 2729 2777 2782 2792 2783 2791 2831 2834 2848 2875 2880 2873 2882 2897 2896 2932 2933 2954 2960 3004
10 11 19 20 24 25 48 51 58 62 63 82 84 131 129 213 214 211 212 265 266 270 269 335 381 380 401 400 413 414 467 468 471 472 504 507 505 598 599 727 728 729 730 816 814 859 860 914 913 992 990 1017 1015 1088 1086 1113 1115 1143 1144 1145 1146 1203 1202 1345 1346 1368 1376 1375 1415 1416 1485 1487 1506 1508 1571 1573 1582 1584 1614 1615 1616 1617 1664 1663 1789 1788 1865 1886 1919 1951 1950 2546 2541 2555 2566 2567 2682 2741 2740 2747 2767 2772 2769 2790 2793 2835 2830 2853 2874 2872 2881 2883 2901 2939 2947 2957 2958 2993 2994
34 35 57 66 86 88 114 116 154 323 485 1068 1185 1365 1364 1360 1369 1425 1554 1645 1682 1681 1703 1800 1801 1920 1975 2099 2100 2107 2101 2106 2111 2112 2205 2203 2266 2264 2286 2288 2289 2287 2297 2298 2425 2460 2480 2481 2556 2579 2662 2672 2674 2675 2909 2910 2920 2975 2977 2983 3021 3022
85 87 113 115 153 486 1069 1186 1366 1367 1399 1400 1404 1407 1831 1832 1839 1864 1915 1917 2095 2531 2540 2663 2966 2967 2968 2984 3028
81 83 103 105 106 104 132 130 210 215 244 236 246 340 341 450 452 492 493 496 497 576 577 580 581 695 696 697 698 739 741 965 963 1002 1004 1065 1067 1104 1106 1151 1154 1152 1153 1222 1223 1825 1823 1826 1828 1856 1854 1935 1937 1960 1962 2398 2400 2417 2419 2432 2434 2451 2452 2453 2454 2679 2723 2733 2746 2773 2780 2806 2808 2850 2879 2917 2903 2904 2919 2972 2973 2970 2971
89 90 91 92 109 110 111 112 242 241 358 361 360 417 419 420 457 458 459 460 791 915 1887 1910 1909 2547 2557 2558 2685 2785
95 96 97 98 121 122 123 124 254 257 253 258 403 404 407 408 411 412 425 426 429 430 546 547 718 719 720 721 829 828 874 873 911 912 1112 1114 1174 1175 1173 1176 1253 1254 1811 1814 1936 1938 2029 2030 2109 2110 2220 2222 2223 2221 2246 2245 2247 2248 2269 2295 2296 2343
100 102 118 120 141 142 145 147 179 181 446 445 477 478 479 481 482 484 613 615 701 702 703 704 736 738 880 887 888 1013 1099 1130 1155 1256 1374 1401 1402 1410 1429 1502 1504 1588 1586 1611 1613 1624 1626 1691 1692 1715 2364 2395 2444 2490 2692 2703 2724 2809 2811 2914 2916 2928 2949 2964 2965 2986 3017 3020
125 126 128 127 187 318 317 369 372 435 436 2058 2363 2370 2404 2500 2499 2530 2602 2603 2658 2745 2764 2765 2877 2876 2887 3010 3050 3051
135 136 133 134 299 300 301 302 325 324 717 722 747 748 1636 1639 1637 1638 1674 1673 1675 1676 2660 2661 2693 2812 2813 2934 2935 2955 2969 2974
139 140 137 138 171 172 278 281 537 536 558 559 690 763 764 788 790 798 797 1124 1123 1234 1236 1237 1235 1271 1269 1272 1270 1576 1575 1593 1710 1711 2034 2032 2033 2035 2108 2214 2215 2224 2299 2300 2677 2678 2860 2861 2926 2929 2931 2948 3015 3018
143 144 192 205 405 427 687 699 712 713 833 822 1267 1268 1422 1432 1433 1518 1519 1810 2119 2120 2956 2946 2976 2978 2979 2980
146 148 180 182 190 188 255 256 522 524 560 567 565 566 578 579 672 735 737 863 864 910 1071 1073 1131 1133 1178 1180 1197 1259 1338 1799 2103 2211 2213 2239 2241 2260 2262 2307 2670 2854 2878 2895 2900 2924 2938 2959 2987 3003
151 152 155 156 167 168 161 162 267 328 339 387 393 410 428 480 543 714 715 895 896 908 1022 1189 1190 1263 1264 1386 1387 1426 1515 1650 1651 1716 1717 1816 1818 1891 1892 1981 1983 2175 2265 2271 2303 2304 2346 2361 2401 2461 2462 2466 2495 2496 2518 2673 2841 2842 2989 2990 2992
159 160 157 158 169 170 268 327 342 382 392 483 542 752 754 755 756 897 1021 1187 1188 1226 1227 1262 1261 1388 1389 1427 1516 1652 1653 1686 1685 1718 1719 1817 1819 2174 2263 2301 2302 2362 2402 2463 2464 2497 2498 2844 2845
163 164 175 176 165 166 177 178 406 448 447 530 550 551 688 700 759 760 899 898 1371 1514 2467 2519
183 184 185 186 326 675 716 711 949 950 952 951 1091 1090 1092 1093 1722 1723 1720 1721 1746 2134 2135 2133 2136 2207 2208 2206 2209 2436 2527 2647 2710 2711
195 194 196 197 289 287 288 290 463 464 561 564 636 637 681 682 876 875 2575 2577 2574 2576 2591 2592 2593 2594 2683 2690 2691 2725 2728 2815 2814 2925
198 199 228 229 230 231 385 384 502 503 584 586 587 585 684 683 923 924 921 922 1120 1119 1230 1231 1232 1233 1293 1294 1291 1292 1302 1303 1838 1939 2046 2047 2113 2114 2313 2314 2323 2565 2604
200 201 202 203 494 495 512 513 514 511 691 692 842 843 1418 1417 2017 2018 2019 2020 2059 2060 2062 2061 2659 2688 2689 2697 2700 2750 2751 2870 2871 3031 3036 3052
206 208 209 207 259 260 261 262 415 416 515 516 638 639 640 641 674 673 774 802 1465 1464 1521 1522 1769 1770 2380 2379 2405 2512 2513 2622 2623 2629 2630 2653 2654 2789 2788 2817 2816 2863 2862 2886 3012 3013 3055 3054
220 221 234 235 398 488 489 510 508 557 552 610 611 937 938 1082 1083 1442 1443 1553 1733 1732 1842 1843 1845 1844 1916 1918 2128 2127 2212 2634 2633 2705 2704 2706 2754 2755 2758 2759 2768 2851 2911 2912 2927 2930
216 218 252 263 264 548 549 568 633 771 772 881 882 927 925 972 974 1042 1044 1296 1298 1328 1326 1622 1855 1857 1893 1895 2073 2075 2115 2144 2146 2176 2178 2282 2283 2316 2332 2334 2707 2743 2857 2991 2998
219 217 251 291 292 535 569 632 740 857 1128 1126 1217 1219 1406 1437 1472 1530 1599 1740 1768 1947 2004 2122 2139 2141 2183 2185 2319 2321 2339 2341 2345 2738 2744
232 233 239 240 399 506 519 509 520 608 609 872 931 932 1195 1285 1286 1334 1447 1446 1456 1457 1562 1561 1572 1660 1738 1739 1777 3009 3008
245 243 285 286 283 284 449 451 556 553 594 596 685 686 968 970 1322 1324 1325 1323 1392 1394 1391 1393 1395 1396 2721 2722 2742 2859 2953
247 249 248 250 421 422 612 614 628 630 649 650 670 668 879 1299 1436 1434 1459 1529 1527 1683 1684 1741 1756 1755 2124 2776 2885
295 296 297 298 606 607 731 732 733 734 743 889 890 1139 1140 1330 1331 1379 2638 2639 2720 2739 2988
307 308 582 583 775 776 902 903 1062 1063 1351 1380 1381 1403 1408 1544 1545 1543 1546 1747 1792 2093 2094 2371 2372 2373 2374 2416 2418 2507 2506 2525 2526 2905 2906 3037 3038
311 310 321 314 838 841 862 884 891 934 939 956 994 991 999 1541 1565 1579 1610 1665 1706 1725 1924 1942 1969 1992 2010 2070 2187 2197 2251 2255 2440 2493 2587 2605
313 316 309 312 839 840 883 892 933 940 955 958 967 966 989 996 993 1538 1566 1570 1666 1724 1923 1971 1968 2043 2068 2069 2186 2196 2202 2232 2252 2439 2443 2470 2585 2588
315 319 320 350 354 351 355 750 753 957 1343 1344 1347 1348 1370 1405 1531 1532 1707 1749 2177 2184 2327 2324 2807 2810 2884
322 332 348 349 525 786 1033 1077 1097 1182 1282 1327 1612 1629 1731 1846 1847 1921 2225 2249 2375 2376 2426 2448 2458 2606
336 337 441 442 443 444 601 602 600 603 871 941 942 935 936 1056 1057 1075 1074 1228 1229 1306 1301 1357 1358 1821 1822 2131 2132 2194 2195 2353 2369 2415 2414 2505
346 347 588 595 589 597 655 657 831 830 928 926 943 1043 1045 1307 1359 1385 1390 2763 2894
352 356 357 517 518 832 1070 1081 1080 1118 1121 1247 1453 1452 1858 1859 2204 2228 2856 2921 2940 2941
363 362 521 523 629 631 667 669 767 769 947 960 1031 1041 1078 1072 1260 1353 1356 1458 1473 1794 1894 1896 2210 2669 2826 2840
364 365 366 367 617 616 619 618 789 997 998 1050 1051 1134 1179 1289 1594 1734 1745 1750 2234 2393 2394 2412 2413 2502
374 375 376 377 624 625 626 627 995 1047 1046 1049 1048 1596 1597 1609 1608 2333 2335 2351
390 391 388 389 526 527 528 870 869 976 975 1577 1578 1580 1604 1606 1607 1605 2294 2320 2322 2389 2390 2866 2867
394 395 396 397 538 540 541 539 961 962 959 1246 1568 1569 1567 1600 1598 1601
431 432 433 434 777 778 779 780 944 1001 1008 1038 1108 1583 1757 1758 2130 2217 2278 2279 2330 2331 2627 2716 2717 3019 3016
437 438 439 440 948 981 980 1005 1018 1528 1646 1754 1774 1930 1977 1989 1990 2080 2435 2643 2907
490 491 498 499 592 593 823 1084 1085 1252 1355 1448 1449 1563 1564 1695 1696 1795 1820 2762
500 501 621 620 677 905 1204 1205 1384 1667 1668 1782 1783 1987 1988 2081 2276 2277 2348 2347 3023
572 573 694 709 710 837 900 1020 1117 1435 1679 1680 1813 2001 2002 2009 2082 2083 2088 2089 2237 2238 2473 2472 2521 2522
658 661 662 793 794 964 969 1039 1036 1037 1304 1467 1466 1523 1524 2021 2022 2023 2024 2824 2825
656 663 664 795 796 971 973 1329 1470 1471 1468 1469 1525 1526 1764 1763 1765 1766 2074 2076
693 705 706 836 978 983 984 1023 1354 1482 1483 1827 2803 2804 2801 2802 2832 2833
707 708 725 726 805 806 811 812 985 986 1486 1824 1901 1902 1899 1900 2084 2085 2552 2554 2551 2553 2612 2613 2614 2615 2915 2918
723 724 809 810 807 808 987 988 1141 1142 1480 1481 1585 1867 1869 1953 1952 1955 1954 2385 2387 2386 2388 2433 2445 2446 2447
768 770 803 982 1006 1024 1032 1052 1574 1627 1640 1699 1932 1966 1973 2025 2258 2293 2624
781 782 783 784 893 1027 1421 1460 1461 1603 1642 1643 2326 2352
804 834 856 1007 1025 1030 1055 1290 1491 1512 1628 1697 1698 1882 1884 2173 2242 2827 2820 2837
813 815 1000 1014 1105 1192 1239 1342 1484 1520 1542 1552 1907 1957 1994 2491 2561 2829
820 821 818 819 1026 1040 1096 1098 1177 1238 1287 1341 1534 1641 1655 1908 2310 2311 2562 2636
827 825 835 1003 1009 1034 1035 1251 1248 1705 1999 2005 2719
846 847 844 845 1011 1016 1087 1149 1150 1897 1929 2011 2272 2608 2766
850 851 848 849 1053 1089 1107 1125 1157 1191 1463 1647 1700 2123 2153 2167 2410 2424 2474
854 852 853 855 1079 1109 1110 1159 1193 1454 1455 1625 1726 1727 1848 1849 2040 2041 2420 2635 2640 2794 2799
904 1116 1127 1136 1132 1167 1170 1438 1439 1714 1744 1993 2063 2329 2475 2492
1054 1066 1129 1440 1462 1494 1559 1853 1873 1945 2042 2067 2254 2392 2471 2586 2756
1064 1076 1194 1281 1297 1428 1488 1492 1851 1898 1972 2065 2229 2995
1094 1095 1137 1138 1474 1476 1475 1477 1771 1772 1773 1931 1948 1949 2143 2231
1111 1135 1147 1169 1321 1441 1450 1815 2292 2309 2936
1148 1156 1166 1215 1314 1320 1451 1490 1557 1784 2149 2155 2192 2198 2849
1165 1168 1184 1212 1213 1495 1510 1509 1555 1556 2161 2169
1171 1172 1208 1209 1210 1211 1479 1500 1761 1767 1967 1978 1979 1991 1997 1998 2156 2163 2963
1206 1207 1300 1308 1309 1507 1505 1581 1587 1602 2365 2437 2583 2584 2752
1218 1216 1243 1245 1279 1277 1280 1278 1489 1533 1560 1656 1974 2148 2459
1214 1244 1273 1274 1503 1513 2129 2152 2219 2578
1240 1241 1242 1275 1276 1630 1631 1688 1687 2116 2121 2171 2599 2598
1255 1295 1311 1333 1498 1496 1536 1535 1537 1876 1871 1903 1904 2438 2642
1265 1266 1349 1350 1539 1540 1785 2189 2188 2227 2349 2350 2411 2487
1288 1310 1319 1332 1493 1670 1874 1925 2216 2290 2367
1312 1313 1315 1511 1551 1620 1619 1671 1958 2140 2162 2240
1318 1497 1648 1677 1728 1796 1852 1850 1875 1877 2003 2044 2160 2235 2274 2800
1499 1549 1550 1701 1704 1702 1759 1879 1881 2158 2199 2291 2328 2403 2749
1558 1618 1657 1669 1729 1870 1976 2027 2154 2568 2726
1621 1654 1649 1780 1956 2000 2050 2308 2378
1672 1689 1735 1753 1928 2066 2182 2427 2484 2510
1678 1730 1760 1861 2012 2038 2259 2718 2753
1690 1742 1790 1872 1927 1946 1996 2256 2456 2468
1743 1762 1781 1786 1860 1944 2006 2049 2151 2243 2253 2442 2508 2544 2581
1751 1752 1905 1906 2142 2164 2270 2503
1787 1878 1959 1970 2051 2179 2230 2273 2494
1793 1880 1922 1943 2150 2366 2399 2536 2617
1926 1995 2028 2039 2091 2315 2607 2680 2902
2026 2045 2090 2145 2159 2193 2250 2524 2702
2048 2086 2170 2236 2355 2368 2482 2501 2537 2582
2064 2087 2165 2201 2233 2422 2483 2535
2157 2218 2261 2429 2455 2485 2631 2908
2168 2275 2312 2391 2600 2714
2200 2377 2421 2457 2486 2523 2571 2757
2338 2340 2396 2489 2626 2641 2838
2397 2423 2504 2534 2839 3040
2428 2441 2509 2511 2625 2632
2469 2543 2542 2569 2570 2937
2545 2559 2784 2821 2913 3002
2560 2715 2748 2985
2601 2781 2828 3001
2805 2858
2996 3041
2997
