89 2717 531 529 1281 91 1901 1541 2428 1573 1399 1377 599 2900 1874 1299 1828 2377 1390 1498 2758 418 2105 2752 2872 3045 221 1450 8
99 2846 100 2807 1786 1687 1242 2631 1341 254 2632 2095 2251 2225 2226 2151 2449 1219 1310 998 950 1493 2749 2135 253 2149 2369 427 428 1241 1457 1668 1757 829 3031 1348 830 1694 1785 843
109 2703 1056 1062 2192 275 547 327 577 1326 1320 2334 2512 168 2301 936 695 2115 310 153 570 702 2264 504 552 822 2372 1182 2779 2927 184 2923 2414 3001 849 2075 2745 1832 2267 2342 2530 2605 1798 1803 2100 1349 2899 3003 686 797 927 2124 2462 2489 126 172 392 478 2771 2933 2987 1198 1338 1845 1909 1975 2032 2518 2551 2595 330 498 746 773 2358 917 938 1259 2365 2658 2693 2712 2729 486 523 1197 2466 2579 115 585 852 2721 2739 2754 2784 2961 3055 196 297 2102 2876 2533 3009 3011 3047 1192 1257 161 712 898 240 56 66 78 208 32 36 73 2 17 43 44 13 1 1986 2077 2580 2611 28 39 68 79 1805 3013
131 178 180 2996 631 630 1354 1357 1794 133 1718 2404 1050 173 127 894 263 262 692 758 352 990 2447 1149 756 1620 1135 1491 919 690 602 1269 2525 125 644 718 1414 2747 2493 2895 2982 497 893 1956 1958 805 2465 2520 807 1821 1822 2832 496 2958 2994 350 978 1440 1533 341 714 2662 2707 2859 1206 1339 2036 260 261 430 1394 2792 2830 2893 63 2363 2386 170 291 292 613 707 2694 1867 1869 2687 2770 2816 3049 1781 1836 1895 2092 2093 1396 2861 3014 3056 2883 1664 1834 1893 2034 429 19 80 675 11 48 27 10 38 1040 53 1984 2079 30 1985 2078 29
149 2913 247 2315 640 1714 1905 1907 1792 1046 1048 1995 809 159 546 1176 1445 1973 534 886 806 698 2335 1312 2963 1208 1971 2067 2868 1428 2181 1314 1997 2069 791 808 1806 2110 1210 2999 3022 1174 164
213 2871 192 565 3041 575 1322 1767 1328 1765 1030 1709 828 1034 1031 908 1329 1523 574 1035 674 1534 1766 108 1768 1524 2870 343 2683 1323 3010 214 3054 564 567 909 2836 3053 2891 509 2072 2074 193 2684 2886 2887 896 2071 2073 232 777 1247 293 2890 3040 1200 1335 1661 1894 1896 2030 2031 231 372 2682 2860 2892 3005 77 676 1252 1425 1426 1703 81 199 220 282 522 897 1199 1350 1776 1838 1839 1378 1379 2667 3042 15 52 318 411 713 844 2659 2678 349 374 776 5 71 1367 348 21 129 12 41 18
222 515 118 485 1316 1771 2653 2336 1769 2819 2633 2937 1467 1475 958 2142 2204 2623 1561 1563 1735 413 1282 2697 2651 1737 2125 1412 652 2318 2630 246 2824 1195 338 219 1398 1401 2701 2704 2783 2814 3048 1334 1662 1777 1842 1865 1917 1386 1863 1919 301 741 742 1387 1812 2644 2655 2788 2939 1033 1072 1452 101 185 521 901 1417 2840 2932 1659 2053 2343 1809 1830 2785 1446 1526 1528 2620 1364 2768 461 846 1778 1840 2051 2268 302 1380 2755 2897 3006 3050 931 2725 1829 14 33 2670 1381 24 58 40 46 9 45 74 22
358 1060 1098 235 1240 1347 1181 1011 1332 1359 761 288 817 201 539 1020 1042 1466 2157 1848 2113 1898 2213 1596 2219 1731 513 2456 667 353 2209 2522 1612 920 1090 1598 1640 1951 2609 2460 467 1461 1719 2398 2454 2625 1671 1857 2010 647 2123 2024 2545 736 1739 543 2111 2013 2016
366 1543 364 1283 1285 2499 2826 2988 2735 573 2641 1012 751 2627 1622 444 1010 753 2396 1158 2618 462 572 2780 1885 1883 2050 2719 2970 2664 2650 200 2357 2881 1963 2484 345 2718 2808 2971 2450 463 704 1226 1229 1961 2052 2485 2646 344 2806 3026 50 929 2698 1227 2645 1160 1228 3024 64 75 69 70 2014 2015
380 2190 378 1287 1297 1177 1656 1552 1055 134 1037 1424 2569 2594 1492 2544 2464 1039 2323 1780 2022 520 2873 1981 2467 1391 132 1824 2925
384 474 2297 289 2593 2261 2086 1355 1512 2514 972 685 1325 422 1286 2272 1619 2062 179 2041 1594 2468 1629 395 242 1942 1637 2004 2255 2510 905 1605 158 326 383 986 1014 2233 2505 954 1996 2598 875 1486 2245 994 2302 225 1442 408 2012 2589
390 2487 693 559 792 867 620 283 305 432 581 2144 2648 1873 2132 1143 1069 1118 878 1079 2304 2148 2000 1095 1113 1509 1645 923 1047 1127 1175 2383 2049 2330 2587 1167 2327 2389 1789 1850 2070 2393 2472 414 1633 1690 2109 940
472 166 1112 459 1114 2214 2434 2741 2844 2931 151 1255 2299 281 2098 935 2373 2775 2668 551 2314 2491 274 362 571 976 2696 425 1041 123 124 2820 2879 2907 1196 1337 1807 1808 2935 1937 2346 2519 426 368 1288 2177 2409 2504 207 387 694 739 755 1935 284 535 1290 2390 205 280 2711 2271 2943 0 933 1826 31 37 60
542 789 678 790 1187 1654 2257 1185 1652 2992 2709 1433 926 1267 1720 2724 2114 1397 393 2300 925 1268 1432 1270 679 1441 2713 2962 1336 1655 400 404 568 1371 2657 2708 2728 2956 1201 2033 1833 2531 1974 2578 2596 770 884 1384 3004 3046 1186 1188 1653 1721 2258 1400 2990 771 902 1420 1797 2096 2720 2738 3008 336 545 569 2989 3039 155 768 1375 67 1415 72 42 16
653 600 484 443 2848 1352 1793 1353 2527 1519 2403 2985 1261 1518 1021 969 2839 1716 2671 1476 2374 1455 2381 2786 1663 410 1370 2748 2855 2813 1779 1843 1841 1864 1892 1891 2959 1470 1625 1631 252 294 313 479 483 711 2827 1388 1389 1393 2789 2825 2845 2854 967 1796 102 251 1660 1862 1722 2686 2774 54 47 26 298 317 25
701 2722 703 649 3043 648 1791 1358 2746 1707 924 930 1120 391 2688 981 1081 389 658 1597 1429 371 1560 2896 2938 2793 2700 2833 84 2737 1435 2922 2940 1920 1837 1866 1868 1918 1939 1940 2831 985 1478 2663 375 2944 2955 369 659 1083 1566 716 1365 2862 2949 1835 377 340 1121 57 61 130 49
743 853 299 415 1009 1003 2167 1502 2626 2629 2821 537 245 1115 2638 117 2843 1137 2928 980 1610 1698 1861 2150 2239 113 1402 2104 2767 1225 2802 579 1224 1697 2549 1930 1889 2539 2564 2290 2570 2801 2914 2869 2966 3017 3020 1101 2217 1028 1584 645 1954 2291 2542 1416 2528 2809 2811 2916 2967 1487 2178 2636 1418 2742 578 1886 1376 59 1529 51 2011 2590
3021 188 223 143 687 445 268 1646 2165 2353 2332 1277 1481 2599 1503 1858 2002 2585 1443 2511 947 2474 1914 324
2921 325 421 1054 1108 1253 811 740 1385 2215 181 804 2262 1667 1758 1876 475 2375 1448 1459 1851 2805 1495 2006 2394 2508 2185 2800 1751 2060 93 2224 1496 1678 2470 2856
203 241 877 156 691 457 388 2088 1183 1500 2352 2516 1085 1117 1488 2152 556 1456 1871 2162 2044 2068 1129 1097 2287 2469 1103 1165 2339 1639 1649 626 3016 2506
394 541 683 435 887 190 1001 1790 1693 1648 1773 1004 988 971 1743 2235 1783 2205 2442 993 2584 2610 904 657 1586 2490 956 1978 2061 2189 2581 627 941
406 557 881 697 249 356 287 593 1782 1670 2253 1303 983 1159 1947 945 997 2400 915 1991 1333 1592 2452 2643 1214 1538 2615 598 140 2227 2322
2731 611 339 1100 1579 2220 1110 2430 2857 2941 968 974 1469 1119 1327 2436 2207 269 1558 2822 681 2751 2280 2517 2421 514 1593 233 329 708 2750 2853 1468 2143 2818 2953 1855 2563 1854 1929 1941 2076 2540 2541 2606 1360 1369 1800 2356 2917 2919 2797 2945 2936 3033 973 1762 1368 2726 2733 1685 1686 2281 1802 2106 2795 3035 1089 1124 2384 1236 1237 1912 2565 772 903 2796 2798 2910 2946 2558 2909 405 1366 20 23 34
2850 2702 2915 106 401 1141 335 1759 663 1628 229 840 721 1820 1950 2607 2008 2459
2877 2692 2975 270 136 163 2443 2622 2546 2155 590 635 1952 2457 536 558 2716 175
2837 854 610 609 1013 1531 2184 2628 2199 1615 1515 1993 1616 1554 1630 2310 1606 880 1638 2005 2059 2471 2509 2639 2685 1411 879
876 2918 671 800 3036 2017 2349 1343 1244 669 1705 1933 1899 2555 2210 2083 2405 2423 347 2028 670 672 1051 1166 1315 2064 2278 2437 1421
1064 891 754 285 265 798 2642 1742 2951 1019 1849 2066 2158 2276 357 1382 1602 2810 2289 1846 1458 150 1494 1877 2081 2159 354 2376 2847 1264 1813 845
2867 278 273 621 1736 2934 2419 1577 1537 2553 1931 1262 88 939 453 661 1582 2252 1395 1212 2137 1313 1859 1946 2547 183 2574 460 517
1545 1058 1555 794 813 1295 662 732 1194 1307 1647 1403 1749 942 1701 2477 2997 1682 1702 1915 1913 2058 1983 2476 1825 2904 3030 1760 337 1681 2057 1827 2976 3029 482 2765 2903 2977 76
1549 1104 290 382 237 1238 1191 1015 1318 1351 1345 2408 767 734 818 1925 2172 2364 1008 618 528 1614 1669 2119 1627 1878 1753 2126 511 665 1680 1976 2231 1245 1949 2392 2534 2577 1853 1190 2228 1344 1729 1900 2412 469 1562 2211 1711 2361
1547 1070 1734 2194 1068 271 1293 2317 1291 277 303 2995 2929 2680 2661 367 1427 315 799 814 2266 911 1087 2672 615 614 209 597 82 2884 1234 1235 1831 2572 116 217 774 1964 2054 2292 2293 2529 1374 1410 1799 2101 673 1634 706 2888 2602 398 2973 489 912 481 1683 1684 2675 2972 3 2674 4 65 2669
2647 699 447 2319 2263 2351 1508 2019 2347 2380 1077 1148 1536 607 1436 1150 1272 1472 145 333 1215 2350 2601 1576 2018 882 2170 2370 2445 1126 1423
892 328 1066 2432 819 2084 1330 1510 2591 2354 2382 2307 1621 1254 1903 2600 1998 2426 2348 448 359 747 961 1422 632 397 2333 244 2168 1875 1213 1306 1607 2378 1154 1276 688 440 2020 532 785
2198 1585 1591 2321 1740 480 594 420 2969 2759 655 781 439 1936 719 2543 3000 2804 85
2416 1581 2222 1732 2503 2298 1706 1924 1945 2187 987 944 1147 2451 946 989 142 637 224 407 526 656 592 259 449 782 2254 2866 1404
888 215 255 563 855 796 267 591 634 2238 1465 2191 2303 1251 1992 2311 906 2221 1133 1292 1511 1449 2513 2203 999 1600 1642 957 1497 2026 2613 1278 951 689 1485 1266 1603 1202
1589 1102 2196 1289 1922 455 553 2908 1217 1708 651 868 1679 1754 1578 2362 2331 1308 1968 1999 580 1880 2439 2536 431
1551 1587 257 1738 1704 165 1111 1168 2634 1178 1453 1109 160 2757 604 1696 1860 2538 211 2756 2803 1073 1695 825 516 603 351 1484
2216 865 2313 1193 2338 2286 2082 2146 2368 1546 757 2296 2038 2275 1082 1517 1540 622 500 1304 948 677 1513 322 733 1580 2586 1131 1216 1881 725 836 1572 2537 1319 2418 1171 1309 1568
857 561 437 827 641 821 583 434 1439 276 748 555 1514 1559 186 1539 1571 963 2500 1172 953 2337 2249 2065 2277 2481 2621 2568 1132 1972 2535 2091 979 2154 1542 1574 1879 2047
2635 423 1106 2665 2889 1144 2240 752 750 2948 1163 296 910 1107 121 110 2874 2617 705 436 92 424 2986 1233 105 114 465 416 900 2981 588 589 595 596 1232 1959 1938 1960 2035 138 139 1811 1814 2964 2965 3019 1713 2640 2649 2676 2930 1957 1962 2037 456 1632 2243 174 355 97 778 885 779 62 7
801 803 1553 1650 1179 1189 2455 2875 730 728 1471 960 717 605 606 212 826 519 381 560 379 1075 1460 2705 1764 1413 612 601 2753 2782 1222 2760 1700 2532 1844 584 745 1383 1419 3002 2978 1223 1699 2761 128 2979
2823 549 873 1506 2340 1038 2140 1059 660 304 1565 2406 1086 2179 144 566 169 2145 1657 107
861 863 1005 1017 2397 2815 2691 1025 823 1516 1022 1595 1018 642 633 1006 864 709 619 862 2828 122 850 1302 628 487 1305 3052 103 198 295 412 2690 2829 2952 1207 1340 1882 1884 141 2790 309 810 2791 2834 2835 3012 2402 544 2851 1750 1407
3028 2984 2619 2208 1567 2968 342 1635 1430 1164 684 2654 2166 3015 488 228 227 3051 696 2740 3007
1744 859 1583 1689 1356 1788 1761 2488 738 2180 1084 1271 2410 518 731 722 1943 2256 334 2560 700 858 1317 723 839 1906 834 2183 1243 1296 2498 1342 1927 320 1987 2229 1301
2501 2218 815 2023 1007 2521 2122 2197 1921 2171 2188 1588 977 493 749 765 783 995 1747 452 1665 1756 2042 2582 786 955
871 869 1504 2161 2399 2769 2424 2446 2743 763 2234 1146 1613 1557 2200 1145 2201 764 1363 2425 148 870 762 872 1505 2764 1221 2766 2878 2880 624 2284 616 1220 218 1955 2571 1804 2359 1887 1911 2285 239 851 2911 2912 385 2478 2479 2557 831 617 625 399 668
636 1691 2482 2027 2838 2173 970 1026 2236 820 856 2241 1530 1392 2164 512 230 1029
2080 2523 2288 2021 922 1473 962 1437 1152 2131 1872 146 491 608 1810 2312 838 2407
1784 2612 2614 2090 1063 1065 1609 2559 2561 2136 471 866 1156 1564 1162 2583 2778 1852 1989
2480 2265 2526 2395 1324 1556 1710 1617 1672 1249 1730 319 2260 1274 2367 1934 2556 1752 833 724 1677 1979 2230
2259 1763 1644 2486 2175 2417 1142 1988 2497 1897 2212 965 921 2562 1908 720 2496 837 2998 795 1624 1746 2326
1795 2355 2463 306 744 914 2444 1074 1431 982 1608 1733 2237 2736 2706 1080
2461 2169 2163 1052 1136 111 1076 2108 458 248 365 1256 120 2097 2673 2128
2656 2025 1250 2118 266 1211 966 1263 2176 643 1725 1078 2085 1300 1474 2360 1140 3038
1088 2138 824 1032 1023 1092 1044 710 890 2431 1123 1904 2515 1184 2009 2524 2427
1525 1611 1067 1548 1036 2043 321 202 1479 735 2453 1856 2776
2366 2182 1061 2552 1209 1676 2116 847 176 454 236 286 503 2244 2991 2055 1373 2898 2781 6
2448 964 1134 1027 1477 2174 1321 766 1590 1454 189 442 2852 1948 664 3034 2045
2294 812 759 918 1138 1535 1575 258 191 992 2983 2652 2387 1902 2391 2429 1000 2608 87 952 2007 492 501 1284
1205 1203 1674 1520 2475 3023 2127 470 780 157 152 1626 2379 311 729 1787 2306 996
1275 1273 1246 1527 2401 2202 2329 629 466 1444 1770 2117 2566 889 550 1204 2247 2147 2133 1641 2029 860
1265 1057 1712 1550 2120 2186 1923 1122 1298 1151 1745 654 524 2950
2415 1248 1024 2242 916 2473 2048 1094 1139 1258 2129 2232 802 473 2554 1932 562 1447 1483 1977
2195 1071 1916 55 1544 2193 1521 94 307 1294 2863 2920 238 154 1741 1775 848 2960 104 477 1658 1362 2926 2316 2660 2679 1361 417
2295 928 2305 2309 1994 438 760 943 1462 937 507 832 314
1279 1726 1728 2420 2206 2799 216 623 187 1280 1451 2223 2324 137 2794 1727 323
1910 1724 1569 2422 2046 476 402 793 90 83 210 1463 494 2787 1926 2695 403 206
2495 1990 2730 2040 3018 2273 1053 682 1049 505 250 1507 2328 361
1096 1405 279 98 1438 1153 468 256 2734 726 1125 2715
2001 984 1099 1116 2435 332 2039 2438 2388 2433 195 1464 527 1870 135 243
234 932 913 548 2130 2121 1723 1675 1688 639 1816 895 2344 2345 2993 308 1817 2099 35
1715 587 96 586 1532 363 1717 2492 1651 1480 1260 419 816 2699 1408 2714 2864 2865 171 2817
1218 1522 1155 1570 272 533 495 2156 2502 1311 2134 2588 2371 386 1604 1636
1093 737 1157 194 1953 1489 370 1928 2773 360 1601 2902 2942 2957 499
316 1043 650 638 1748 2320 949 226 2107 396 182 119 835 2603 2604 177 2842 1406 3044
899 1105 1161 490 2274 538 2458 1331 727 784 2905
2507 959 2567 441 788 1490 446 376 2341 1944
2727 2246 162 2885 1016 874 2141 1501 502 2710 197 464 147 312 1890 1965 2573 2550 331
2947 2385 1618 300 2637 1847 346 1091 1372 1346 2841
841 2494 1180 1643 2624 112 506 1045 1170 2901 1239
554 95 1623 1482 2248 2153 2250 540 2283 2894 2954 2103 2732 2772 2744 2677 2777
1969 2575 1673 991 934 2592 1823 1692 1967 975 1755 2689
451 1128 1599 2440 2849 646 907 787 3025 2681 715
2763 2858 2762 1772 775 2003 373 2089 2279 2666 3032
1970 1002 1499 86 2139 1666 2974 525 2723
2160 1434 1774 576 1815 450 1173 510 1230 508
1818 530 2270 2112 2308 582 2269 1966 2882 1819
1801 264 2411 204 433 666 1130 2063
2325 842 2483 2413 2980 1169 2906 3037
2282 409 2576 2087 167 2812 1980 2094
2924 2441 680 1231 3027 1982
1409 2616 1888 2056 2548 2597 769 883
