608 776 683 792 2622 402 1839 263 12 2364 31 2944 1829 273 2357 2970 47 1607 2827 2864 6 586 2725 2974 1352 2866 1807 293 1821 2489 737 2093 2656 2351 2098 2746 2122 2938 9 2525 682 2659 253 86 918 225 2379 1759 29 961 44 2099 2299 1259 73 2619 2032 2813 1606 154 3049 40 2648 80 1584 38 330 2137 304 1862 411
813 2862 392 2834 2831 1531 1908 1034 1868 1788 75 459 2883 15 1006 502 345 79 56 430 2874 484 1036 2821 30 1887 1008 260 1507 981 72 1744 1893 3046 271 99 1488 1372 49 1339 1262 3041 2079 1727 983 856 26 1285 1509 1283 2826 98 1742 2682 701 312 1391 1490 1264 14 393 2705 1394 843 2035 2054 346 691 1 310 2820 406 1338 1725 50 2893 1533 311 27 1946 2817 859 1985 1789 2708 313 1892 3051
1871 515 17 554 1079 1456 1977 2157 606 1848 1728 1343 2128 1189 4 2799 1292 2629 2136 1110 2436 74 1379 2567 448 2273 1492 2120 793 196 1244 113 1666 57 2926 2048
2367 1212 239 33 1654 2881 1680 1639 380 566 2115 2693 1963 2463 2261 270 664 2971 1403 549 2713 2012 1317 45 2418 1348 739 54 2013 2194 1438 112 11 2101 1417 1555 37 67
1238 732 1513 2471 2607 1703 579 1172 2155 2025 1108 1350 2999 55 2577 2710 834 480 1398 1526 2170 1933 756 7 2707 466 23 1486 2185
1410 1860 539 2322 191 3013 507 465 2861 2945 1705 2804 1693 1233 2647 2590 987 1120 2803 2741 2946 370 2751 18 60 2015 1743 1939 28 2919 1411 61 39 300 1694 2917 2563 986 2540 68 2016 2565 1102 1595 899 1579 1805 25 2589 1232 1482 69 1374
1864 1992 1306 616 337 617 1779 1380 2274 1665 1114 1466 2936 1122 3052 2855 59 1591 2942 2955 369 2384 2584 1127 1109 2952 1303 864 1115 642 573 1349 2943 1597 1823 1592 76 372 456 19 1863 2937 1750 2860
1686 1170 784 2747 485 1972 2281 283 1802 2916 2169 2702 51 805 924 1709 631 2296 1400 2815 1974 1220 1175 384 2215 2005 782 5 71 1588 644 2003 262 2920 3015 1508 861 2811 2972
2425 823 1247 623 1928 77 1117 2947 238 1612 481 2542 2391 698 750 70 783 991 3011 2175 2358 1613
506 48 2583 1090 213 1782 1405 308 436 2148 117 299 2087 3023 34 1524 1485 1994 2840 982 145 22 2615 3027 1993 838 58 1559 2181 467 285 2736 2206 1035 2704 1827 1643 773 3005 13
1164 1907 956 3054 2988 1321 2321 902 1623 2825 740 1041 2183 258 2822 2858 64 1367 1762 1824 441 2535 35 1335 580 2892 1522 455 724 1819 1775 2997 2768 1849 1050 2141 973 2720 2879 1903 1732 1798 2341 2344 1464 371 2701 781 2886 183 889 168 1293 21 2256 2551 1851
1055 2929 654 1396 3033 923 333 2073 2790 2020 753 1940 563 582 1911 2062 1279 2800 1771 1387 1549 1599 2857 2954 1596 1370 78 347 818 1557 265 10 547 872 877 1765 761
3036 198 2060 2143 134 1194 2939 2582 91 20 2728 1921 1815 944 1086 891 2774 32 2126 2017 2260 141 2591 1205 1085 716 1988 3007 796 546 2670 541 799 819 3017 2913 743 66 2888 1309 2754 42 396 969 2606 1645 2203 669 289 2559 1363 689 1554 678 1443
977 2527 418 1009 1207 826 2627 1561 1751 2898 1059 814 178 2430 1766 666 2178 1049 907 1199 2266 558 2187 2366 1912 802 361 1721 937 306
574 1458 2340 320 2049 829 1130 1154 2789 1439 357 2472 1515 3021 2375 2994 2242 2001 96 567 2690 1586 639 1511 2759 1813 1297 212 1416 1968 600 1731 2451 1642 2798 246 1382 1316 882 1671 2496
2667 103 2503 3031 365 2041 1989 2457 2963 871 2069 65 2548 2850 177 41 89 1409 176 1783 870 443 1517 105 24 445 2680 2529 170 419 2657 2990 1404 1734 2362 92 420 52 1949 172 2026 1624 2403 2572 2602 1969 2359 1426
2762 2283 1330 705 2967 2878 1761 2761 439 556 174 2796 2532 1859 326 1608 648 277 1141 885 2067 165 614 1113 324 2144 2221 327 557 2235 2732 1080 2202 964 1320 63 2334 1934 46 1147 1235 1682 1553 765 1576 1360 3032 2873 974 2852 2819 3 1915 1954 1103 690 2906 1465 2940 2992
234 2182 314 482 1487 2269 1652 254 1914 1874 1181 2882 1525 2180 3006 53 446 2779 1982 2268 2055 1290 440 292 696 980 2996 1388 1406 1196 2726 469 2863 114 2836 1067 1407 2199 1552 1986 2320 2064 2150 1741 841 2263 1818 2265 526 1664 1866 2788 2078 842 1030 2197 1869 2962
2650 1670 1837 568 1545 2775 1402 2369 2518 2604 43 1412 815 950 2636 1454 2655 288 2499 2931 1746 523 401 512 153 509 619 2699 1777 2279 2414 1580 2934 2785 1736 2921 2849 2431 2712 104 2631 2620
1202 1979 1575 2110 194 2889 1711 358 1270 2131 335 1622 638 1169 2986 294 893 1658 2897 2309 133 1877 88 2960 2896 795 428 3008 0
1302 522 2332 84 2502 646 2354 1826 1313 1118 2717 527 2377 962 1450 1856 2347 1927 2748 2304 2428 1378 395 1573 1323 1390
1355 267 488 1217 655 3001 319 2767 1684 2692 1516 2151 2383 1369 878 2845 3037 188 187 1519 2092 351 236 3038 785 1376 1419 1473 1689 1216 1888 1475 2844 593 1795 594 2616 1793 2539 1152 1633 1019 1631 352 2766 954 1690 615 1961 155 160 2839 2795 274 1377 2573 1683 16
338 2760 1265 107 1536 780 896 2711 3040 1937 1918 496 2014 3025 2770 1462 1845 284 1418 1844 423 2371 2756 1726 2011 2491 1286 632 1463 794 1587 2432 452 1263 2769 2372 939 890 1757 2927 940 555 1745 36 307 517 531 1237 1100 2668 532 264 2935 1231 2034 2765 2479 946 2903 391 332 2709 945 1828
2027 994 1160 627 1976 1737 911 2275 1641 2407 2928 2363 535 1601 2614 2046 2642 942 1221 2195 748 498 442 2399 1611 754 1310 1444 1598 1565 1081 1910 976 2427 2566 1324
3055 235 2146 1997 854 966 1092 589 673 1415 749 2638 1332 2103 464 2658 1950 921 278 825 2609 1434 301 1778 2689 2336 2611 1984 516 2530 2557 1471 1401 1124 2745 2824 2346 228 2204 2743
1943 2649 404 671 2426 2326 2521 344 478 1254 2439 2869 2080 1626 1029 224 1809 613 2485 1620 1083 2976
1442 2287 2401 1273 1847 720 1885 1171 2586 1346 1523 588 561 2424 2612 2338 1234 1436
1831 2608 665 1791 505 1200 190 2295 2576 2029 3000 2676 1916 1423 695 2895 389 634 884 339 1799 2922 287 1529 1251 2664 2205 2271 2673 1708 1568 2900 377 421 129 1661
2119 591 2859 2812 766 1891 1701 378 2868 1880 2100 1825 2189 2245 1256 2973 2176 1811 1962 2455 2406 777 633 1248
2395 2387 1572 1203 2127 700 1072 122 1064 431 2580 438 1896 2899 159 1195 903 457 8 2730 810 275 1018 2555 102 2547 1002 2077 1636 349
967 2841 1648 2082 2957 2763 148 2173 142 649 1752 704 883 742 2145 2154 735 2677 166 2538 1638 1344 886 2571 1354 487 1329 1144 2793 2688 998 62 111 2238 687 1024 880 2541
2109 2641 1563 209 1341 1547 1710 2979 2915 1364 146 1245 2617 280 3004 169 2246 1053 2923 1832 2865 1239 583 2104 2666 2303 1704 1347 1165 1047
2683 2807 1895 1558 1530 734 1981 1046 2193 2801 626 1634 2684 2603 1408 1913 2493 118 1243 2871 2809 1714 2409
2823 2070 410 2880 2376 503 965 1578 1184 1057 1978 138 1806 578 1899 650 1105 2509 759 1855 2757 2410 1136 1857 2072 801 1548 1897 390 2161 379 139 2867 220 2302
1300 2240 707 2217 2118 232 717 2894 1749 318 916 2714 719 2797 2056 1615 1179 1970 2468 1223 1375 3029 2951 2965 435 1835 2985 2289 1955 309 216 2219 2998 726 1435 85 2980 223 182 1590 2327 1800 1688 2696 652 1650 1801
2653 1448 1451 1384 2319 895 2991 2925 2758 147 376 2500 989 2252 2207 2632 1571 1535 1496 760 167 1499 1094 2449 149 758 251 955
2402 95 2474 1678 2669 366 1810 2475 82 2310 2461 2524 2276 3019 1025 2047 1373 1999 874 2361 2444 2348 2277 2672 3050 1386 241 90 1781 1677 1146 2102 184 1193 374 3010 3035 128 908 2081 2498 2843 901 721 2000
1747 2733 2643 1930 1691 2594 381 510 1453 525 1718 1886 2415 2911 2254 725 1754 1543 2435 2469 2697 290 1502 727
1427 1446 674 1729 1111 537 2497 1307 1498 495 240 1618 398 1069 2574 771 2130 670 803 2452 2209 2158 2448
1774 2625 560 1884 993 738 970 693 2172 1211 1881 2335 869 1138 1242 1637 752
1474 2162 1532 620 1724 840 1534 1585 1314 2179 667 2036 1858 171 3009 1662 1476 219 126 127 2222 984
412 1822 1129 1460 1037 1546 706 2420 1722 1413 2753 2208 2901 1278 2094 1919 2465 2787 1567 1167 2211 2355 529 2941 3014
2437 2723 2480 2481 256 1065 325 298 570 1351 490 2856 1812 538 2116 1941 922 2910 1236 2419 135 2694 231 611 100 136 590 778 2932 249 3053 2 125 2749 2715 2507 2909 151 2325 2058 131 959 2353 363 657 3030 2284 2368 93 1222 106 832 661 811 1841 2057 250 2285 2228 2956
971 610 504 2316 1282 1674 2885 2213 2600 2456 520 672 2422 1998 2703 2292 2750 179 1902 1392 1720 336
960 2634 359 474 914 767 2975 2201 2280 1052 343 244 158 2258 2440 2624 2645 2737 1676 2782
362 2124 1803 1629 342 2007 501 2902 1017 2314 1505 1909 272 2783 934 1328 2930 3020 2042 360 827 1510 2040 1926 2516 1288 397 1932 935 604 2373
1031 2613 2478 124 193 790 295 1304 2526 1066 353 2674 2660 281 217 887 2681 2933 1301 1225 1905 2112 394 852 2522 730 156 2482 94 2884 906 2837 1039 1140 2912 2198 660 844 1060 2877
2233 1716 941 2593 2661 81 116 681 1836 415 2744 1614 2342 601 1397 2706 519 364 1269 3047 1267 930 229 2870 1560 2982 680 2123 643 947 1797 1143
1197 1472 348 1014 334 2168 1556 2365 2959 1340 2778 2487 2891 1151 2255 276 2218 1098 1707 1428 2780 331
1353 1250 388 622 2587 2805 1605 1878 1593 597 1647 2393 323 248 2008 595 1062 2722 2904 2429
1469 835 1358 2467 1922 2508 2514 1468 1865 865 2792 518 2088 1159 367 1660
2286 1294 1735 2978 949 2771 3044 269 1087 266 162 1527 1840 636 845 1399 2816 282 676 927 302 1646 255 2718 2814 328 1980 1467 812 1305 2140 140 1381 863 1817 1040 305 2053
746 1088 806 2447 2381 163 1479 1627 1449 1901 2250 2562 828 2773 1945 1497 259 1900 1570 119 2212
1112 1295 2505 1723 2133 451 252 1603 2045 2249 2828 437 1953 1280 2230 483 2396 1820 645 1383 957 1772 822 1134
659 879 1315 1131 192 3022 1210 403 1503 1792 1655 938 564 1700 575 2071 1187
2378 736 1385 2654 513 499 853 1287 839 2716 2160 1327 2006 1875 1600 584 2438 1640 1796 1058
2108 1644 764 208 2466 227 1246 1873 1177 2846 211 1514 772 2984 195 2030 143 2159 2152 2510 1361 1889 2149
1776 204 1186 491 1291 1861 715 1430 2236 2519 2352 2388 2776 2830 1834 1675 1960 1481 2995 1537 697 1188 132 849
875 2307 2226 2039 1153 2483 1621 1201 751 2477 763 1833 1257 497 2394 2345 958 1872 2853 1148 2949 1206 1852
1520 1073 460 1763 322 2278 203 2135 2784 2267 1289 1173 2051 1334
2433 1717 2553 1494 621 1071 598 2188 797 2107 2501 2545 472 2063 1137 788 2531
2404 1219 769 1424 2350 1432 2598 709 925 243 2262 747 399 1604 910
2918 2652 350 798 152 3039 2084 607 1929 2022 2618 2528 1249 2533 1455 1947 936 247 2595 321 175 1706 919 2961 894 917 892 2621
115 1214 1566 1491 2575 951 121 2585 1975 2993 1356 1139 83 2534 2969 1168 1433 1275
1577 817 953 1528 1659 2076 1276 2579 2216 2987 1959 2739 628 2405 647 862 120 471 2596 2386
1551 888 2662 1322 684 2968 1667 710 303 2832 651 2113 1758 2251 2331 1016 791 210
609 2484 1564 968 2323 1209 1145 787 1227 444 530 2248 2059
479 1096 2086 1044 2239 1846 2392 1882 407 2305 714 1198 1635 2924 723
426 1106 1870 1132 2554 432 425 1850 2018 2764 2810 1719 820 1166 2085 1447 534 1095 1260
2504 816 2486 2665 1362 2983 261 2829 144 3012 2887 2446 2318 848 703 2460 2298 1429 2075 2686 1894 1478 486 470 860
1501 1032 731 2009 461 2164 1176 2229 1133 1266 2847 1952 624 1010
1099 2196 1843 447 3026 2288 3045 596 1842 2129 449 2132 2476 1054 629 1938 2777 2052 521 932 931 1281 2914 2370 1816 1936 3024 1299
688 1769 995 2408 850 979 1204 109 2019 912 2838 417 1258 2398 1296 1007 712 851 453 1748 1853 876 1764
385 1011 1422 408 1082 1544 2291 2905 2568 1226 1944 2028 1495 1973 514 1713
1733 1061 533 2700 291 2543 2907 603 992 1215 637 137 1161 757 2010 1830 2247 2802 550 454 1240
2337 1957 315 1483 2050 1229 1770 846 1070 722 316 2520 1043 1228
2021 476 2462 1542 1123 409 2413 1581 990 110 2989 999 197 2492
1005 2037 662 1268 1687 1906 868 2339 2556 202 933 434 492 2724 2597 1649 572 997 1063 1550
450 164 1020 1672 462 2259 913 2374 2537 2066 1075 2214 1051 2290 1753 733
775 675 1091 386 2272 2421 909 1569 1920 2360 1414 711 3016 354 1182 2851
2315 1028 2721 279 2317 1192 2324 2601 577 214 2651 694 1116 565 2089 494 2512 1174
807 2294 1500 1867 988 692 528 2445 1342 2470 2630 2552 1917 833 475
668 975 375 2786 1656 2232 1924 2311 2002 569 2004 2038 1808 422 3018 1582 2781 2727 157 2964
2635 2570 1574 585 1673 1698 189 545 2397 2453 926 2153 2966 713
847 3002 230 2719 1230 929 762 855 1477 898 1420 612 2184 1319 2818 1038 2687 972 2890 340 2068 2333 2097 489 2138 729 2742 296 1685 1440 2610 2578 2300 2121 2257 2549 87
2434 1738 702 414 699 1958 1178 1879 2550 1333 1158 1156
581 1538 774 1470 1904 1048 2490 2640 1084 368 808 382
686 2390 2163 97 1696 1015 1241 2210 1126 2488 1183 383 2854 837 1971
2605 592 2090 1653 1078 952 1784 1056 2301 2752 1457 2513 641 1125
1104 1521 1966 458 2231 2147 553 2678 108 1345 605 1594 181
2412 1001 1142 768 1814 1128 1755 576 2083 770 2241 2806 963 1740
1562 2791 1004 1261 1739 1923 1518 2065 1854 2192 2536 1121 996 2644 2626 186
1337 3043 387 245 205 653 1074 1838 3042 477 1948 3056
2380 1617 1097 1995 226 755 2328 1180 1093 1539 2495 830 1023 1331 2544 544 218 2599 630 2306
2282 2740 1996 640 1274 2227 1395 1371 2043 468 2220 1393 618 2096
2191 2389 1965 679 2698 1785 2458 602 3028 2095 1697 2417 2872 2729 2244
2234 2515 3034 728 1695 200 2264 1630 824 2385 2125
587 2953 2308 1190 2106 1767 3003 2842 400 905 2343 2174 1163 1033 2253
427 1951 1610 1773 978 1021 2569 2312 405 356 2190 2511 524 1628
3048 1619 1272 2356 101 920 1632 416 2981 1359 2411 786
1730 2105 1076 1459 866 2950 540 2646 123 1589 1003 1484
1213 2243 2691 2835 881 2588 1991 2441 1712 2581 804 2685
1284 1489 542 2735 536 317 257 1298 1445 2848
2165 1679 2450 1669 1668 2663 1119 2948 718 836
1876 2875 2024 286 268 1898 2560 2731 1365 373 2908 779
1421 2330 1325 1312 2443 1461 493 867 1657 1311 1990
2977 1157 663 985 1935 2293 2061 915 2623 1699 2044 329
552 1150 1425 1942 1368 1956 1308 207 1794 206 1609 1987 2958
2117 1336 2517 745 1681 2695 744 2074 2738 2031 2225 2297 222
201 1155 1780 900 2494 1042 1162 948 2564 1702
873 1441 2506 2400 789 685 928 2546 548 551 1224
2139 1931 741 2734 1967 1107 1437 2454 1218 463
943 1191 2270 1493 2637 1883 2755 429 1013 2558 656
2111 2442 571 433 1651 2675 1255 508 2134 1790 2349
1480 1149 599 1431 1027 1983 2177 2473 2876 242 1787
1964 161 809 1208 2794 1541 1277 658 635 2167
1756 2171 2671 1271 355 2459 821 185
2423 559 1185 2416 2808 1692 543 199 1452 831
1625 500 708 2633 1925 1504 1077 1786 2561 473
1026 2679 1366 562 2023 857 904
237 2114 1253 2223 1357 221 1602 1135
1715 2592 2156 130 1616
1022 1890 1000 1768 897 1583 413 2833
2772 2033 1663 677 2200 1068 800 2639 150 2382 1540
2142 2329 1506 233 1760 2186 858
297 1089 1318 2237 625 2091 215
424 341 2523 511 1012
2224 1512 1804 1326
173 2628 1045 1389 2313
2166 1252 180
1101 2464
