0 4 82 101 149 150 154 190 191 217 279 281 386 398 508 566 584 601 640 673 745 895 905 1038 1039 1196 1255 1256 1337 1356 3 111 112 116 120 158 159 198 208 487 621 710 774 850 886 20 401 772 900 903 912 1052 1053 1207 1271 1272 1340 1355 31 1797 2096 2097 2108 2176 2177 2271 2299 2300 2346 2351 36 1803 2358 2361 2406 2407 2466 2489 2490 2518 2526 28 39 1831 1889 1890 1986 2032 2033 2077 2094 2529 2549 2550 2580 2595 2596 2611 2616 73 80 2677 2685 2879 2883 2894 2895 3009 3014 3039 3047 3048 3056 72 2676 2878 2882 3008 3046 3049 53 2659 2836 2861 2893 52 2658 2860 2892 41 2667 2682 68 79 1805 3013 8
2 7 84 85 87 91 92 97 109 110 136 138 139 145 146 153 156 157 195 196 324 477 486 610 620 709 848 849 880 885 1 114 282 429 430 570 571 906 1040 1041 1197 1257 1258 1338 1357 37 1824 1826 2098 2357 2362 2408 2409 2467 2491 2492 2519 2527 1807 1808 1825 1827 29 30 1838 1839 1893 1894 1895 1896 1984 1985 2034 2035 2036 2037 2078 2079 2092 2093
14 22 93 94 184 594 668 715 718 791 904 1019 1116 1195 1246 1299 1334 1351 1363 1374 1402 1410 1427 1516 1595 1662 1704 1750 1777 1792 12 99 185 239 522 646 648 658 676 713 829 843 851 897 13 100 240 387 523 647 649 659 677 716 830 852 898 38 1401 1802 2356 2360 2401 2436 2465 2486 2505 2520 2525 21 1373 1409 1426 1515 1594 1661 1703 1749 1776 1791 71 76 2029 2056 2597 2604 2678 2681 2846 2851 2949 2952 3005 3012 3042 3043 3052 3053 1888 1941 2548 2565 54 61 2657 2666 2845 2854 2855 2944 2955 2956
15 23 81 105 462 544 613 706 769 831 883 909 1022 1121 1200 1247 1302 1335 1358 1360 1365 1369 1421 1514 1593 1658 1705 1746 1775 1790 309 417 536 681 11 130 212 280 497 629 631 643 824 826 888 890 894 481 1025 1124 1254 1305 33 1799 2101 2110 2173 2226 2268 2296 2325 2343 2353
17 25 102 200 252 293 298 330 498 572 907 1020 1119 1198 1251 1306 1349 1352 1368 1376 1416 1418 1423 1518 1597 1660 1707 1748 1779 1796 9 155 251 294 461 599 600 611 768 800 846 875 876 18 297 331 499 573 908 1021 1120 1199 1252 1307 1350 1353 24 1375 1415 1417 1422 1517 1596 1659 1706 1747 1778 1795 40 1806 2528 2617 2628 2637 2644 2647 2652 2655 2656
19 27 125 127 545 568 569 714 771 902 911 1024 1123 1206 1253 1304 1339 1354 1371 1384 1420 1425 1520 1603 1664 1709 1760 1781 1794 10 106 160 211 496 628 630 642 644 675 823 825 887 889 893 108 163 16 341 770 884 910 1023 1122 1201 1248 1303 1336 1359
95 103 142 148 809 1810 1820 1385 46 49 2689 2692 2749 2750 2788 2793 2812 2817 2824 2826 2831 2833 2847 2947
104 115 122 147 162 171 177 237 238 247 248 321 322 332 333 403 416 420 588 589 595 596 623 632 773 844 878 881 393 981 982 1228 1229 1285 1286 1484 1485 1695 1696 1736 1737 2105 2151 2152 2292 2293 2317 2318 2624 2625 2645 2646 2650 2651 75 1860 2054 2538 2602 2803 2804 2819 2822 2850 2951 3024 3026 48 74 1861 2055 2539 2603 2688 2748 2801 2802 2849 2950 3025 3027 2011 2012 2589 2590 2841 2842 2945 2946 2820 2821 69 70
121 126 161 209 267 268 275 276 355 455 456 464 465 857 858 859 860 463 778 779 1007 1008 1066 1067 1163 1164 1232 1233 32 1405 1811 1814 2167 2168 2192 2193 2243 2244 2290 2291 35 1411 1816 1818 2165 2166 2198 2199 2249 2250 2282 2283 26 1391 1393 1510 1511 1553 1554 1624 1625 1699 1700 55 65 1914 1916 1960 1962 2732 2735 2778 2781 2880 2881 2901 2902 2972 2973 56 64 1913 1915 1961 1963 2730 2733 2780 2783 2903 2904 2970 2971 1882 1883 1884 1885 2013 2014 2015 2016 51 2809 2811 50 2806 2808
165 182 233 313 344 345 927 928 1137 1138 1226 1227 1326 1327 1370 1388 1389 1434 1435 1610 1611 1697 1698 1773 1774 194 227 228 245 562 563 614 615 696 697 760 761 262 263 560 561 605 606 692 693 717 758 759 645 808 810 921 922 1151 1152 1236 1237 1332 1333 1438 1439 1618 1619 1763 1764 62 77 1957 1959 2072 2074 2702 2706 2740 2744 2964 2965 2988 2991 3033 3035 63 78 1956 1958 2071 2073 2703 2707 2741 2745 2966 2967 3032 3034 1834 1835 1836 1837 42 2714 2715 2987 43 2718 2719 2992
174 206 343 358 359 364 365 494 495 504 505 705 812 817 316 708 947 948 1088 1089 1821 1822 2102 2369 2370 2420 2421 2484 2485 1378 1379 1399 1444 1445 1559 1560 1681 1682 34 1817 1819 2127 2128 2206 2207 2280 2281 2297 2354 58 1917 1919 2030 2031 2695 2697 2762 2763 2911 2912 2922 2941 3015 3016 57 1918 1920 2696 2698 2909 2910 2923 2940 1840 1841 1842 1843 45 2760 2761 2787 44 2756 2757 2786 3037 3038
199 220 318 776 777 923 924 1141 1142 1230 1231 1322 1323 1367 1394 1396 1440 1441 1620 1621 1701 1702 1765 1766 129 372 374 411 567 574 575 624 625 700 701 764 765 5 164 231 232 564 565 616 617 698 699 762 763 348 349 929 930 1139 1140 1328 1329 1428 1429 1614 1615 1767 1768
219 234 354 392 707 832 1361 1362 1436 1437 1612 1613 1685 1686 1761 1762 83 88 291 307 375 377 576 577 626 627 702 703 766 767
270 337 413 479 521 941 942 1064 1065 1380 1381 1400 1407 1446 1447 1547 1548 1683 1684 1769 1770 113 253 254 295 301 302 484 485 514 515 578 579 680 935 936 1062 1063 1224 1225 1320 1321 2129 2130 2340 2341 2371 2372 2414 2415 2476 2477 2512 2513 2704 2782 2929 2932 2705 2779 2933 2928
346 400 428 537 117 118 221 222 299 300 410 2389 2390 2478 2479 2503 2504 1403 1815 2699 2873 2877 2694 2872 2876 2868 2869 2864 2865
404 419 478 602 1390 1408 246 296 1798 2100 2660 2663 2722 2737 2925 2693 2813 2816 66 2848 2961 3003 67 2962 3004
418 423 424 608 662 663 1364 1372 1414 6 96 323 421 422 476 607 622 660 661 847 1404 1413 2095 2104 1863 1865 2057 2058 2731 2936 2937 47 1862 1864 2734 2751 2789 2825 1935 1936 1937 1938 1939 1940 60 2856 2907 2943 59 2857 2906 2942
427 435 436 618 669 670 712 741 742 310 312 474 475 737 738 585 746 2139 2140 2216 2217 2225 2267 2324 2342 2141 2142 2218 2219
480 546 547 686 687 704 751 752 805 807 901 919 920 1149 1150 1234 1235 1330 1331 140 141 207 548 549 597 598 688 689 753 754 483 2115 2116 2239 2240 2334 2335 1809 1812 2117 2118 2241 2242 2336 2337
530 531 684 685 749 750 1366 1395 128 342 528 529 586 587 682 683 747 748 2103 2363 2364 2447 2448 2516 2517 2121 2122 2237 2238 1383 1419 1377
775 796 797 949 950 1094 1095 609 133 134 619 818 1189 1190 1720 1721 2295 1846 1847 1921 1922 2534 2535 2559 2560 2375 2376 2426 2427 2717 2716
794 795 1382 1398 89 90 119 638 827 1250 1301 2618 2619 2642 2643 1813 2709 2712 2720 2738 2721 2739 2713 2708
806 899 1430 1431 1616 1617 137 170 433 434 509 641 2736 2986 2993 2985 2994
913 914 1145 1146 1220 1221 1316 1317 1406 1412 678 679 743 744 1386 1387 1432 1433 1608 1609 1771 1772 2119 2120 2235 2236 2338 2339
931 932 1054 1055 1442 1443 1543 1544 229 260 261 755 264 2123 2124 2352 2620 2621 2631 2632 2776 2777 2898 2926 2934 2899 2924 2927 2935 2755 2785 2754 2784
937 938 1056 1057 1454 1455 1551 1552 107 176 205 265 266 402 405 492 493 327 328 552 553 845 1460 1461 1663 1759 1780 1793 1910 2552 1909 2551 1844 1845 2532 2533
945 946 1068 1069 1462 1463 1555 1556 259 431 432 664 665 98 123 2019 2020 2065 2066 3036 3031
953 954 1090 1091 1450 1451 1573 1574 131 132 308 412 425 739 801 802 197 798 799 482 1185 1186 1267 1268 2463 2464 2259 2260 2305 2306 1982 1983 2989 2990
957 958 1032 1033 1466 1467 1525 1526 178 179 558 559 603 604 727 728 841 183 192 193 218 399 695 733 734 1474 1475 1527 1528 2622 2623 2629 2630 2653 2654 1855 2076 2541 2606 2795 2796 2886 2890 1854 2075 2540 2605 2797 2798 2887 2891 2818 2823
963 964 1034 1035 1468 1469 1521 1522 143 144 336 311 639 896 1801 2017 2018 2270 2355 2106 2143 2144 2182 2183 2326 2344 2027 2028 2884 2885
967 968 1028 1029 1472 1473 1533 1534 213 214 314 711 735 736 173 671 672 969 970 1030 1031 2003 2004 2088 2089 2005 2006 2090 2091
971 972 1050 1051 1476 1477 1529 1530 373 510 511 580 581 180 181 729 730 347 1214 1215 1343 1344 2107 2278 2279 2349 2350 2587 2588 2614 2615
979 980 1100 1101 1480 1481 1587 1588 186 187 439 440 86 362 363 459 460 991 992 1110 1111 1581 1582 1946 1947 2042 2043 2743 2968 2742 2963 2563 2564
983 984 1098 1099 1482 1483 1579 1580 201 202 449 450 188 189 230 441 442 2441 2442 2497 2498 2099 2147 2148 2214 2215 2635 2636 1952 1953 2048 2049
985 986 1104 1105 1486 1487 1583 1584 319 320 340 811 334 335 437 438 633 2155 2156 2222 2223 2228 2298 2345 1800 2153 2154 2220 2221 2227 2269 2920 2921 2792 2830 1929 1930
989 990 1108 1109 1490 1491 1591 1592 329 360 361 457 458 650 651 828 977 978 1114 1115 1118 2224 2284 2285 2294 1866 1868 1867 1869 2917 2919 2914 2916
993 994 1042 1043 1494 1495 1537 1538 166 167 694 819 820 151 152 815 816 999 1000 1048 1049 1646 1647 1712 1713 2157 2158 2186 2187
997 998 1046 1047 1498 1499 1541 1542 223 224 833 834 168 169 740 821 822 995 996 1044 1045 1397 1654 1655 2257 2258 2461 2462
1005 1006 1082 1083 1502 1503 1565 1566 338 339 853 854 317 1003 1004 1076 1077 1135 1136 2208 2209 2163 2164 1911 1955 2557 2571 2766 2769 2897 2939 2957 1912 1954 2558 2570 2764 2767 2896 2938 2958 1886 1887 2542 2543 2791 2835 2790 2834
1009 1010 1078 1079 1504 1505 1557 1558 269 356 357 855 856 203 204 376 451 452 2202 2203 1829 1828 2568 2569 2600 2601
1013 1014 1072 1073 1508 1509 1561 1562 378 379 756 757 863 864 366 367 861 862 1804 1823 2359 1830
1015 1016 1086 1087 1512 1513 1569 1570 382 383 867 868 380 381 865 866 1084 1085 1143 1144 1506 1507
1125 1126 1273 1274 1600 1601 1726 1727 350 351 445 446 292 352 353 447 448 842 1131 1132 1279 1280 2385 2386 2430 2431 1604 1605 1728 1729
1129 1130 1277 1278 1606 1607 1730 1731 368 369 472 473 370 371 987 988 1106 1107 1950 1951 2046 2047 1478 1479 1585 1586 1944 1945 2040 2041
1147 1148 1281 1282 1458 1459 1577 1578 255 256 468 469 249 250 466 467 1850 1851 1925 1926 2247 2248 2319 2320 1852 1853 1927 1928 2536 2537 2561 2562
1157 1158 1283 1284 1622 1623 1740 1741 235 236 453 454 877 879 257 258 470 471 2403 2453 2454 2402 2451 2452 2501 2502 1964 2572 2669 2680 2840 2960 3000 3007 3051 1965 2573 2668 2679 2839 2959 2999 3006 3050
1161 1162 1295 1296 1626 1627 1744 1745 241 242 837 838 225 226 835 836 1155 1156 1289 1290 2159 2160 2188 2189 1872 1873 1899 1900
1165 1166 1291 1292 1630 1631 1738 1739 271 272 488 489 891 285 286 502 503 951 952 1632 1633 1732 1733 1848 1849
1169 1170 1202 1203 1638 1639 1671 1672 388 389 871 872 384 385 869 870 1011 1012 1080 1081 1500 1501 1563 1564 2255 2256 2274 2275 2576 2577 2583 2584
1173 1174 1208 1209 1642 1643 1675 1676 414 415 882 1171 1172 1204 1205 2109 2112 2327 1589 1590 1968 1969 1989 1990
1177 1178 1263 1264 1644 1645 1710 1711 394 395 719 720 396 397 721 722 2263 2264 2301 2302 2133 2134 2212 2213 2648 2649
1183 1184 1265 1266 1648 1649 1714 1715 406 407 723 724 408 409 725 726 1096 1097 2261 2262 2307 2308 1650 1651 1716 1717
1187 1188 1269 1270 1652 1653 1718 1719 542 543 789 790 780 955 956 1092 1093 2265 2266 2303 2304 1923 1924 1456 1457 1575 1576
1191 1192 1259 1260 1656 1657 1722 1723 792 793 243 244 839 840 1874 1875 1901 1902 1392 1492 1493 1535 1536 2546 2547 2555 2556
1212 1213 1341 1342 1667 1668 1784 1785 287 288 516 517 277 278 506 507 939 940 1058 1059 2373 2374 2416 2417 2585 2586 2612 2613 2468 2469 2521 2522
1216 1217 1345 1346 1679 1680 1788 1789 303 304 532 533 289 290 518 519 943 944 1545 1546 2007 2008 2084 2085 2009 2010 2086 2087
1238 1239 1308 1309 1689 1690 1753 1754 325 326 550 551 305 306 534 535 1070 1071 1452 1453 1549 1550 2135 2136 2190 2191
1242 1243 1312 1313 1693 1694 1757 1758 634 635 654 655 215 216 892 961 962 2021 2022 2059 2060 2137 2138
1634 1635 1734 1735 175 283 284 500 501 917 918 2367 2368 2245 2246 2050 2052 2051 2053
124 315 426 524 525 590 591 915 916 1117 1249 2438 2488 1999 2000 2080 2081 2723 2701 2700
210 520 538 539 612 781 782 975 976 1026 1966 1967 1987 1988 2171 1488 1489 1519 2832
443 444 652 653 959 960 1112 1113 1153 1154 1222 1223 965 966 1628 1629 2145 2146 2772 2773 2889 2888 2774 2771
554 555 785 786 1001 1002 1074 1075 390 391 873 874 1175 1176 1210 1211 2395 2396 1976 1977 1991 1992 1567 1568 1978 1979 1993 1994
690 691 1133 1134 1300 172 582 583 925 926 2445 2446 2507 2082 2083 1786 1787
731 732 813 814 1179 1180 512 513 973 974 1464 1465 2174 2210 2211 2765 2768
933 934 1060 1061 1318 1319 135 2418 2419 2332 2333 3010 3054 3011 3055
1287 1288 273 274 490 491 674 1027 2172 2315 2316 2175 2321 2322 1891 1892 2674 2675
526 527 592 593 1036 1037 2178 2179 1523 1524 2870 2871
540 541 656 657 1017 1018 2404 2405 2161 2162 1531 1532 2437 3018 3021 3017 3022
556 557 666 667 1102 1103 2434 2435 2063 2064 1424 1602 2061 2062 2665 2664
636 637 783 784 1244 1245 2149 2150 2194 2195 2111 1636 1637 1687 1688 2593 2594 2975 2977 2978 2980
787 788 1240 1241 2381 2382 2424 2425 2200 2201 1470 1471 2023 2024 2726 2727 2725 2728
803 804 1181 1182 2377 2378 2428 2429 1856 1857 1931 1932 1858 1859 1933 1934 2983 2984 2997 2998
1127 1128 1275 1276 2399 2400 2169 2170 2204 2205 2566 2567 2598 2599 2229 2230 2309 2310 1598 1599 1724 1725
1159 1160 2383 2384 2449 2450 1897 1898 2553 2554 1539 1540 1907 1908 3002 2827 3001
1167 1168 1293 1294 2393 2394 2412 2413 1870 1871 1742 1743 1876 1877 1903 1904
1193 1194 1261 1262 2455 2456 2493 2494 1878 1879 1905 1906 1496 1497 1880 1881
1218 1219 1347 1348 2113 2114 2233 2234 2365 2366 2443 2444 1665 1666 1782 1783
1297 1298 2459 2460 2470 2471 2313 2314 1970 1971 1640 1641 1677 1678 1972 1973 2969 2974
1310 1311 2474 2475 2510 2511 2125 2126 2272 2273 2328 2329 1669 1670 1751 1752 2686 2687
1314 1315 2499 2500 1942 1943 2487 1755 1756 1948 1949 2069 2070
1324 1325 2514 2515 2038 2039 2131 2132 1448 1449 2799 2852 2953 2794 2853 2954
2482 2483 2180 2181 1708 2286 2287 2807 2810
2523 2524 2184 2185 1995 1996 2347 2348 3023 3028
2231 2232 2311 2312 2387 2388 2432 2433 2044 2045
2251 2252 2025 2026 1571 1572 2480 2481 2981 2982 2918 2915
2288 2289 2330 2331 2067 2068 1691 1692 2670 2837 2671 2838
2323 2379 2380 2506 3029 3030 1974 1975 2578 2579 2844 2976 2843 2979
2196 2197 2391 2392 2439 2440 2758 2759
2397 2398 2422 2423 2253 2254 1997 1998
2544 2545 2581 2582 1673 1674 2863 2862
2574 2575 2591 2592 2457 2458 2661 2662
2607 2608 2410 2411 2508 2509 2814 2815 2908 2995 2913 2996 2752 2753
2626 2627 2633 2634 2638 2639
2640 2641 2472 2473 2905 2900
2001 2002 2495 2496 2672 2690 2747 3020 3019
2276 2277 2800 2858 2805 2859
2609 2610 2874 2875 2673
2683 2829 3041 3044 2866 2867
2828 2684 3040 3045
1832 1833 2530 2531 2724 2746 2948 2729
1980 1981
2691 2931 2770
2775 2930 2711 2710
