0 1 1027 2565 2058 12 529 2580 21 28 2077 31 2595 36 39 40 41 2092 2604 2095 2098 2611 2099 52 2616 2617 1593 2108 61 68 2628 71 76 2637 79 80 2644 2647 1116 2652 2655 2656 2657 2666 2671 2676 1658 2171 2684 2683 2685 642 675 676 1703 1195 2224 187 1746 2267 1246 236 1775 2294 1790 1797 1802 1805 1806 1299 2836 2323 2843 799 800 2848 2851 2852 2855 2344 1833 2351 817 2356 2357 1334 2360 323 326 1351 335 1360 1363 1368 1369 858 1372 861 862 1888 2403 893 2946 2947 2436 2952 906 2955 2956 1425 402 1939 929 930 2465 2488 3005 1984 3010 3011 3014 2505 2520 2527 2528 2529 3042 3039 3043 487 1514 3052 3053 2031 3056 2548 504
2 2053 518 7 2055 13 20 29 30 33 34 42 1071 560 2096 49 57 570 62 1089 578 67 69 70 2118 2120 74 587 605 2149 2663 2155 1132 1146 2690 2696 2708 2709 1177 2715 2203 2213 1193 170 2730 2737 184 2236 2242 1222 1223 720 721 1236 1237 726 2775 2261 2263 732 2783 739 741 230 2284 2285 2286 2287 237 2803 2804 761 762 258 1282 2822 2318 2320 785 1809 787 1812 1298 1817 281 1819 1835 811 1837 305 306 818 318 2880 2889 1866 1868 856 2909 2910 2928 369 884 1916 1918 384 2951 2964 2965 407 408 416 928 1953 1955 2978 2980 2983 430 436 2996 1980 1982 3025 3027 981 470 2013 2014 2015 2016 991 483 501
3 6 519 16 19 24 2589 2590 2078 2079 35 1571 43 556 48 565 1080 58 1086 63 66 579 584 2121 75 1614 606 2662 2152 1651 1141 1143 2691 2701 2204 2718 1190 167 1192 2735 2736 185 2237 1738 2770 723 212 2266 733 2782 229 240 253 2819 1289 1295 2321 278 797 810 821 2881 324 2892 339 857 872 2929 891 1404 2950 1434 925 420 2984 435 2995 1985 1986 1485 2007 2008 988 990 480 498
4 1543 1544 11 17 531 532 1557 22 1558 2073 2074 27 2076 2075 1058 1059 37 44 557 45 561 55 56 580 77 590 591 78 610 611 1659 1662 2697 2698 2699 2700 1200 691 2760 2761 210 2778 2779 2780 2781 2784 1761 1762 2785 1773 1774 752 1776 754 1779 257 259 260 781 782 280 285 286 1825 1828 1322 1323 1842 1843 1844 1845 1339 2371 2372 333 2896 2897 338 1365 1380 1381 2926 2927 2416 2417 1394 2931 1396 2932 2930 1911 1912 1913 1914 1403 2933 1418 907 398 914 409 414 2466 1444 1445 937 938 1451 1450 451 452 3012 3013 456 2514 2515 2518 484 3054 3055 496 497
2564 5 10 1036 2572 18 23 26 2597 38 552 46 51 564 1588 1590 54 59 577 65 72 82 598 1111 88 1626 1632 104 115 2680 129 641 1159 656 151 1693 1694 1695 1696 2717 163 2732 688 1715 692 695 696 1721 2747 700 1232 1233 208 2771 215 2795 2796 243 1268 757 758 2809 2811 254 2814 774 2823 1804 279 2841 802 2857 2868 2869 2359 2882 1863 840 2888 334 2384 1364 343 1374 1886 2399 1377 2914 1889 2916 2408 380 1408 1410 2435 1417 1419 1934 399 2453 2972 2973 2986 1964 2478 2479 1469 2498 1475 455 3017 970 3020 479 1504 1510 2539 2546 1011 1525 2549 2037 1531
1031 8 9 14 15 1041 25 32 47 1583 50 53 60 64 581 73 1100 1106 2143 1631 99 101 2162 117 2679 119 1664 2177 1154 648 650 1162 653 146 148 667 2716 669 2220 1197 1198 2733 180 182 1718 2746 2246 712 713 2774 2268 2789 742 744 2792 1259 1261 241 1789 2815 256 768 770 2817 2305 2818 265 267 2834 1811 1814 2842 2342 2856 2862 1335 1338 1854 2879 1856 2886 2893 2899 1883 1885 868 1894 1896 1388 1389 1402 2943 1935 2961 1937 917 918 423 424 1961 2985 1963 2999 959 1472 3007 965 461 462 465 466 1509 3047 1004 1006 2032 2034 1530
2563 2566 2573 1552 2072 1057 547 2610 566 2107 2112 1102 1616 1108 97 2660 2665 2667 2670 2674 2675 2681 1147 124 636 1158 1164 2195 1685 1686 666 680 681 2218 687 699 701 702 1228 1229 1230 1231 2252 725 735 1768 2288 2289 766 1801 268 273 276 277 798 2850 2341 309 1333 2870 2875 341 2903 2904 1376 866 869 2917 2919 1910 887 2941 1406 387 2948 1416 1933 1427 2966 2967 920 2970 2971 1950 427 1965 2991 2997 444 3033 474 3035 477 482 509 2558
2071 2596 1060 2609 1074 563 2102 1594 2115 1120 1123 614 2664 2689 2695 660 2196 2712 665 2713 1691 1692 156 2729 683 1712 2225 694 2743 703 704 2752 1234 1235 2282 2283 1267 1269 2806 2808 765 1798 272 2832 275 282 2332 293 2859 1324 1326 303 304 1838 312 329 845 2905 2906 859 1373 1887 2921 368 1397 1909 888 382 2944 1409 2945 2949 2954 400 1428 923 425 441 447 3015 3018 469 3032 3034 475 478 1503 2530 3045 2547 2036 1012 1016 2557
2052 1029 2054 1553 1068 571 2622 2625 2630 2633 2643 2645 2646 2650 1645 2677 655 2704 1681 1682 657 1186 2727 175 177 697 698 1220 1221 1732 2768 233 235 2797 2798 2801 2802 244 246 759 760 2813 1285 2840 1821 1822 1829 1830 2860 814 2864 2865 816 2873 2379 1867 1869 1361 1362 2390 2911 2912 2405 2424 1915 1917 392 393 2460 2975 2977 2480 2481 1464 953 1981 1983 448 2499 1479 3024 976 3026 492 493 1522 505 507 510
516 2567 2578 1582 585 1101 1615 597 599 1115 1650 1140 121 1663 131 2692 155 2720 1187 2724 165 679 168 178 1203 1717 2742 2744 724 214 730 2791 748 1262 1272 1788 2825 1803 270 2831 809 1839 815 2358 2874 2366 1346 325 1864 2894 2385 2898 340 860 1375 890 381 2942 2433 1413 1415 903 2957 2446 911 2960 401 919 1435 411 2461 1951 2981 426 2992 2993 1974 3004 3006 2496 1484 471 985 2531 3046 2540
1536 2434 1669 1676 140 2448 1047 537 1310 1568 544 1702 2214 2097 308 820 2741 1208 824 2234 2877 446 2750 1344 1729 1219 453 2374 1095 2124 2387 2902 3031 1241 734 1759 736 2147 740 743 2668 622 628 1274 1787
2439 143 1813 1944 2976 1701 2725 2853 2349 1968 1072 1971 2232 1082 1852 2623 1601 2757 966 327 968 842 2636 2253 1872 1107 2133 1109 2391 345 218 2649 94 2017 485 1384 1643 747 107 1260 2925 1266 1786
1032 2056 2057 1038 554 1103 1105 1618 90 92 2142 1131 2169 1661 2184 649 137 139 652 662 664 2219 1196 1199 714 715 204 205 2762 2767 1749 731 2271 2788 2793 1778 242 2816 2824 2829 2835 788 1301 790 2327 1816 1304 1818 794 796 2346 2863 1336 1337 2872 1855 1857 2885 2887 1882 1884 1893 1895 360 1391 1393 370 371 2936 386 1411 2958 1936 1938 915 916 1952 417 418 1954 2994 962 964 1001 1007
128 514 2050 1028 2180 1286 2314 395 2064 2576 789 2584 2968 1436 1438 287 2336 1316 1958 2474 2734 432 1851 2876 317 2113 843 1741 463 1743 852 2394 1370 356 1767 3048 618 1771 879 2800 1398 1399 1529 2687
513 1153 1412 2311 383 647 2953 2059 138 1424 530 1051 1180 2468 2216 558 1204 183 440 1591 2111 1091 1988 3016 2249 2891 2895 850 2264 864 1634 2275 361 110 495 1904 2672 1657 2427 2045 1278 127
1792 388 2443 1166 527 2711 1562 2205 2982 2425 682 300 1073 1714 2353 2101 950 2489 2878 2303 2756 1353 1612 464 1878 351 354 2534 1126 616 998 3049 2924 1133 750 878 1905 627 372 1400 377 2940 2559
264 522 1547 784 2706 1554 2198 535 1820 2846 1311 2594 2979 2084 2722 1442 2726 2091 2348 555 2484 1972 2229 1465 1343 576 1218 2511 2127 593 2003 1367 1240 473 3036 2146 2020 491 2669 629 634 767
1794 1539 1923 1926 263 1161 2186 1678 2710 1175 2328 1824 933 1577 1707 943 1458 3002 2749 1859 583 2378 2763 1356 1359 2002 1875 213 1751 1630 2913 1249 1379 2787 1254 745 1902 2543 2552 2429
897 900 2568 2571 654 1170 274 405 2969 1309 2334 2854 296 2608 1332 1462 1976 1979 829 1600 1216 1858 832 847 1494 89 2011 3041 1250 1642 2542 1136 1008 1395 2164 2296 2812 2173 1022
1793 1922 2312 1931 651 2189 786 2326 1049 538 422 1456 945 946 1457 2352 438 1210 2491 1987 1352 1097 1994 716 848 2129 2130 2776 2777 2907 1755 2786 867 2410 363 365 630 631 1276 1405 255
1665 1668 2310 1673 638 2185 269 2062 142 2702 1043 1174 663 1690 926 2719 2085 2485 1725 1726 2493 573 1989 838 1992 2122 3019 3023 85 344 1758 607 2272 1390 111 1015 1783 2686
2820 1414 396 1169 2193 1172 2202 2847 290 1573 1452 2738 1719 2104 955 322 450 1604 1349 197 81 468 1496 1244 2400 993 1636 2920 1135 753 1138 2419 2422 2168 2302 1407
2693 2063 1810 150 2330 158 2081 677 294 2475 684 2861 1849 2618 2492 572 2376 1993 586 2635 2000 1104 1877 2648 2524 93 1121 2276 1257 2026 2794 2158 114 883 2293 503 2041 378
2560 1538 1675 2061 2068 2585 2459 160 673 1570 674 162 2607 1848 1467 2500 1735 2380 2765 206 342 1880 2012 2908 220 222 1760 2273 2404 2536 2157 1646 1906 1523 2805 1401 639
1540 1925 2821 2827 1932 1292 2574 1167 144 406 1048 1956 1578 2989 2867 1461 1722 1853 834 2244 1096 1745 1493 2392 216 3040 1635 1127 1512 1385 746 2411 1009 1265 2165 2551 2299
640 2179 773 1799 908 2317 2830 2959 2579 1561 410 1563 1532 159 2464 801 161 2467 2212 806 2343 808 2602 2103 1975 3003 1468 3009 1474 2939 1862 2503 1736 1865 1483 1742 207 2383 209 1489 2388 2901 2262 2519 221 2269 223 2145 1890 2790 488 2409 2538 3051 490 2156 2541 1777 1649 1526 1655 2550 2555 1660 2046 1919
1527 389 1030 2182 2570 2839 1689 2339 419 1572 1706 299 428 1325 1331 1463 1079 2871 1978 316 1085 1860 203 722 1495 350 355 1252 1766 617 2544 626 1782 2807 2297 637
1280 2688 2438 2694 1546 1431 1688 2331 298 2858 690 2739 1460 949 1206 310 693 1595 2368 1348 460 1999 1492 2516 472 1243 481 1763 997 2278 613 1781 2039 2810
898 905 1422 1426 291 550 1831 1960 1832 1962 1705 2476 2477 2093 2094 1201 1202 567 3001 1340 830 1345 837 467 1366 346 1627 1628 1629 1891 1892 1382 103 1383 1386 1387 1515 2029 2030 1518 120
1155 1924 1672 394 2187 141 2703 1680 2451 1429 1945 539 288 2471 2866 1730 454 2502 2510 2254 2004 1624 1753 2397 1502 102 615 364 494 880 1013 249 2042
2048 515 1157 1163 2582 1687 2456 922 1949 1566 1441 2086 2728 553 2482 434 2613 1081 315 1083 961 2884 1605 1476 967 202 595 2773 854 1637 2022 2661 1780 373 506 892
2561 1667 775 1674 1168 2833 2963 2069 2197 2199 2588 1567 803 548 549 942 2354 1075 2355 1727 582 2126 1358 2128 1757 989 1128 2153 1392 1907 2934 1535
1656 1421 526 1303 1306 2207 1183 1191 431 2998 321 196 1611 1747 853 1621 1750 2918 870 873 1900 1901 2673 374 1144 2428 1150
261 271 783 2450 1171 1699 2347 1453 1970 1846 2231 442 957 2631 2632 328 1873 2513 2641 2134 87 1497 2654 95 995 2019 871 2414 2159 2415 1137 502 1784
1281 133 390 2181 136 777 2569 2826 780 1549 2190 2313 1039 1297 1045 2838 1064 2606 302 1076 1977 2375 2508 1876 2006 2009 349 1507 1002 875 2923 625 2166 1528 1018
1420 2325 791 2844 2845 1823 2721 1826 2337 932 297 1449 173 2745 972 589 718 719 1619 1378 2915 1122 3044 358 234 1130 2300
899 2452 1942 2070 2587 1313 1454 2486 956 1212 445 831 1861 1606 1870 2255 2135 1498 347 2525 352 2401 994 1248 1638 105 109 2545 1020
385 1930 1179 1308 2209 1446 174 2990 947 313 186 2619 2620 2494 1342 1217 2753 1991 200 2642 1239 2659 1898 2413 623 1648 886 125 511
902 2442 2575 1430 1050 1307 2591 927 2469 1957 1447 2088 1967 944 1205 1090 199 1737 588 2764 594 1748 602 2523 608 2658 232 2025 1903 2426 2044 1277
896 1284 901 1800 910 2962 2322 2837 792 1023 415 672 2849 2345 2603 3000 2106 2238 2175 3008 2251 844 2769 978 2772 984 2270 96 228 2150 359 3050 1003 1134 239 112 2167 2682 1148 2174 2047
512 1921 2188 1677 2445 1178 540 2462 1065 1194 429 562 2100 1077 314 2239 201 717 2386 211 2260 982 1752 992 357 2154 619 367 1145 126
2065 2455 1943 1948 2974 1827 2473 1708 1455 1716 1470 1607 1098 331 332 1099 1871 2256 1488 2136 1499 2139 1639 108 2295 2301 894 895
2304 1541 134 778 2329 921 1052 157 1182 2082 1579 941 1207 827 2365 320 2369 195 1092 2431 1481 1610 2001 2132 1113 737 2290 1279
2432 2178 1795 1165 528 1437 1312 546 805 2470 1321 433 1084 1213 1477 711 855 1501 609 100 1125 1647 1271 376 2043
1796 517 1807 1808 2191 403 404 533 534 1940 536 2200 793 1941 1565 1697 1698 2723 1061 812 689 819 2748 1597 2751 969 458 1355 971 337 1491 980 2137 3037 3038 227 2148 2280 2281 500 635
1152 132 1300 2592 2598 2601 2089 1581 437 1211 1603 2247 2248 1996 1997 846 849 596 1881 1756 348 1117 2537 624 2161 1275 2172 1151
1920 776 2194 154 1185 2211 931 1062 2170 1069 1710 1840 2740 2105 2495 835 2125 2259 2900 2131 2265 2398 2532 486 1255 1644 2421 1014 2938 2556
2440 1929 266 2828 2577 1432 2208 2593 1959 2090 1969 2235 574 192 193 707 709 2119 839 841 1608 2521 2279 1897 2027 2412 2038
2309 262 1040 2705 2707 1815 2083 2599 807 1320 1847 319 194 1990 1995 2512 1490 2389 1879 983 2535 2160 2291 379 1533 1534
904 1443 421 934 935 936 1841 2487 833 2754 2755 836 2373 2758 2759 1226 1227 2507 1357 3021 3022 3029 3030 1371 2526 353 2402 2533 362 877 763 764 1021
2306 1542 1287 521 523 2315 1053 2210 1700 1580 179 181 1078 952 1598 1093 2522 1000 1640 2028 248 1785 250
1927 1679 1046 2338 1315 292 2600 2553 2226 2227 568 1209 1214 958 1602 2117 1094 1739 1998 1754 996 1765 1273 252
1928 2444 2067 1559 2586 1314 813 2614 1466 443 1215 1473 449 1347 2370 1350 1613 1242 219 1245 2144 2023 2554
2562 1288 2457 1946 1433 2335 2731 951 569 2377 2506 2634 2250 2509 1874 2258 2005 217 224 226 999 1908 1270 122
2049 1670 1160 520 1037 2581 2206 2080 1319 2612 2362 1728 977 3028 2517 863 2021 2277 489 1513 1899 632 1010 2292 2040
130 283 1834 2987 1836 1587 948 2490 2363 2621 710 1224 1225 2639 592 728 1764 749 751 2033 2035 116 885 2430
2176 771 772 1548 1044 2333 1055 1328 1329 1330 2361 2109 705 865 2406 1769 874 1770 881 882 1139 1521 633 251
135 391 2441 779 542 301 1966 2222 2223 1709 1973 2230 822 1592 2110 1599 1112 1253 1641 2922 113
1025 1666 1671 1034 1556 2454 2458 1947 2340 551 2087 176 2483 1723 1724 575 1731 1734 86 987 91
2437 909 912 913 412 284 413 671 1318 2221 1070 685 1088 963 2381 973 2382 974 1124 2420 2937 123
2051 1156 2447 2449 2066 1042 661 2583 1188 2472 2350 1589 1486 1500 1119 2018 231 245 1791
2497 1537 1569 1545 2890 1291 940 559 145 1586 1238 1625 826 1564 1341
2183 2060 1551 164 1189 686 2615 828 2364 190 1087 706 2243 1480 1110 603 2274 2024 1258
2627 644 1623 2504 457 525 366 1263 147 979 2163 375 1305 2140 541
954 986 153 708 1067 621 1293 1519 2192 1652 311 1560 2393 1850 2395 668
2626 2307 2308 2883 2629 166 1035 1711 658 659 755 756 149 83 84 2714
1251 645 1576 106 939 2605 1517 1550 1017 1653 825 2010 2653 1054 191
1633 1026 295 1063 1033 1772 823 2257 851 439 729 795 188
1056 1440 2114 98 1294 499 1173 1654 2423 1720 601 924 152 604
545 1283 2215 1066 2123 876 1740 238 1487 1584 307
2624 2233 1574 1129 2766 975 2638 1683 1684 2678 2201 2138 1471
1024 225 198 678 1511 169 1482 171 2324 1114 1596
738 1733 1575 1609 1290 524 2935 1142 247 118 1622
1506 1508 1478 1256 2217 1296 2228 1176 670
1184 643 1317 1620 1302 727 2141 1439
289 1354 1516 397 1327 1264 1713 1617
2240 804 2245 1005 1585 1555 2651 1118 543
1505 646 2151 459 336 600 889 189 2367
612 2116 1448 1744 2298 2396 1247
2241 1704 330 1459 508
2501 2407 2988 2316 2418 1524
1520 172 1149 1423
2463 1019 620 2799
960 769
476 1181
2640
2319
