81 103 2782 811 97 1627 1160 2454 1016 1505 847 2400 1174 1887 2573 2547 1112 813 1061 124 725 450 1587 1612 2732 444 1546 1143 2903 1110 1864 2540 2880 2904 2419 2681 2729 2434 2917 2919 130 1482 1408 2741 2773 2777 2746 305 306 1693 1694 1910 1933 1950 1965 2558 2563 2566 666 2387 2359 2803 2804 2806 2808 979 989 1012 1075 1149 329 369 385 448 455 902 2850 2875 695 696 1235 2479 598 688 700 859 1374 1410 727 2447 254 577 651 692 747 2870 2893 2948 1234 2478 380 766 1804 2967 2970 564 2764 1232 1233 400 2966 2971 49 60 265 552 23 55 7 38 50 18 64 10 63 19 39 2008 2589 28 70 69 2007 2590 1805 3011 0
85 113 2747 2748 592 87 590 1629 1451 1635 2124 2452 1457 2244 1963 752 754 756 840 1506 278 115 2673 488 822 2433 1592 2420 2165 1400 2294 2762 1571 1845 2755 490 838 2200 2372 255 1397 2703 2716 2853 1961 2981 1683 1684 1843 1915 1917 1936 1938 2029 2030 2280 2281 2476 2477 749 751 755 1394 1396 1828 2754 3022 1512 1565 1582 1706 1709 2215 2486 257 515 1371 2885 2922 757 758 1697 1882 1884 1386 1387 1807 1808 1825 2911 3021 823 2397 280 383 516 1418 2096 2813 2890 2921 2809 2811 2912 2914 2916 387 1413 1698 71 323 2785 4 44 51 58 59 27 31 24 5 37 2014 2015 2013 2016 30 29
89 109 586 806 978 1014 1156 159 1182 84 820 2263 2212 1731 2451 619 1921 2214 2584 1517 2601 1540 1668 1976 2019 2595 1532 2005 1420 398
95 121 543 2667 1154 2450 2641 2664 546 864 2617 2108 2360 709 116 122 1107 1106 2431 2648 1934 2564 2299 2489 156 723 1133 2430 2855 2985 1833 2036 2529 2596 2098 2675 2645 2646 152 2443 2636 2638 2635 502 2099 2357 1224 1225 2480 2481 765 1797 2674 3015 94 293 328 415 871 2095 2665 2678 2872 2929 303 304 665 774 2356 2528 1259 682 876 2670 2926 2982 672 802 910 1802 1806 3018 2233 379 673 6 36 40 14 41 73
99 117 105 804 2150 83 153 2264 330 1870 1876 1023 1062 1780 1988 1384 1498 1385 1496 1666 1679 1799 2835 1026 2799 1677 1782 1994 2080 1999 1369 3007 3024 1147 2409 3036 2086 292 1029 1145 1388 2418 1381 2838
108 705 2941 2772 568 251 986 1487 992 1489 1617 2154 2240 1146 706 1140 1619 1867 2700 2828 2333 1589 2239 1438 1616 889 1329 2742 2220 2701 1618 1436 2947 1935 1583 1937 1953 1955 2899 2943 2957 1100 1114 2115 325 560 2662 2770 1198 1335 1661 1778 1869 1952 2074 2076 2342 712 2268 1391 2721 2830 2958 3012 927 1139 1331 1768 213 263 429 857 1370 1402 2693 2987 2991 402 906 1203 1346 1664 1954 713 1389 1393 1814 2745 2790 2993 2994 1772 276 368 653 1405 2877 1789 1834 1836 408 771 1811 3054 62 334 407 772 2739 43 77 549 15 20 32 25 26 48 1 1986 2078 68 79 1985 2079
154 107 144 143 956 994 1453 2176 2123 2178 2369 1497 1272 1271 1115 1395 2990 3039 740 1193 2928 2894 2992 67 72
161 326 996 2543 933 1034 1152 1136 2545 273 139 138 2403 1989 234 1480 2117 1715 2137 1904 1137 272 2968 2600 1746 1275 1673 2568 2598 82 1574 2196 406 195 2570 2816
169 547 2672 1004 841 1186 593 947 786 365 538 2306 2491 2507 2251 2323 438 1926 1931 1580 1786 1701 1542 848 2907 2552 2410 2304 2915 2021 2612 2097 2986 862 2245
177 551 1008 91 623 1184 935 427 467 212 93 1411 480 2867 2609 2071 2902 2843 2852 2905 2906 870 384 877 2056 2057 634 453 2052 2054 556 3045 2864 2865
185 559 2164 2112 101 2127 631 2266 256 324 842 378 2974 1891 3019 1892 3006 3046 360 562 878 481 554 579 3000 3029 3030 797 2962 75 277 52
190 567 2258 1427 188 566 869 475 1653 1180 1322 2682 667 1551 2860 1041 1398 2181 1718 1767 2190 742 180 182 2879 1832 1913 1200 3047 2336 258 648 650 681 868 2661 2931 423 424 918 917 1339 1831 1911 2032 2034 2267 2344 461 744 462 2862 2933 312 473 1058 1265 1320 1530 279 544 1197 1338 1896 1981 1983 2075 532 2671 2684 2959 3003 3013 3055 1066 487 2658 2876 2889 3001 1894 2073 465 466 531 2886 2897 310 669 1035 545 8 9 56 17 53 78 66
217 224 2963 226 582 1443 1128 1168 1957 2575 1109 1302 659 2536 170 168 1206 1280 2157 2711 1923 1848 2186 1732 1907 2049 2561 2581 930 2513 1820 2936 1079 2223 2325 2425 2765 1880
834 2833 2823 632 2696 1467 218 970 964 2140 2182 633 1036 1523 1855 1001 1268 2302 2498 1713 1325 1524 344 1039 1258 2408 2717 2878 2033 2035 881 882 1502 2183 2384 2517 1857 2399 307 843 1399 1404 2104 2698 2719 2814 2818 2836 2882 2892 1823 2868 2869 3033 3035 1011 2167 428 563 2680 2888 3044 1222 1223 1691 1692 1895 2286 2287 533 534 739 741 1819 1826 2795 3020 1319 1762 2339 1893 1380 1817 2796 3017 46 1037 1038 210 22 34 13 54
2940 129 609 595 884 587 945 939 2129 603 2373 1844 2120 1842 416 164 1105 1111 1267 1324 123 2692 2301 2217 1257 1318 2759 2235 2497 2338 158 1131 2368 2516 1835 1837 492 720 721 2758 3032 274 284 924 340 483 2697 2718 2725 2775 2708 2709 3034 2435 2751 493 42 2659 45
3048 252 745 216 775 950 2376 1446 943 1533 1032 998 1877 1743 1810 1632 1556 530 2998 1771 373 65 2927 74
3053 591 573 529 575 1028 1614 2335 1725 1794 1774 2353 2193 1636 2457 1773 2327 2277 1756 1906 1996 2187 2494 1788 1912 2896 1406 2270 2334
2976 127 313 137 839 932 966 866 928 2456 290 2256 1165 1872 228 309 1720 1703 1724 1927 2402 1173 1468 1557 2633 2292 2482 2473 788 2103 1550 2149 495 197 2275
2832 601 2935 677 288 394 728 812 990 2388 337 2307 2279 2038 1127 1159 1167 2191 1430 1924 2066 2526 2472 443 1486 2724 1033 1074 1358 1462 1494 80 2077 2580
135 319 145 356 1939 1594 808 1603 1118 1466 2422 1559 1740 1289 2942 1080 1734 2383 2503 2951 1862 2438 1373 1376 1472 1573 539 410 1919 2046 680 1367 1414 2857 961 2727 16 47 61
194 513 388 626 1871 616 396 1943 1126 371 1312 1243 750 2202 2463 987 1488 1744 1552 1652 777 2405 2499 202 2873 965 1056 1555 2139 2018 1072 3031 2059 1534 2756
200 779 350 300 354 1849 1973 2458 2378 215 789 241 1005 494 1020 2445 1021 1261 2510 1620 2061 196 1722 1520 2821 2792 2999 2401 2485 361 370 2767 2801 1003 2495 511 426 2847 2977 2020 381 791
621 605 542 880 931 639 311 131 106 2317 1721 2044 2469 1761 1526 2599 2017 1634 1764 1751 1995 2349 484 1678
629 613 550 890 873 656 1042 753 1745 1719 1528 1705 1990 2508 514 316 2309 128 2006 2197 1608 203 1218 1311 1640 2024 2615 1598 1240 1343
2827 585 724 206 1473 1150 1529 425 1083 1292 1009 102 1560 2320 2203 1157 1962 2743 3025 120 249 1735 2249 382 2783 1230 1960 2053 2909 2910 2972 2973 3027 524 482 510 2884 703 704 1231 1916 1918 2055 1624 561 57
2752 683 1940 1941 1596 845 1511 2679 1006 1120 2162 1117 2225 694 1883 2738 499 523 1085 1084 969 1742 2210 1856 1563 225 250 498 1078 1854 1885 2282 1695 1696 2797 2798 3026 229 959 1287 1293 1564 503 581 770 267 275 660 2740 2826 1226 2283 718 719 2211 2945 1474 2143 2315 282 469 2728 2851 2856 1227 2944 637
641 485 1000 1495 662 952 1119 675 1463 345 1082 2375 88 743 2365 110 1704 2313 2069 2588 2634 1791 2314 3043
646 602 2694 1602 620 569 1435 242 1846 2159 1099 1065 1057 2151 2492 1352 1993 2652 2934 2605 1736 2145 2010 1285 1357 1588 2496 2011 2608 856 1984 2611
658 610 600 1445 944 942 1044 644 2404 691 596 1296 1307 198 1297 584 2500 1298 456 571 925 2505 1822 1821 235 2370 1306 2687 2735 911 1776 1295 2363 411 270 372 1401 2776 2778 1202 1345 1659 2465 2520 496 2863 3008 3009 3051 3052 589 253 447 903 414 914 404 497 2760 2887 3010 3050 1428 1747 266 335 2734 2737 403 76 11
664 622 608 946 936 2374 1449 1531 1281 283 963 2780 1081 520 795 240 244 1333 3049 233 2423 1419 386 1071 359 2822 1841 1889 2533 2538 2549 1377 2467 418 916 2519 2789 1199 1336 2817 297 1417 792 446 413 913 1337 2602 2610 909 479 548 2704 2839 1196 1920 2072 2556 671 920 652 2938 506 2699 2900 3
670 630 628 934 940 1447 1030 668 1525 1527 649 1434 1288 923 1294 247 421 1737 1738 248 1739 422 614 1375 1415 1838 477 478 2047 2603 1748 1755 701 2530 679 887 888 2712 2713 612 1300 1303 875 702 2058 2604 919 1366
2766 187 219 893 960 1503 1471 1010 1611 1148 1651 1188 1301 333 1516 2825 2642 2574 1956 2090 1022 2593 2689
817 486 803 2714 1507 1002 2166 1018 835 2398 2180 2406 1484 420 1089 981 2812 1247 991 1572 1650 2461 748 1177 2466 2518 2147 2984 1868 867 2385 2705 2786 2861 2791 2831 2834 2960 3004 1254 2257 2421 214 504 2815 2920 1663 1866 1980 1982 3005 3042 318 2871 2201 211 308
685 243 2565 1122 208 1469 678 1595 2436 2637 2380 1863 2623 338 209 332 491 1562 2527 2656 1073 1561 2676 2622 505 2788 908 2901 2939 2379 2424 1412 2726 1777 1660 2092 2539 2555 2616 2644 2946 2955 3014 3056 346 1353 1792 343 509 2750 2956 2655 570
689 794 1593 245 2142 1116 954 686 2228 2437 2382 393 1256 90 1027 1317 900 1770 295 2169 2175 171 445 2341 1220 1681 2288 2289 1682 2358 2846 642 1711 1500 2753 2688 1886 2546 899 1514 2515 1888 2037 2548 2597 2844 285 1013 580 1365 761 1221 929 1360 1801 1803 2845 165 1465 2953 697 698 762 358 2107 35 2105 599 236 21 12 2
693 767 708 2621 974 1124 2639 342 574 222 1101 294 1390 2475 2063 1569 1676 1759 2913 1537 1901 2428 2509 2347 1813 2272 227 2062
776 2866 1481 2128 948 980 1959 1166 2577 1095 1047 793 2161 132 828 1928 540 1672 367 1730 1305 2352 2022 2554 1850 2393 2613 405
2702 2666 858 553 676 555 2677 2587 1590 1548 2070 1726 2329 2781 2592 2001 2089
710 348 111 2537 684 624 611 535 1610 1249 2308 463 1929 2412 1350 2918 1096 1504 2524 778 1245 1048 134 1644 2800 2119 2026 1881
726 2669 732 2685 1424 865 558 2111 1621 2236 419 457 674 199 645 1356 1060 352 1031 1355 1054 1796 412 912 2995 2683 1951 2557 2567 1779 2345 204 1750 2192 647 2925 1201 1340 417 915 1662 1890 2550 1800 2106 2326 578 635 1909 1378 661 2858
730 119 769 2152 816 2138 2238 801 1204 999 1046 907 1064 572 1793 2525 1654 1671 625 1628 2459 1541 1097 3002
734 819 1875 938 2109 2462 1949 1125 1129 149 2113 1687 1754 854 1922 2553 231 133 1276 1076 1795 2133 1151
738 810 1499 690 863 1477 1501 1431 1459 1455 302 390 746 997 949 967 879 1015 985 2331 1077 2303 2206 1049 2487 588 2650 1899 1991 1998 1688 1781 1948 2455 489 2216 2247 125
618 736 2160 1633 2629 2371 1123 1847 1135 1169 1185 832 1717 541 852 2189 2710 432 221 2316 366 1674 1757 1852 2391 2348
2969 814 821 976 1479 2625 2820 2254 1967 392 399 1286 1098 594 232 140 798 2651 239 2618 1946 1575 2229 1733 2003 2042 454 759 790 1362 1830 1432 606 1372
825 1879 2130 972 1439 1458 2627 1132 1521 1657 1639 1607 2535 1205 1277 783 1291 897 163 147 1543 376 192 528 2084 2484 1577 2253 2039 2278 1539 2259 1163 1255 2322 1944 1581 657 2395 296 2361
796 1853 2156 1625 1509 1645 1040 1641 1448 1599 2392 1278 100 336 114 1088 184 971 1262 1900 1282 2207 1052 1092 1787 2534 440 1702 850 1966 452 2177 2453 320 2441 2624 1878
1861 1461 1631 1164 1162 1851 268 768 521 1103 1584 1187 189 2050 1392 1728 2891 1189 2954 1686 861 2774 2980 1229
2394 1623 1176 2250 2248 968 1273 1209 430 2952 223 973 2174 2173 322 1464 1175 436 1622 1364 2840 33
2148 2134 2252 962 1422 2126 2168 1450 2643 1979 2571 1873 1113 597 500 844 895 459 1252 2502 1091 2468 1063 314 377 527 2045 201 883 1478 1051 1211 1752 362
827 2132 1513 2226 2444 874 1969 2440 2619 951 151 953 104 1007 271 1576 172 2255 1942 1690 885 1519 1208 1274 1905 1992 2493 1536 1568 2082 805 1251 1783 2290 2559 286 501
982 984 2448 1425 2242 2184 1069 299 347 2198 2298 1554 118 2068 2585 2488 389 2101
1483 2246 1485 2144 1615 1613 995 1313 1212 957 261 975 2432 353 2261 207 2185 853 2231 2551 1161 1970 1925 2628 1908 2027 2521 1086 315 431 2562
1491 988 2390 1655 175 1444 1865 2541 640 2787 1250 2736 2031 2802 1228 1510
2146 1475 1421 1178 1194 183 1019 1304 2997 731 2163 2501 1403 1975 2579 2841 401 860 281 1237 729 1236 2950 2975
2396 2110 2170 2362 1134 1144 317 155 1191 1260 507 1270 2121 178 1179 2578 1974 2964 2883 2965 2978 341
2386 926 1423 1442 167 1597 1601 1643 1859 1050 1090 1470 259 1068 846 191 2490 2213 2040 1263 983 1315 1460 1978 1214 2295 1492 2065 1898 237 298 2209
922 1429 1441 607 1647 1190 636 1266 921 1181 174 470 891 173 1264 2715 2989 1440 1712 1723 179 186 892 1646 1656 2657 714 715 763 764
1433 615 2114 2446 2234 2366 1130 1609 2983 141 1316 818 2988 2474 2064 2407 617 1363 355 2730 2686 1522 1769 2514
886 1426 2224 2364 1121 1649 1626 836 2632 837 522 2337 2649
2122 1437 941 2131 2125 583 2116 2532 1840 435 2769 565 1284 264 2731 2768 1283 1741 2205 1630 2321 1087 2102 2346 2271 1153 2690 1798 2572 2706 291 1839 2531 799 1416 2720 2744 2749 1964 800 2761 2779 327
2118 2260 1142 2227 1945 1341 1238 1354 262 809 2504 1476 2194 181 2188 2085 512 126 1578 1067 1997 150
2464 1192 2262 1493 2158 142 260 894 707 2241 1025 357 2284 1269 1454 722 1452 1383 2854 1379 1326
1637 1456 1605 1104 162 1351 604 1347 112 2041 2276 2389 2297 1290 1242 1330 301 526 1241 1344 2330 2300 1579 391 474 374 2000 896 1545
2620 937 2136 773 1323 717 1108 2763 831 2630 3040 2647 2695 1707 716 1215 2923 2654 2784 2842 1409 472 557
1158 2460 2442 958 1308 1217 193 815 146 98 898 1667 2218 2195 1727 2087 1604 136 2483 780
1138 1971 2232 1172 1342 955 1239 993 517 96 2172 157 833 1708 2810 2091 2594 3041 2544 1860
1977 1170 1094 2135 220 160 205 339 872 460 1648 1141 2208 1815 2924 2996 1818 1858
2569 1947 2230 1348 1213 92 148 2222 638 519 2310 1824 711 2586 2043 442 687 2204 2004 2273 2961 826 2155
807 1070 1155 238 518 2028 2522 2318 2319 2312 1987 2332
977 824 654 363 905 2171 737 904 1753 735 1680 1024 2351 3016 2691
1299 1328 451 458 2626 643 230 1216 855 1638 1310
331 1321 86 901 1518 176 2794 2470 508 2471 699
471 269 2153 166 1359 655 1045 829 468 1043 1716 2094 1685 3037 3038 246 2895 2093
1332 1183 1017 733 2179 1586 1055 433 1766 2324 2511 2449 525 1700 1968 375 2439 1785
782 1749 830 663 2354 2199 2025 2523 2606 2009 2291 1765 2083
2859 2221 2416 2824 2429 1902 449 2367 1689 2949 576 784
2979 2417 2381 2723 1059 2141 2340 781 1760 1606 1816 2837 1382
2355 537 1248 1566 2668 2296 1253 1538 1570 2757
1368 1508 2237 2243 1053 3023 364 2512 2640 434 2631 2881
2414 2930 2415 1544 1327 476 441 1314 2328 2805 2807 2848 2793 1244
2771 1827 1549 2849 1714 1812 2067 2088 409 2898 2607 2614 1829
1210 1930 2413 1585 2265 1246 1515 1407 1535 1567 2506
1729 2305 2293 2081 1669 1784 2219 2100 397 1219 289 849 437 3028 1699
439 2874 1558 1102 287 395 851 2274 2060 349 1349
2350 2819 1309 2411 1932 1171 627 1763 2051 2583 351
1903 1093 2560 2426 536 1670 1710 2012 2591
2343 2427 2311 1600 1675 2733 1958 2932
2285 321 2707 464 1490 1665 2829 2663
2542 1553 2048 1874 2377 2582 1758 2023 1591
1972 1642 1207 2576 1897 2908
1334 1809 1279 2002 1547 1790 785 1361
1775 2269 2660 760 1195 1914 2937 2653 787 1658
2722
