0 19 89 90 133 147 148 200 285 315 316 321 376 539 540 649 651 738 756 787 795 902 907 1082 1083 1143 1144 1226 1227 1358 21 88 134 796 1360 1365 1371 1425 1553 1554 1608 1609 1681 1682 1794 1 91 149 150 201 317 318 322 541 542 650 739 788 31 286 1797 2097 2108 2200 2201 2233 2234 2280 2281 2351 20 757 903 908 1084 1085 1145 1146 1228 1229 1359 28 39 1831 1915 1916 1954 1955 2015 2016 2092 2529 2557 2558 2570 2571 2589 2590 2616 58 63 2665 2670 2851 2870 2875 2905 2906 2941 2947 2966 2967 2996 57 62 2664 2669 2903 2904 2940 2964 2965 2995 69 1805 2675 2873 3013 3038 68 2674 2872 3037 41 2685 80 6
2 17 87 92 135 136 146 163 164 182 206 261 277 325 326 363 551 552 596 729 780 781 911 1078 1079 1139 1140 1230 1231 1356 183 262 1361 1362 3 139 140 165 166 207 327 328 364 553 554 730 278 1807 1808 18 782 783 912 1080 1081 1141 1142 1232 1233 1357 29 30 1832 1833 1917 1918 1919 1920 1956 1957 1958 1959 2011 2012 2013 2014 2093 2094
4 22 81 82 85 95 100 156 184 255 281 282 295 515 516 643 777 854 1375 1397 1413 1415 1421 1559 1560 1614 1615 1687 1688 1792 36 132 601 1803 2095 2358 2361 2422 2423 2443 2444 2478 2479 2526 142 324 374 271 16 236 615 904 1068 1069 1129 1130 1216 1217 1355
7 32 167 168 169 256 276 297 366 371 413 414 441 442 724 827 867 885 1405 1798 2096 2102 2109 2172 2245 2246 2282 2283 2315 2316 26 341 583 1377 1411 1419 1423 1519 1632 1633 1683 1684 1742 1743 8 155 216 310 349 905 1022 1157 1158 1222 1223 1287 1288 35 889 1801 2107 2112 2175 2255 2256 2288 2289 2321 2322 191 899 1033 1163 1164 1293 1294 65 74 1960 2051 2572 2603 2667 2679 2840 2849 2952 2972 2973 2989 2990 3025 3027 3043 64 75 1961 2050 2573 2602 2666 2680 2839 2850 2970 2971 3024 3026 1888 2548 2845 2991 2844 2988 52 2657
10 37 101 105 107 112 121 122 192 274 319 338 342 351 352 527 528 579 785 1804 2357 2359 2362 2424 2425 2445 2446 2480 2481 2527 109 110 337 102 143 1074 1075 1135 1136 1351 11 106 123 124 193 275 320 353 354 529 530 786 9 217 350 906 1076 1077 1137 1138 1224 1225 1352
13 38 94 120 145 170 171 176 287 373 377 419 436 618 619 695 815 884 1368 1802 2100 2356 2360 2430 2431 2449 2450 2465 2486 2518 34 162 401 1366 1800 2106 2111 2216 2217 2253 2254 2268 2297 2343 174 1575 1576 1622 1623 1658 1707 1775 204 205 400 439 647 648 704 849 14 198 892 909 1112 1113 1153 1154 1198 1249 1338 71 2029 2595 2676 2886 2889 2920 2921 2960 2981 3000 3005 3042 2888 2891 2959 2982 2999 1933 1934 1984 2077 2563 2564 2580 2611 79 2684 2942 2943 59 2663 2673 2855 2896 60 2662 2897 70
104 115 153 190 222 223 232 233 348 389 409 410 725 726 898 1386 1387 40 1412 2105 2618 2619 2642 2643 2645 2646 2648 2649 25 1398 1432 1433 1648 1649 1693 1694 1714 1715 292 293 296 855 33 2115 2116 2261 2262 2284 2285 2303 2304 251 67 72 2709 2713 2724 2728 2956 2978 2980 3019 3022 3039 66 73 2708 2712 2725 2729 2975 2977 3017 3020 2987 2992 44 45 2714 2715 2718 2719
116 125 129 329 330 339 421 1369 119 188 189 239 240 334 335 386 700 837 1816 1818 2119 2120 2269 2298 2344 2355 1962 1964 2030 2031 2703 2707 2722 2723 3002 1963 1965 2702 2706 3001 1838 1839 1840 1841 1985 1986 2078 2079 2720 2721 2744 2745 2746 2747 3056 3014
128 137 161 394 818 735 1403 1815 151 252 258 1385 42 47 2686 2693 2748 2752 2763 2776 2784 2786 2793 2817 2825 2827 76 2985 3010 3052 3053 2836 2957 2993 2854 2841
141 157 202 203 267 299 323 399 402 489 490 555 703 734 848 927 928 1161 1162 1200 1251 1334 27 99 312 1367 1378 1420 1440 1441 1634 1635 1662 1709 1789 1796 196 197 247 248 388 392 657 702 843 24 273 1373 1409 1430 1431 1624 1625 1659 1705 1776 1790 15 199 893 921 922 1155 1156 1199 1250 1339 1354 1834 1835 2530 2531
178 179 228 229 265 266 304 305 383 455 697 825 887 888 113 270 890 1817 1819 2099 2117 2118 2354 5 118 180 181 230 231 269 306 307 384 698 778 826 929 930 1201 1252 1335
186 187 237 238 264 301 332 333 368 385 655 699 836 1417 1434 1435 1628 1629 1663 1703 1778 154 654 895 1418 1829 1830 2640 2641 2644 2647 2655 2656 23 114 300 1388 1389 1436 1437 1630 1631 1664 1704 1779 1793 12 144 172 173 224 225 378 696 776 816 260 814
210 211 279 289 493 494 891 1363 1404 1414 2098 138 821 1897 1898 1976 1977 1364 1400 220 221 420 503 504 1050 1051 1173 1174 2677 2813 2814 2865 2867 2955 3041 3044 2816 2866 2868 3049 2682 2829 2832
214 215 226 227 280 365 407 408 456 480 602 626 694 723 1823 1826 2104 2367 2368 2463 2464 2467 2493 2494 2520 573 1399 1407 2263 2264 2305 2306 1652 1653 1718 1719 152 1380 1381 1646 1647 1712 1713 208 209 913 914 1177 1178 1197 1255 1256 1340 1980 1982 2033 2035 2962 3004 3008 3046 1981 1983 2032 2034 2961 3003 3009 3047
218 219 291 303 501 502 743 896 2101 2379 2380 2505 2525 440 894 967 968 1306 1537 1538 1642 1643 594 595 790 2141 2142 2327 1048 1049 1167 1168 1539 1540 1636 1637 46 2826
241 242 415 416 627 636 784 874 897 1821 1822 311 1024 1191 1192 1202 1269 1270 1349 425 426 644 664 665 879 1426 1517 822 824 1827 2672 2843 2847 2671 2678 2842 2848
290 331 355 356 565 566 900 1032 1119 1304 158 2628 2637 2652 1383 1450 1451 1722 1723 661 869 875 2173 2228 2325 2353 957 958 1279 1280 2133 2134 2309 2310 61 2794 2798 2838 2795 2799
343 359 360 575 576 658 1370 1515 1596 1749 736 1127 268 1520 1599 1756 873 259 1799 1846 1847 2046 2047 1852 1853 2040 2041
367 372 465 466 513 514 582 774 864 1390 1408 1811 1814 160 886 997 998 1070 1071 1374 1394 1396 1410 302 2153 2154 2194 2195 2271 2346 979 980 1066 1067 1118 1196 1337 1820 54 2727 2750 2751 2846 2856 2899 2931 2935 2944 53 2726 2857 2898 2930 2934 49 2681 2789 2831 2833 48 2788 2830
369 375 379 380 435 505 506 719 720 1510 1511 117 819 1015 1016 659 1406 1512 1513 1561 1562 1616 1617 1689 1690 809 810 2167 2168 2208 2209 2241 2242 1884 1885 1886 1887 2738 2741 2770 2773 2740 2743 2772 2775 50 51 2806 2808 2809 2811
395 396 603 604 945 946 1291 1292 98 313 901 1372 637 130 1921 1922 1999 2000 1845 2055 2668 2771 2774 43 1844 2054 2902 2907
423 424 437 531 532 632 633 1402 2125 2126 2220 2221 2270 2301 2302 2345 127 941 942 1108 1109 340 1376 1416 1446 1447 1591 1592 417 418 521 522 630 631 943 944 1110 1111 1203 1271 1272 1350 1837 2037 2533 2597 2710 2765 2768 2926 2929 1836 2036 2532 2596 2711 2753 2785 2924 2927 2764 2769
431 432 557 558 645 646 1100 1101 1265 1266 175 1382 1454 1455 1579 1580 1660 1777 111 346 347 429 430 545 546 640 641 314 2131 2132 2218 2219 2307 2308 253 254 935 936 1106 1107 1259 1260 1843 1842 1935 1936 1937 1938
443 444 467 468 838 839 985 986 1038 1039 1391 1393 1395 1806 2528 453 454 477 478 852 853 2178 2179 2317 2318 1392 55 2704 2820 2822 2862 2879 2882 2892 3006 3050 56 2705 2819 2821 2863 2893 3007 3051 2878 2883
447 448 471 472 844 845 1401 1484 1485 1523 1524 1738 1739 823 393 445 446 469 470 727 728 840 841 2864 2869 2803 2804 2801 2802
451 452 475 476 850 851 1824 1825 1828 93 159 977 978 1028 1029 1195 1336 449 450 473 474 846 847 999 1000 1044 1045 1297 1298 1813
461 462 485 486 832 882 1810 126 308 983 984 1021 1122 1236 1237 1285 1286 820 2945 2946 2951 2950 2689 2688
497 498 499 500 733 1444 1445 309 479 1253 1565 1566 1706 1791 1809 1812 2127 2128 2204 2205 2295 1254 2756 2757 2922 2923 3015 3016 2760 2761 2762 2787
509 510 523 524 652 775 1060 1061 1460 1461 1555 1556 1661 1755 1788 1795 1384 533 534 549 550 2103 2698 2699 2933 2777 2932 2697 2700
519 520 535 536 660 1549 1550 2025 2026 2466 263 438 574 813 937 938 1056 1057 1302 1072 1073 1307 2482 2483 1913 1914 2058
547 548 662 663 789 1187 1188 391 737 1654 1655 1422 1458 1459 1193 1194 2375 2376 1905 1970 2998 1906 1971 2997 2056 2881 2880
569 570 674 675 811 1650 1651 96 249 250 272 1064 1065 1179 1180 1300 563 564 668 669 798 2190 2191 2257 2258 2267 2323 2342 1911 2659 1912 2658 2057
580 581 616 617 642 971 972 370 1474 1475 1585 1586 1598 1468 1469 1595 1747 2145 2146 2222 2223 969 970 1128 1858 1939 2538 2565 2733 2734 2797 2860 2861 1859 2539 2731 2732 2749 2796 2604 2936 2937 3029 3030 2914 2917 2916 2919
584 585 744 745 865 870 1318 1319 1763 1764 1472 1473 1516 1597 1773 1774 336 2823 2953 2954 2692 2792 2818 2824 77 2852 3011 3054 78 2853 3012 3055
588 589 628 629 868 1470 1471 1589 1590 2007 2008 2326 422 586 587 620 621 866 2226 973 974 1102 1103 1120 2001 2002
592 593 752 753 872 878 1771 1772 1322 1323 1476 1477 1685 1686 1765 1766 294 3033 3035 3032 3034
597 598 607 608 1009 1010 2352 1618 1619 2436 2487 1504 1505 397 398 605 606 1594 2237 2238 1088 1089 1214 1215 2561 2562 2587 2588
611 612 762 763 860 861 2143 2144 2176 2177 2334 2335 108 298 959 960 1326 1327 283 284 590 591 750 751 2336 2337 1324 1325 1862 1864 1892 1894 2887 1863 1865 1891 1893 2890 2073 2074 2075 2076 2701 2696
622 623 670 671 1716 1717 2294 2324 1042 1043 2402 1117 1525 1526 624 625 672 673 1746 2299 2300 995 996 1244 1245 2544 2545 2593 2594 2807 2810
678 679 705 706 1874 1875 2021 2022 345 1169 1170 2225 1498 1499 1701 1702 537 538 881 1121 2243 2244 1023 1062 1063 1248 1880 1881 2027 2028
682 683 766 767 1946 1947 2084 2085 923 924 2174 1606 1607 1786 1787 177 871 1267 1268 1301 2568 2569 2614 2615 2979 2976
690 691 770 771 2113 2114 2401 1708 1247 1710 1711 684 685 768 769 2171 1133 1134 1347 1348 1952 1953 2090 2091
709 710 791 792 1991 1992 2063 2064 1438 1439 2617 1514 234 235 877 1353 1210 1211 1314 1315 2272 2273 2328 2329 3021 3018
713 714 731 732 1907 1908 2403 1506 1507 1001 1002 2163 2164 1007 1008 1149 1150 1303 1899 1900 2546 2547 2828 2994 2986 2834 2835
715 716 799 800 2161 2162 2227 1995 1996 2069 2070 1500 1501 1593 381 382 2274 2275 2330 2331 1011 1012 1997 1998 2071 2072 2754 2755 2690 2691
740 741 834 835 1850 1851 2038 2039 1531 1532 1529 1530 1769 1770 556 1034 1035 1330 1331 1040 1041 1320 1321 1856 1857 2044 2045 2550 2549 2609 2610
748 749 1929 1930 2129 2130 2338 2339 86 511 512 746 747 2212 2213 1328 1329 1927 1928 2426 2427 2468 2469 2778 2779 2908 2911 2782 2783 2910 2913
803 804 1972 1973 2003 2004 2165 2166 2196 2197 103 525 526 1502 1503 1543 1544 1017 1018 1974 1975 2005 2006 2555 2730 2974 2556 2735 2969
807 808 2192 2193 2488 1950 1951 1518 1557 1558 405 406 2110 1299 1308 1309 1604 1605 1940
828 829 2202 2203 2235 2236 1508 1509 1569 1570 1620 1621 83 84 517 518 805 806 257 1005 1006 1090 1091 1147 1148 1234 1235
2151 2152 2259 2260 390 1488 1489 1486 1487 1551 1552 288 2149 2150 2198 2199 2265 2266 2578 2781 2912 2579 2780 2909 1860 1861 2540 2541
2363 2364 2442 2476 2477 2489 2490 742 1724 1725 915 916 1257 1258 433 434 491 492 833 1263 1264 1941 2694 2695 2949 3048 2948
2369 2370 2414 2415 2512 2513 817 2286 2287 559 560 571 572 764 765 1452 1453 1691 1692 1767 1768 931 932 1054 1055 1316 1317 2928 2925 2067 2068
2373 2374 2418 2419 2507 97 2088 2089 2519 653 2123 2124 2086 2087
2377 2378 2428 2429 344 1295 1296 1573 1574 459 460 1734 1735 1171 1172 2210 2211 2716 2717
2383 2384 2408 2409 2516 2517 2139 2140 2180 2181 1464 1465 1521 1522 1761 1762 688 689 760 761 858 859 963 964 1896 1895
2385 2386 2404 2405 2499 2500 2147 2148 2319 2320 1478 1479 1732 1733 463 464 487 488 862 863 981 982 1283 1284 2053 2052 1866 1867 1868 1869
2389 2390 2434 2435 2437 2042 2043 1104 1105 361 362 1480 1481 1577 1578 987 988 2048 2049 2742 2739
2393 2394 2412 2413 1878 1879 1612 1613 721 722 1610 1611 1305 2553 2554
2395 2396 2420 2421 2447 2448 1567 1568 507 508 2169 2170 1882 1883 2901 2939 2958 2900 2938 2790 2791
2399 2400 2457 2458 1925 1926 1583 1584 1675 1676 2247 2248 1003 1004 1159 1160 1086 1087 1204 1205
2440 2441 2497 2498 2206 2207 2506 1424 185 830 831 1942 1943 1123 1124 1273 1274 2963 2968
2453 2454 2470 2471 2365 2366 2514 2515 1428 1429 212 213 711 712 919 920 925 926 1968 1969 1989 1990
2459 2460 876 1854 1855 1545 1546 577 578 801 802 2296 949 950 1456 1457 1757 1758 2800 2805
2474 2475 2523 2524 2239 2240 1679 1680 1782 1783 883 1020 1669 1670 1784 1785 2837 3036 3031
2484 2485 2510 2511 2371 2372 2416 2417 933 934 793 794 939 940 1058 1059 1695 1696 1751 1752 2607 2608
2503 2504 387 2387 2388 2406 2407 1482 1483 1527 1528 975 976 1026 1027
194 195 245 246 457 458 656 701 842 2455 2456 2501 2502 1626 1627 1736 1737 917 918 1289 1290
403 404 427 428 856 857 2397 2398 2491 2492 1533 1534 1726 1727 411 412 2184 2185 1030 1031 2871 2874
481 482 561 562 666 667 2461 2462 1490 1491 1656 1657 243 244 1183 1184 1185 1186
543 544 638 639 797 2432 2433 1442 1443 1748 357 358 2214 2215 1098 1099 2600 2601
686 687 758 759 880 2381 2382 1602 1603 613 614 1466 1467 953 954 1019 1944 1945
2534 2535 2559 2560 1644 1645 567 568 609 610 1261 1262 1189 1190 1848 1849 1923 1924 2536 2537
2542 2543 2551 2552 1494 1495 1541 1542 676 677 812 1181 1182 779 989 990 1046 1047 2391 2392 2410 2411 2983 2984
2566 2567 2598 2599 1427 1563 1564 1125 1126 1275 1276 1131 1132 1277 1278 1948 1949
2574 2575 2581 2582 1587 1588 483 484 1966 1967 1987 1988 1025 1114 1115 1165 1166 1640 1641 1673 1674
2585 2586 2612 2613 1462 1463 599 600 947 948 1212 1213 1341 1342 2276 2277 2347 2348 2687
2591 2592 2605 2606 1547 1548 2017 2018 2059 2060 910 1238 1239 2508 2509
2620 2621 2631 2632 2653 2654 131 754 755
2622 2623 2629 2630 1671 1672 1750 2080 2081 961 962 1345 1346 2082 2083
2624 2625 2635 2636 2638 2639 634 635 2766 2767
2626 2627 2633 2634 1638 1639 1667 1668 717 718 1013 1014 1379 1665 1666 2249 2250
2650 2651 1740 1741 495 496 2155 2156 2224 2313 2314 1052 1053 1535 1536
1697 1698 1753 1754 680 681 2121 2122 1116 1246 1699 1700 2023 2024 2065 2066
1730 1731 1901 1902 1151 1152 1720 1721 2186 2187 1889
1744 1745 692 693 707 708 1870 1871 1092 1093 993 994 1492 1493 1600 1601 2759 2758
1759 1760 2137 2138 1240 1241 1310 1311 1242 1243 1312 1313
772 773 2182 2183 951 952 1343 1344 955 956 1448 1449 1780 1781 2877 2884 2876 2885
2135 2136 2251 2252 1281 1282 1978 1979 2451 2452 3045
2159 2160 2188 2189 991 992 1496 1497 1872 1873 1903 1904 3040
2231 2232 2311 2312 1332 1333 1728 1729 2683
2278 2279 2349 2350 965 966 1036 1037 1218 1219 1677 1678
2292 2293 1094 1095 1571 1572 2812 2918 2915
2332 2333 1096 1097 1208 1209 1931 1932 1993 1994
2340 2341 1175 1176 1909 1910
1206 1207 1581 1582
1220 1221 2157 2158 2009 2010 2894 2895
2019 2020 2061 2062 2660 2661
2229 2230 1876 1877
2290 2291 2858 2859 3028 3023
2576 2577 2583 2584 1890
2438 2439 2495 2496 2736 2737
2472 2473 2521 2522
2815
