0 4 1 5 31 40 28 39 42 43 64 74 65 75 119 123 120 124 70 69 217 218 271 274 273 272 280 281 282 279 329 399 398 490 491 488 489 584 585 614 616 617 615 644 645 694 695 696 697 698 699 745 755 746 915 917 916 918 1153 1154 1155 1156 1223 1222 1225 1224 1287 1288 1289 1290 1797 1806 1832 1833 1805 1964 1965 2011 2012 2054 2055 2099 2096 2113 2114 2251 2252 2284 2285 2313 2314 2528 2530 2531 2572 2573 2590 2589 2602 2603 2618 2619 2640 2641 2650 2651 2657 2645 2646 2694 2695 2698 2714 2699 2715 2718 2719 2731 2735 2730 2734 2952 2972 2973 2970 2971 2988 2989 2990 2991 3025 3027 3024 3026 3043 3013 8
2 3 19 20 32 33 29 30 41 60 52 62 72 77 110 112 138 139 140 141 157 159 163 164 162 161 68 79 206 207 208 209 435 437 478 481 483 480 486 487 546 548 704 752 754 808 805 807 810 850 849 886 885 901 912 911 1051 1053 1108 1110 1150 1152 1206 1207 1272 1270 1333 1331 1339 1340 1809 1811 1814 1812 1838 1839 1894 1896 1937 1935 1957 1959 1985 1984 2035 2037 2072 2074 2078 2079 2095 2110 2109 2179 2181 2216 2218 2240 2242 2268 2267 2302 2304 2335 2342 2337 2343 2658 2665 2676 2670 2683 2667 2682 2844 2858 2860 2878 2877 2886 2892 2907 2933 2943 2941 2957 2981 2987 2993 3008 3010 3046 3044 3054
6 7 21 22 36 37 83 84 82 45 54 44 71 76 80 85 96 97 170 175 171 174 323 324 418 477 476 492 494 495 493 607 608 609 610 812 811 848 847 878 877 1363 1378 1379 1380 1381 1403 1404 1407 1408 1444 1445 1446 1447 1515 1516 1662 1661 1703 1704 1749 1750 1776 1791 1777 1792 1825 1824 1826 1827 1840 1841 1842 1843 1891 1892 2030 2031 2057 2058 2093 2092 2371 2372 2357 2374 2373 2402 2403 2466 2467 2488 2487 2506 2507 2518 2526 2519 2527 2666 2686 2687 2754 2755 2762 2763 2776 2777 2786 2787 2784 2785 2846 2851 2855 2845 2854 3005 3012 3014 3039 3042 3052 3053 3056
9 14 23 34 35 38 47 53 46 59 67 117 155 234 233 415 461 599 594 652 653 681 668 680 768 789 791 846 958 957 1032 1099 1177 1195 1299 1334 1366 1368 1367 1360 1369 1468 1469 1521 1580 1644 1658 1746 1775 1800 1802 1801 1854 1855 1889 1930 1974 1986 2056 2077 2103 2106 2102 2107 2143 2145 2146 2144 2184 2182 2221 2223 2259 2269 2261 2270 2327 2326 2344 2345 2356 2383 2384 2404 2431 2455 2465 2505 2520 2540 2541 2549 2564 2578 2580 2604 2678 2611 2702 2705 2732 2767 2765 2789 2788 2816 2817 2824 2825 2843 2857 2861 2885 2894 2893 2906 2936 2942 2962 2998 3004
10 15 11 16 26 27 49 48 55 61 56 103 108 106 105 211 212 287 288 289 290 350 351 352 353 497 496 567 568 569 570 630 631 642 643 675 714 713 717 718 769 770 825 826 884 894 883 893 987 988 985 986 1064 1065 1066 1067 1122 1121 1201 1200 1335 1336 1359 1358 1372 1384 1383 1420 1419 1490 1491 1488 1489 1553 1555 1554 1556 1602 1603 1664 1663 1780 1781 1794 1793 1861 1860 1910 1909 1941 2094 2538 2539 2551 2565 2552 2616 2681 2726 2724 2727 2729 2748 2749 2793 2792 2832 2831 2830 2833 2859 2899 2898 2926 2927 2934 2935 2944 2956 2955
12 17 13 18 24 25 99 51 50 63 73 100 125 130 126 129 168 166 196 197 194 200 199 239 240 293 297 294 298 331 330 498 499 502 500 522 523 766 764 843 852 851 871 873 874 872 898 897 1009 1010 1011 1012 1020 1021 1137 1139 1158 1160 1199 1198 1259 1261 1349 1350 1376 1375 1416 1415 1501 1502 1500 1503 1517 1518 1608 1610 1629 1631 1660 1659 1722 1720 1778 1779 1886 1887 1888 1954 2032 2542 2543 2548 2570 2595 2685 2690 2691 2764 2783 2780 2791 2790 2818 2821 2835 2834 2839 2838 2848 2947 2958 2959 2985 2982 2994 2999 3009 3047
81 86 95 98 57 66 58 172 173 1377 1382 1405 1406 1823 1828 2662 2663 2673 2672 2674 2675 2887 2890 2889 2888 2911 2912 2923 2909 2910 2922 2976 2977 2978 2979 2983 2984 3015 3016
87 88 78 91 89 121 122 143 144 145 146 177 176 236 238 403 402 416 417 529 531 586 589 588 587 879 880 1398 1397 1417 1418 1422 1423 1529 1530 1527 1528 1695 1696 1697 1698 1737 1739 1773 1771 1831 1890 2075 2108 2176 2177 2299 2332 2529 2550 2605 2617 2629 2630 2648 2653 2659 2679 2677 2684 2836 2864 2865 2868 2869 2872 2876 2879 2883 2891 3017 3020 3032 3034 3040 3048 3045
94 93 114 113 832 831 1799 1798 1807 1808 1810 1813 1821 1822 2101 2100 2664 2668 2661 2669 2680 2849 2881 2882 2903 2904 2914 2916 2921
90 92 107 104 154 153 235 237 320 322 424 422 622 623 683 685 1365 1364 1361 1362 1437 1482 1593 1685 1686 1711 1740 1829 1830 1835 1837 1866 1868 1936 1938 1939 1940 2013 2014 2015 2016 2050 2052 2105 2104 2116 2118 2149 2151 2217 2219 2226 2225 2291 2292 2290 2293 2315 2317 2624 2636 2637 2649 2700 2744 2803 2804 2856 2930 2945 2946 2951 3019 3022 3041
101 102 118 221 222 252 251 299 300 301 302 344 345 348 349 573 572 578 579 981 979 980 982 1030 1028 1029 1031 1226 1227 1228 1229 1283 1284 1285 1286 1386 1388 1389 1387 1486 1487 1484 1485 1738 1736 1867 1869 1893 1895 2051 2053 2625 2697 2696 2801 2802 2819 2822 2820 2873
109 111 116 115 135 136 156 158 182 183 250 248 332 334 596 597 595 598 686 688 710 709 774 773 796 798 844 845 913 984 1220 1221 1263 1282 2148 2257 2363 2386 2484 2485 2493 2500 2642 2713 2779 2996
133 127 131 132 128 134 160 165 178 179 180 181 260 261 262 263 566 571 603 604 605 606 863 864 865 866 1017 1015 1016 1018 1052 1050 1234 1236 1237 1235 1271 1269 1723 1721 1882 1885 1883 1884 2034 2036 2708 2710 2711 2809 2806 2808 2811 2823
137 147 151 152 192 193 205 295 312 346 509 641 674 809 896 1390 2112 2185 2307 2308 2355 2895 3049
142 148 149 150 190 191 210 296 307 347 508 640 673 806 895 1385 2111 2183 2306 2305 2354
169 167 185 184 213 214 215 216 285 283 369 371 375 377 386 372 374 387 624 625 626 627 715 716 741 742 983 1014 1033 1264 1281 1401 1402 1478 1480 1509 1507 1525 1523 1524 1526 1682 1683 1681 1684 1713 1715 1734 1732 2385 2396 2405 2494 2499 2826
188 186 187 189 224 220 219 223 225 226 341 340 373 376 2554 2556 2553 2555 2599 2598 2600 2601 2753 2752 2782 2829 2828 2901 2900 2905 3001 3002
201 202 198 227 232 241 242 314 313 318 317 363 362 651 1120 1119 1353 1352 1394 1391 1901 1902 2046 2047
195 203 204 243 244 264 333 427 464 482 504 602 620 1898 1897 2038 2039 2389 2454
228 229 230 231 269 270 316 315 395 394 397 396 439 440 441 442 601 1400 1399 2426 2429 2427 2428 2441 2442 2439 2440 2813 2812 2867 2866
245 246 254 253 405 404 443 444 600 612 613 772 771 876 902 903 1068 1069 1070 1071 1165 1167 1168 1166 1355 1354 1421 1544 1543 1622 1623 1790 2192 2193 2195 2194 2244 2246 2245 2243 2353 2352 2660 2880 2902 3037 3038
247 249 275 277 335 365 367 392 393 506 776 777 779 778 799 797 899 900 942 944 1083 1085 1184 1186 1230 1231 1232 1233 1295 1297 1913 1918 1920 1915 1981 1983 2136 2147 2190 2201 2258 2621 2634 2631 2643 2703 2737 2756 2757 2847 2929 2995
255 257 256 258 291 292 380 381 378 379 420 419 518 516 517 519 706 705 842 841 932 931 1072 1073 1443 1442 1558 1557 1741 1844 1845 1912 1911 2369 2370 2421 2420 2532 2533 2557 2558 2620 2633 2644 2655 2769 2768 2897 2896 2931 2932 2939 2938 3006 3007 3051 3050
259 267 268 321 343 428 431 432 456 786 838 999 1176 1244 1245 1374 1411 1413 1494 1624 1639 1689 1690 1872 1979 2020 2019 2156 2198 2199 2249 2418 2419 2449 2810 2975
265 266 278 319 342 400 454 462 467 507 621 937 1056 1057 1157 1396 1412 1414 1462 1626 1701 1702 1817 1819 1914 1916 1960 1962 2127 2154 2196 2197 2247 2281 2280 2525 2706 2760 2761
276 286 305 357 390 407 564 690 907 950 946 960 998 1215 1314 1320 1506 1617 1650 1672 1687 1730 1786 1846 1945 1946 2135 2159 2227 2254 2416 2515 2574
284 303 306 355 359 388 562 565 1055 1316 1373 1392 1409 1427 1595 1816 1818
304 308 311 354 360 361 447 457 545 650 740 1098 1116 1370 1483 1579 1803 1929 2155 2222 2228 2283 2282 2322 2358 2387 2388 2415 2432 2437 2477 2476 2502 2563 2741 2743 2850 2917 2920 2919 2950
309 310 325 327 328 326 370 368 425 426 429 430 501 503 553 551 649 648 933 935 976 978 1060 1061 1062 1063 1197 1196 1337 1338 1357 1356 2123 2125 2150 2152 2960 3000
336 337 339 338 412 413 485 484 800 941 943 1082 1084 1247 1248 1410 1559 1560 1561 1562 2027 2025 2026 2028 2597 2656
356 358 414 514 1317 1371 1425 1436 1534 1815 1953 1943 1992 1990 2049 2063 2061 2230 2273 2310 2328 2367 2567 2582 2607 2963 3018
364 366 401 436 438 463 466 544 669 671 672 670 707 1862 1863 1865 1864 1917 1919 1961 1963 1982 1980 2097 2725 2772 2774 2797 2798 2795 2796 2852 2954
384 382 383 385 532 534 535 533 828 827 934 936 1075 1074 1077 1076 1249 1250 1820 2018 2017 2286 2287 2591 2592
389 391 474 472 515 520 521 875 904 1145 1146 1609 1611 1774 1772 1956 1958 2234 2233 2271 2333 2346 2628 2671 2853 2949
410 411 479 543 542 611 678 679 929 927 930 928 1260 1262 1691 1692 1693 1694 1804 2033 2365 2366 2368 2438 2489 2490 2491 2492 2701 2728 2738 2739 2948
406 408 409 433 434 536 537 910 909 1141 1142 1143 1144 1303 1302 1612 1613 1922 1921 1923 1924 2638 2639 2652 2915 2918 2986
423 421 453 455 528 530 660 661 662 663 1393 1395 1542 1540 1606 1604 1900 1906 1944 2141 2142 2381 2382 2434 2733 2997
445 446 451 452 628 633 708 728 727 739 959 965 966 1112 1106 1107 1113 1300 1598 1599 2220 2435 2937
449 450 448 561 632 693 729 780 920 971 1109 1275 1311 1330 1429 1464 1586 1767 2044 2070 2497 2511 2940
459 460 458 639 638 733 734 731 732 967 968 962 961 1100 1101 1114 1115 1118 1301 1306 1467 1466 1587 1588 2622 2623 2635 2750 2751 3029 3030
470 471 468 469 691 692 775 824 823 921 922 1239 1238 1254 1432 1433 1628 1706 2481 2480 2722 2723
475 465 505 547 577 687 703 712 817 830 914 1147 1246 1439 1460 1590 1699 1700 1708 1763 2029 2215 2294 2364 2486 2516 2712
473 512 513 550 583 735 765 938 940 969 1103 1138 1140 1453 1455 1474 1476 1582 1584 1933 2009 2010 2086 2571 2874 2913 3036
511 510 526 527 581 580 592 593 906 905 1026 1027 1117 1999 2000 2080 2081 2174 2297 2360 2401 2436 2587 2588 2615 2614 3031 3035
524 525 552 590 591 702 767 925 919 1428 1430 1545 1547 1615 1836 2003 2004 2088 2089 2693 2871
540 538 539 541 582 655 657 908 926 948 1079 1162 1318 1508 1583 1652 1673 1674 1756 1787 2173 2581 2613 2608 3023 3021
549 554 555 629 656 829 923 924 1019 1597 1634 1638 1782 1969 2066 2266 2362
556 557 558 559 618 787 788 1022 1023 1424 1519 1765 1766 1978 1993 1994 2966 2968 2965
560 563 634 637 654 795 862 945 1025 1037 1093 1134 1714 1856 2153 2241 2312
574 575 576 658 659 677 676 1043 1042 1045 1044 1274 1273 1276 1426 1541 1594 1731 1768 2186 2187 2309 2517 2953
619 635 666 667 720 856 952 963 1001 1104 1241 1472 1591 1755 2191 2224 2236 2399
636 646 664 665 721 857 949 970 1004 1136 1194 1465 1520 1551 1620 1647 2162 2409 2447 2766
647 682 719 738 821 822 951 964 1097 1183 1471 1477 1651 1656 1657 1748 1759 2138 2323 2579 2875 2925
684 700 701 749 750 1135 1321 1434 1435 1834 2002 2069 2073 2288 2523 2707 2740
689 711 753 820 861 1007 1005 1267 1265 1431 1616 1649 1908 2189 2209 2279 3003
723 722 724 783 784 785 955 956 1024 1078 1175 1304 1448 1449 1636 1637 1707 1735 1796 2175 2295 2759 2758
725 726 748 747 890 1086 1087 1124 1563 1564 1565 1566 1795 1848 1849 2238 2237
730 744 736 804 854 953 975 993 1013 1181 1240 1324 1347 1569 1614 1667 1758 1991 2164 2469
737 743 781 792 818 954 990 1002 1102 1343 1546 1724 1880 1967 2121 2171 2178 2468 2586
751 758 759 859 860 888 881 1003 1006 1955 2165 2166 2397 2398 2443 2444 2841 2837 2842 2967 2964
762 763 756 757 869 870 892 887 1133 1151 1305 1510 1511 1618 1619 2167 2168 2172 2239 2324
760 761 835 836 891 994 1000 1212 1213 1218 1219 1496 1497 1621 1678 1677 2235 2800 2805
782 790 858 973 977 972 995 1573 1632 1716 1747 1752 1928 1976 2042 2045 2059 2082 2231 2319 2334 2411 2471 2583 2647
793 794 868 939 1036 1039 1125 1128 1149 1173 1475 1538 1570 1578 1670 1712 1728 1851 1903 1995 2157 2204 2331 2394 2390 2414 2609
803 801 802 889 1046 1048 1049 1047 1277 1279 1280 1278 1536 1535 1537 1725 1727 1726 2361 2461 2462 2463 2464
815 816 813 814 974 991 989 1089 1187 1188 1189 1190 1539 1571 1648 2274 2781
819 839 840 997 996 1130 1205 1209 1493 1492 1592 1719 2200 2300 2799 2992
833 834 882 1040 1041 1208 1217 1256 1668 1671 2098 2301 2503 2544 2545
837 947 1035 1091 1088 1293 1294 1454 1567 1742 1743 1950 2065 2330
853 992 1008 1034 1090 1111 1174 1504 1705 1925 2001 2278 2433 2627 2742 2815
855 1038 1094 1126 1185 1328 1550 1577 1576 1607 1926 1988 2126 2451 2654
867 1054 1080 1092 1202 1251 1292 1452 1463 1495 1600 1904 2311 2339 2393 2547 2568
1059 1058 1123 1129 1161 1169 1179 1456 1784 1871 1971 2060 2087 2134 2452 2470 2594
1081 1148 1170 1180 1258 1310 1332 1470 1549 1785 1878 1877 2119 2275 2321 2376 2412 2534 2593 2626
1096 1095 1105 1127 1204 1473 1481 1575 1627 2062 2212 2248
1131 1132 1253 1255 1348 1479 1585 1709 1952 1951 2091 2211 2229 2348 2980
1159 1171 1192 1214 1243 1296 1438 1440 1441 1514 2090
1163 1164 1203 1291 1298 1341 1451 1457 2115 2250 2316 2612
1172 1178 1319 1342 1461 1568 1589 1679 1718 1754 1876 2124 2203 2298 2375 2584 2709
1191 1182 1242 1257 1322 1325 1450 1498 1764 1873 1934 1942 2132 2255 2425 2510
1193 1216 1252 1312 1458 1499 1531 1655 1757 1852 2005 2408
1210 1211 1308 1309 1315 1505 1522 1987 2129 2161 2407
1268 1266 1323 1459 1532 1572 1601 1847 2131 2210 2232 2546 2717
1307 1345 1346 1533 1635 1669 1760 1783 1850 1996 2349 2350 2380 3028
1313 1327 1512 1596 1625 1641 1853 1927 2008 2207
1329 1326 1344 1351 1552 1605 1633 1676 1874 1881 1931 2206 2205 2276 2377 2537
1513 1581 1646 1770 1789 1859 1932 1989 2130 2202
1548 1574 1640 1654 1858 1879 1949 2064 2325 2459
1630 1642 1666 1717 1875 1899 1977 1998 2043 2457 2747
1645 1643 1688 1733 1857 1907 1970 2006 2128 2253 2424
1653 1665 1744 1751 1905 2007 2067 2117 2137 2446
1675 1680 1788 1870 1966 1997 2085 2260 2472 2521 2692
1710 1761 1948 1947 1968 2024 2139 2160 2498 2522 2575 2576
1729 1753 1769 2122 2163 2170 2180 2263 2262 2347
1745 1762 2023 2021 2048 2120 2133 2158 2862
1972 1973 2022 2169 2214 2379 2475 2969
1975 2083 2188 2208 2264 2392 2566 2610 2745
2040 2041 2071 2289 2341 2406 2453 2512 2794
2068 2076 2140 2265 2340 2378 3033
2084 2272 2277 2303 2400 2501 2524
2213 2320 2338 2391 2410 2413 2460 2536 2561 2771 2814
2256 2395 2514 2560 2720
2296 2329 2336 2478 2606 2870
2318 2351 2359 2417 2479 2562 2736 2827 2863
2422 2423 2445 2474
2430 2448 2535 2716 2773 2775
2450 2458 2508 2585 2704
2456 2483 2504 2688 2689 2884
2473 2482 2496 2778 2840
2495 2509 2721 2746 2908
2513 2569 2770 2928 2974
2559 2577 2924
2596 2632 2807
2961 3011 3055
