38 39 40 41 62 150 254 297 435 448 449 450 451 466 556 561 119 378 562 623 499 500 501 502 469 503 537 628 4 498 538
42 43 83 84 180 181 259 260 440 441 446 447 467 468 557 558 5 12 34 35
52 53 93 94 287 288 289 290 304 305 306 307 549 550 552 553 60 61 65 236 248 249 572 579 581 582 584 603 37 70 132 204 244 245 246 247 354 355 363 364 470 480 481 483 484 509 519 520 522 523 559 560 599 600 601 602 609 610 613 614 6 7 8 18 24 25 27 28
58 59 117 118 158 159 298 299 320 321 374 375 429 430 547 548 567 608
75 76 133 134 135 136 232 233 257 258 312 313 314 315 372 373 46 48 49 51 157 241 565 566 615 616 77 78 99 100 143 144 211 212 250 251 252 253 356 357 365 366 473 508 510 543 570 571 629 630 2 3 13 14 19 36
87 88 89 90 190 191 192 193 261 262 263 264 345 346 347 348 47 50 580 583 44 45 73 74 213 214 227 228 471 472 492 493 511 512 535 536 577 578 587 588 624 625 626 627 0 1 20 21 32 33
95 96 97 98 145 326 327 328 329 371 414 544
109 110 111 112 168 169 170 171 265 266 554 555 66 67 107 108 237 240 349 362 474 475 489 490 513 514 524 525 593 594 595 596 617 618 619 620 9 22 23 29 30
113 114 115 116 160 161 162 163 392 393 63 64 105 106 68 69 71 72 141 142 209 210 376 377 452 459 10 11 17
124 125 126 127 205 206 207 208 406 407 415 416
137 138 139 140 215 216 217 218 295 296 302 303 85 86 91 92
151 152 178 179 230 231 343 344 383 388 389 390 391 551
153 154 194 195 196 197 267 268 269 270 333 334 585 586 589 590 491 526 621 622 31
155 156 176 177 234 235 255 256 331 332
172 173 174 175 229 271 272 273 274 330
182 183 184 185 384 385 386 387 412 413 545 546
186 187 188 189 198 199 300 301 350 351 352 353 568 569 606 607 482 521 604 605 26
200 201 202 203 291 292 293 294 573 574 591 592
283 284 285 286 322 323 324 325 56 57 242 243
394 395 396 397 431 432 433 434 54 55 238 239 379 380 381 382 453 454 460 461 15 16
408 409 410 411 417 418 419 420
79 80 81 82 316 317 318 319
101 102 103 104 308 309 310 311
120 121 122 123 279 280 281 282
128 129 130 131 358 359 360 361
146 147 148 149 275 276 277 278
164 165 166 167 367 368 369 370
219 220 221 222 339 340 341 342
223 224 225 226 335 336 337 338
398 399 400 401 527 528 529 530
402 403 404 405 485 486 487 488
421 422 423 424 515 516 517 518
425 426 427 428 476 477 478 479
436 437 438 439 539 540 541 542
442 443 444 445 504 505 506 507
455 456 457 458 531 532 533 534
462 463 464 465 494 495 496 497
563 564 575 576 597 598 611 612
