189 191 190 208 375 590 577 267 265 623 566 330 374 231 589 578 266 192 268 209 331 232 42 41 241 79 44 39 246 363 247 364 245 355 244 354 173 204 88 136 87 172 203 135 543 630 629 508 622 621 491 526 511 587 579 473 510 472 588 580 21 22 36 31 10 9 1 0 469 628 507 537 35 32 17 16 6 538 498
572 603 468 205 467 297 570 608 385 414 384 254 371 115 413 210 332 128 436 437 378 45 47 138 46 137 382 465 78 362 80 353 454 380 182 51 71 50 381 379 464 453 478 605 604 521 571 471 569 512 26 23 14 15 7 8
156 196 318 349 142 393 466 407 574 597 120 372 148 290 448 286 263 130 242 48 503 506 505 504
563 199 609 179 433 340 323 333 325 228 240 422 301 449
178 213 233 118 274 554 131 124 591 576 585 582 565 616 322 558 166 74 548 352 545 249 57 206 37 60 69 183 162 81 72 64 66 68 145 470 560 509 559 620 618 493 626 624 536 524 489 475 595 593 514 30 33 19 18 4 2
606 568 303 90 350 348 298 347 567 607 89 257 256 253 370 251 361 535 627 625 492 34 12
76 164 610 562 119 324 409 390 146 75 219 327 154 224 421 43 40
561 450 157 259 97 305 273 121 237 139 435 160 295 309 111 443 541 188 281 540 444 501 313 99 439 440 55 277 500
117 151 127 201 564 615 159 212 321 181 547 546 170 207 56
584 583 408 283 326 320 169 161 395 200 432 300 229 198 291 271 423
225 202 129 351 302 215 304 126 552 396 288 289 38 248
575 592 221 220 412 550 551 218 556 217 222 411 410 549 59 70 463 377 63 144 67 65 376 452 599 477 601 520 476 602 519 600 25 24 13 5
171 239 287 285 429 328 555 392 306 269
387 553 165 345 261 227 155 158 586 581 109 447 116
296 236 149 416 260 216 234 294 316 180 58 143
293 557 334 424 152 430 95 195 133 140 533 460 279 344 539 113 186 428 338 420 496 456 53 499 101 275
284 394 292 415 168 238 214 431 125 122 62
270 317 329 307 197 529 105 112 461 457 487 85 100
389 167 319 598 573 226 373 264 132 523 613 611 480 474 596 594 513 20 27
211 77 299 107 110 386 280 175 426 534 176 310 531 91 497 276 418 400 314 404 94 494
446 223 255 272 406 98 194 542 530 187 83 455 481 525 619
153 96 391 339 383 61 123
134 141 150 235 108 147 451 365 341 367 343 82 73 3
434 397 193 230 342 308 102 93 398 614 522 29
258 346 243 49 252 250 369 360 11
262 544 517 442 311 516 177 174 445 315 441 438 92 312 482 483
388 402 366 282 528 104 278 84 357 486 28
185 459 518 114 368 527 52 336 484 359 485
425 403 405 427 358 356 335 337
103 532 401 399 417 419 515
106 462 488 86 458
502 495 54
184 163 479 612 490 617
