0 1 6 7 521 522 14 17 18 21 537 538 27 28 543 32 544 35 36 552 553 559 560 561 563 564 570 571 572 603 611 612 613 614 615 616 628 629 630 127 129 136 137 149 156 159 160 161 208 233 236 242 243 244 245 248 249 257 258 304 305 306 307 360 361 364 365 372 373 469 470 471 483 484 502 507 508 509 510
512 2 4 391 519 9 13 270 525 402 19 530 25 154 29 158 31 291 430 46 178 435 53 182 185 569 62 191 575 577 579 452 581 72 73 329 459 75 332 590 79 592 210 82 83 213 600 602 475 219 96 480 354 609 101 617 490 363 619 621 622 495 118 247 376 377 251 253
3 388 8 10 267 16 20 24 153 411 30 290 165 43 48 433 51 437 54 568 190 576 578 70 326 331 589 591 212 95 610 100 111 498 499 500 501
513 5 134 520 265 394 523 11 12 15 145 531 23 151 409 26 284 413 34 40 297 170 172 566 183 58 59 574 64 448 68 453 74 78 80 464 594 596 597 214 599 472 601 347 604 605 606 222 481 482 355 104 237 366 239 496 625 112 627 116 240 379 381
514 135 524 269 144 532 22 286 288 33 163 39 41 171 49 50 60 580 582 584 328 587 593 595 473 474 350 352 353 489 618 107 620 362 105 109 624 497 626 113 241 250 252 511
256 517 264 396 141 527 278 282 155 545 296 300 176 432 308 441 316 445 447 65 194 197 456 77 461 211 216 91 478 223 486
261 533 277 536 281 283 412 287 418 419 164 422 38 423 426 427 556 177 55 320 195 200 349 227 356 230 491 108 494 367 117 123
385 259 518 140 526 143 400 406 546 292 168 431 309 57 317 196 325 455 460 86 92 93 479 485 359 106 370 122
263 397 142 401 275 535 407 152 279 539 417 289 421 299 557 175 311 315 188 319 193 66 220 94 97 226 493 503
128 384 130 515 133 399 274 403 405 541 285 162 549 166 169 181 458 330 204 334 335 463 207 467 340 341 344 476 351 110 119 505
387 132 516 146 542 415 550 44 180 322 451 201 333 206 337 339 90 477 358 234 369 375 506 124
272 529 276 280 540 37 42 555 428 301 174 310 439 440 443 444 318 192 449 203 228 488 504 121 126
390 398 528 273 404 408 414 420 424 554 45 314 187 321 202 336 342 217 348 357 487 232 368 114 374 120 125
386 389 157 47 562 52 61 450 454 71 583 588 209 465 85 87 88 99 102 103 623 378 380 382
547 215 457 139 492 462 410 147 115 436 438 534 312 442 189 446
224 225 67 548 229 199 392 551 295 268 84 468 598 184 313 346 573
608 324 585 266 586 173 238 434 179 565 56 221 63
323 198 231 327 218 345 235 303 466 371 89 186
131 255 293 138 395 205 246 567 383
98 167 393 338 148 150
416 298 76 429 558 343
260 262 302 271 254
81 425 294
69 607
