3 42 451 420 616 565 13 85 92 489 365 356 68 498 484 252 523 125 322 570 503 571 76 144 160 27 524 380 624 5 609 183 250 209 78 537 618 170 536 564 35 351 461 30 313 12 48 32 454 136 607 16 248 433 473 626 382 613 100 628 568 387 510 469 538 212 34 11 620 19 141 257 61 611 49 189 71 493 4
388 57 515 358 585 430 367 334 98 476 270 374 114 465 145 84 458 500 140 291 426 422 124 501
246 25 50 480 331 217 354 228 332 29 244 592 245 90 600 363 51 364 44 20 472 0 525 287 159 289 526 73 622 31 587 262 175 355 236 88 227 6 619 519 621 264 327 158 173 1 215 7 214 74 573 577 247 329 590 617 46 491 512 213 602 47 45 65 490
530 185 190 167 200 531 421 553 296 135 404 282 359 390 223
486 231 188 258 522 466 28 366 566 2 345 253 147 614 106 314
463 259 423 115 462 96 543 22 630 487
132 284 440 80 447 557 319 318 468 604 70 288 482 82
10 551 438 432 596 513 23 561 142 249 69 110 608 324 77 431 325 401 164 211 375 475 299 593 102
569 534 58 55 562 237 199 625 297 9 26 349 492 343 254 108 445 542 33 176
372 517 337 326 198 81 518 415 449 437 59 505
392 263 398 224 554 226 601 303 350 94 79 520 504 335 408 301 419 439
66 67 521 470 567 474 308 605 598 36 112 597 362 109 311 157 14 111 629 310 548 18 233 594 309 508 559 232 547 240
352 448 187 386 379 210 535 181 460 412 60 72 184 186 91 623 15 75 353 251 86 43 357 453 627 381 606 143 99
418 206 221 394 581 225 174 305 242 107 499 409 24 529 113 586 271 502
348 444 456 146 104 267 549 203 541 450 338
277 17 192 556 312 452 152 612 511 599 588 38 376 407 64 120 481 162
341 169 41 87 442 234 280 342 555 443 148 316
105 584 459 119 560 603 483 552 208 550 207 377 126 406 63 378 416 205 582 572 127 579 610 509
204 434 294 425 315 527 266 37 165 101 321 397 539 103 239 117
320 344 62 306 528 54 8
391 177 220 495 275 575 230 369 191 283 414 532 279 360 295 393 197
395 179 595 410 400 506 161 150 403 163 516 457 514 478
193 383 429 389 139 172 195
544 328 149 340 477 168 368 89 446 182
384 298 540 202 496 216 424 302 273
467 304 336 171 229 479 281 427 615 265 52
583 485 399 166 219 285 131 178
56 435 268 507 333 83 361 373 385 21
39 118 151 317 455 323 261 53 286
95 137 243 276 222 396 307
134 238 256 235 428 260 129
255 122 417 411 558 405 40
180 194 574 116 218 591 292
278 545 346 471 121 488 578 155 274 133
347 138 563 436 128
201 241 130 293 154 300
330 153 546 402 371 196 589
497 464 290 339 97
93 441 370 413
576 269 272
156 533
123 494
580
