286 462 455 48 318 12 398 520 453 27 601 406 363 405 499 476 366 246 319 8 28 600 498 379 149 280 538 148 481 6 603
215 440 435 216 208 209 521 7 150 441 79 78 297 572 362 491 439 376 550 17 438 622 151 549 35 452 26 605
157 511 329 437 348 547 71 587 375 32 182 51 473 16 537 507 469 261 579 628 21 305 446 50
477 614 180 586 3 610 61 24 152 5 522 535 294 73 229 164 65 236 562 160 479 219 472 345 123 43 581 492 612 252 15 360 63 82 369 380 34 67 163 423 117 409 11 627 510 450 625 580 382 465 38 40 248 588 574 250 22 599 597 144 184 454 390 316
334 264 31 214 4 175 400 404 577 575 62 432 218 609 228 249 91 29 504 167 389 14 436 327 505
84 554 30 235 563 23 560 57 480 544 207 536 18 72 76 328 512 81 420 143 626 524 147 571 52 611 159 509 340 33 254 558 567 616 620
194 393 532 13 326 513 112 103 596 358 501 135 314 430 203 70 515 361 251 618 131 583 487 489 19
413 227 2 173 47 223 591 25 138 604 122 88 183 621 142 80 353 592 576 240 478 464 381 162 519 232 602 239 136 1 284 526 56 133 407 204 283 332
559 331 561 364 128 508 298 244 210 629 623 354 566 241 257 543 9 205 556 355 115 330 470 247 551 299 471 37 36 569 630 608 10 570 245 374 258
421 98 100 530 278 270 457 542 619 333 176 187 429 525 495 268 139 349 417 335
168 46 169 238 59 503 357 0 401 506 161 584 295 42 230
312 585 485 482 541 533 116 200 323 197 276 461 273 262 444
190 260 496 424 402 211 428 127 105 324 85 386 589 371
595 372 565 263 350 242 466 593 320 156 514 415 253 449 475 431 370 292 198
529 486 170 220 391 325 189 118 224 422 528 442 146 351 367
179 368 573 412 293 60 344
153 315 226 516 44 468 384 311 104 193 97 154 267 110
277 414 266 281 321 106 83 130 459 302 546 86 555 287
101 378 557 377 259 545 339 447 463 99 55 53
395 225 399 342 288 191 387 336 419 427 304 403 359 531 132 107 74 102 494 114 488 553
111 306 113 615 606 243 490 434 617
613 158 433 68 140 307 451 343 552 201 95 426 206 108 523 275 66
171 598 20 126 271 41 474 594 303 87 134 172 192
484 231 296 166 213 285 502
322 493 410 265 500 624 195 92 155 518 309 385 310
337 301 58 534 202 199 517 313 181 411
568 119 456 290 445 49 460
388 129 365 94 308 497 418 77
233 346 582 109 352 69 234 178
269 45 539 578 425 137 527 396
75 590 282 274 222
289 607 196 458 317
540 383 54 272 174 338
548 448 145 212 188 64
443 255 221 394 185 347
96 564 93 341 291 177 392
90 124 217 483 300
467 397 121 39 120
416 373 279 186
141 165 356 237
89 125 408
256
