0 1 6 7 13 16 17 19 20 26 32 35 36 61 62 78 79 80 87 88 122 123 135 136 141 142 172 173 193 194 195 196 203 204 208 209 241 269 270 297 353 362 371 376 377 392 393 412 452 463 466 469 474 475 478 498 507 508 513 514 521 537 538 543 570 573 574 593 594 595 596 597 598 604 605 608 628 629 630
2 3 11 12 21 22 31 40 41 42 43 58 72 73 81 82 143 162 163 178 179 180 181 183 184 201 202 223 224 250 251 252 253 261 262 263 264 333 334 360 361 369 370 372 373 472 473 491 510 511 526 566 577 578 579 580 587 588 589 590 621 622 623
4 5 14 15 23 27 28 39 44 45 63 64 65 66 67 68 139 140 144 145 152 153 154 155 225 226 378 379 380 381 382 384 385 421 422 423 424 453 454 464 465 467 468 471 479 480 512 522 523 564 565 569 571 572 603 611 612 613 614 615 616
8 9 10 18 24 25 37 38 50 51 71 115 182 210 215 216 244 245 246 247 248 249 285 286 287 288 298 299 330 331 354 355 363 364 470 476 477 509 519 520 549 550 551 556 559 560 575 576 591 592 599 600 601 602
29 30 46 47 59 60 69 70 137 138 489 490 524 525 562 563 609 610 617 618 619 620
33 34 48 49 56 57 206 207 242 243 492 493 535 536 567 568 606 607 624 625 626 627
52 53 54 55 254 271 272 273 274 332 383 435 539 540 541 542 561
74 75 76 77 124 125 126 127 289 290 291 292 324 325 326 327 503 504 505 506 582 583 584 585
83 84 85 86 255 256 259 260 302 303 459 460 461 462 545 546
89 90 128 257 258 349 350 351 352 485 486 487 488
91 92 93 94 205 265 266 267 268 531 532 533 534
95 96 97 98 150 151 231 232 320 321 322 323
99 100 101 102 300 301 415 416 552 553
103 104 105 106 275 276 277 278 413 414 429 430 554 555
107 108 109 110 189 190 191 192 339 340 386 387 446 447 581 586
111 112 113 114 304 305 306 307 374 375
116 117 118 119 120 121 398 399 400 401 557 558
129 130 131 132 211 212 213 214 394 395 396 397 431 432 433 434
133 134 146 147 156 157 335 336 337 338
148 149 217 218 402 403 404 405 499 500 501 502
158 159 160 161 227 228 229 230 283 284
164 165 166 167 388 389 390 391 436 437
168 169 170 171 237 238 239 240 410 411
174 175 176 177 312 313 314 315 544
185 186 187 188 293 294 295 296 438 439 440 441
197 198 199 200 328 329 547 548
219 220 221 222 406 407 408 409
233 234 235 236 279 280 281 282
308 309 310 311 448 449 450 451
316 317 318 319 455 456 457 458
341 342 343 344 417 418 419 420
345 346 347 348 425 426 427 428
356 357 358 359 442 443 444 445
365 366 367 368 481 482 483 484
494 495 496 497
515 516 517 518
527 528 529 530
