63 106 558 119 378 105 64 207 127 39 546 185 183 549 41 416 385 447 406 553 125 205 584 579 575 598 564 611 376 452 210 72 459 377 69 142 470 559 560 509 209 71 68 141 493 626 624 536 523 613 484 609 602 600 480 519 472 587 577 512 32 27 25 20 17 11 10 18 503 469 628 537 5 12 35 34 4 538 498
117 431 315 299 94 187 347 551 288 43 60 249 418 75 324 557 271 607 568 502 501 500 499
306 412 301 307 201 62 229 552 374 208 440 255 200 334 572 603
90 195 389 169 295 260 153 321 217 238 54 175 432 91 86 107 67 330 408 159 573 592 590 585 379 453 237 349 381 460 240 362 214 74 228 45 143 77 211 99 622 621 491 526 525 619 490 617 31 29 1 14 9 15
177 198 375 273 344 449 84 283 391 98 372 420 52 110
145 243 56 323 242 57 157 241 293 325 156 435 333 268 291 430 270 93 250 356 252 365 253 251 366 357 204 70 132 37 2 8 3
302 417 133 194 467 140 232 235 266 89 371 395 259 388 565 616 597 576 543 630 629 508 614 483 610 522 471 511 588 578 475 595 593 514 28 36 21 22
174 168 254 386 193 53 419 303 284 274 263 468 267
451 85 92 410 248 61 351 180 199 49 48 300 189 397 114 112 202 413 606 569 591 574 212 78 100 144 382 380 454 461 604 605 482 521 26 13 16
203 206 304 287 135 124 550 136 305 582 581 244 354 246 363 599 601 520 481 24 6
171 327 111 95 172 326 285 173 170 51 46 96 55 239 286 272 567 608 583 580 44 213 227 73 620 618 524 489 596 594 474 513 30 23 0
233 230 76 42 298 312 290 313 331 289 556
236 65 87 346 262 296 190 348 264 407 415 192 535 627 625 492 33
163 394 158 162 113 58 256 47 50 332 434 433
353 269 265 40 446 97 88 485 438 102 455 462 79 527 444
390 184 126 320 409 155 411 555 383 182 544 612 563
181 176 83 215 441 322 393 361 497 399 403 534 370
218 160 261 297 548 387 392 222 494 318 400 479 219 317 437 309 443 226 518 310 223 531 404
329 196 115 554 108 66 450
234 152 161 179 350 319 401 167 504 335 478 220 421 311 539 405 339 425 130 517 224
137 328 314 118 466 373 104 486 279 164 528 275 81 129
150 197 561 414 352 623 562
384 116 231 343 178 396 545
154 292 151 38 589 586
188 257 429 186 547 258
345 294 59 134 103 147 358 367 120 82
139 216 138 166 149 488 496 369 402 247 364 277
109 191 148 505 337 506 165 280 422 276 426 123 541 341 128 540
448 566 615 510 571 570 473 19
282 439 221 316 507 436 278 445 308 442 225 80 542 101
338 424 477 359 487 398 342 516 428 529 368
476 495 336 131 530 122 533 7
360 281 245 355 340 532
457 458 456 121
423 146 463
464 465
427 515
