0 1 514 513 6 7 521 13 16 17 19 20 537 538 26 543 32 35 36 570 61 62 573 574 78 79 80 593 594 595 596 597 598 87 88 604 605 608 628 629 630 122 123 135 136 141 142 172 173 193 194 195 196 203 204 208 209 241 269 270 297 353 362 371 376 377 392 393 412 452 463 466 469 474 475 478 498 507 508
2 4 519 10 268 525 526 145 18 21 25 29 287 31 162 546 37 549 167 555 556 559 560 179 563 183 57 60 575 64 577 66 579 68 69 323 72 587 75 331 206 590 592 81 470 214 600 473 602 218 476 222 223 609 355 228 617 490 491 364 619 621 622 245 247 249 509 511
3 5 261 390 11 15 22 24 409 30 164 38 294 40 43 433 562 180 437 576 578 324 76 333 589 591 211 217 219 224 610 229 504 503 248 505 506
512 128 256 257 384 8 9 137 523 524 12 14 149 23 536 27 33 422 46 431 48 305 50 51 565 182 567 569 571 319 320 449 453 326 71 199 464 471 89 348 350 607 480 354 611 613 616 489 618 361 620 493 363 624 626 242 370 244 246 379 381 251 253
520 265 522 144 535 152 28 286 160 545 34 163 550 552 557 304 184 56 59 63 65 67 580 581 70 73 586 588 207 82 599 472 601 477 349 479 612 614 492 236 625 627 117 510
385 517 266 401 532 405 161 547 295 174 308 436 54 438 312 442 187 316 191 328 200 92 351 225 227 483 358 108 495 367 121
399 400 271 274 403 404 407 408 153 154 540 541 561 178 52 181 55 185 188 332 336 337 342 343 346 347 96 97 115 500 501 383
262 263 527 272 273 530 276 277 280 281 421 551 424 175 176 435 439 440 443 444 205 91 220 221 94 95 98 485 488 234 235 254
131 529 539 423 554 301 303 311 441 315 445 447 192 456 330 460 335 467 341 345 100 101 487 238 112 113 499 125
515 388 534 150 418 293 165 426 299 430 310 314 318 451 198 458 462 86 481 99 356 232 106 365 111 497 374 119
258 398 528 402 148 533 278 282 410 284 292 553 53 186 450 325 457 74 461 85 357 486 105 366 496 118 127
391 138 396 157 289 47 49 307 564 317 197 454 465 468 615 360 369 243 252 372 375 250 380 382
518 531 151 158 419 548 166 296 298 427 429 309 313 448 455 329 459 83 484 102 230 359 103 231 494 368 114 116
516 389 275 279 542 159 417 420 425 428 177 306 434 338 84 344 90 93 482 104 502 255
58 39 583 584 41 42 44 45 623 143 566 568 378 606
386 259 168 170 107 300 237 109 239 339 411 189 446 415
416 226 387 132 133 291 169 395 110 240 340 373 283 124 413 190
129 130 134 202 397 334 302 432 146 213
352 544 290 322 233 140 155
288 267 139 77 147 212 215 156
321 327 264 210 406 216 285
260 582 585 394 558
201 603 171 572
120 414 126
