74 124 54 214 431 191 190 340 446 187 483 517 582 357 366 107 291 387 395 338 344 122 503 506 6 498 538
89 156 576 198 591 199 558 548 554 272 274 241 585 267 322 352 350 265 320 79 545 470 509 559 560 18 38 248 249 565 616 245 247 355 364 472 510 580 588 22 50 51 71 182 244 246 354 363 475 489 493 514 524 536 593 595 618 620 624 626 10 19 30 37 8 33 9 469 507 537 628 16 17 32 35
95 148 133 218 85 127 53 186 165 270 420 428 386 105 398 402 305 110 434 499 539 258 345 406 561 502 542 296 278 282 335 341
109 98 161 308 312 130 300 432 553 266 401 405 146 100 112 207 202 448 615
119 121 140 118 108 141 412 376 377 452 463 347 348 383 150 447 256 13 49 59 243 64 66 68 145 303 62 566 567 568 607 623 87 135 172 203 478 492 521 535 604 605 625 627 0 4 34 70 606 251 253 361 370 471 512 569 571 12 23 26
129 169 223 76 93 271 254 84 104 486 528 261 268 555 90 222 413 275 279 417 425 441 445 415 177 209 451
153 572 115 52 188 154 55 410 549 468 550 378 332 384 385 411 467 185 336 337 342 343 504 505
197 589 578 215 294 324 396 149 273 288 307 424 409 289 47 583 584 250 252 360 369 480 523 611 613 11 27 317 433 138 380 382 454 465 474 477 513 520 594 596 599 601 15 20 24
236 77 160 75 158 234 325 327 316 58 318 143 255 41 42 562 564 610 72 81 162 183 479 490 522 525 612 614 617 619 28 29 147 40 43 73 82 163 184 2 3
193 159 132 213 227 96 393 422 326 170 240 407 430 283
91 201 211 86 106 309 126 297 175 321 458 462 238 547 155 232 310 313 314 399 403 481 515 497 534
101 128 113 131 461 192 229 349 311 323 315 457 194 164 301 487 529 552 456 460 466 228 333 449 495 532
491 622 563 200 577 216 210 389 329 437 78 80 353 362 157 260 590 609 473 511 579 587 21 391 45 408 436 592 476 519 600 602 7 25 46 137 575 379 381 453 464 526 621 14 31
208 134 533 598 371 116 171 269 496 397 220 293 346 61
225 142 367 151 92 302 174 442 438 167 166 233 358 351 435 546 60
581 586 221 390 181 117 421 262 295 319 450 235
97 239 440 205 444 264 373 388 418 426 330 219 416 48
176 179 99 111 339 259 287 423 94 419 427
102 114 375 212 290 196 284 359 368 230 455 459 429 556 276 280 494 531
224 195 500 372 178 328 120 306 392 400 404 285 439 443 518 484 540 356 365
374 217 485 257 168 527 488 530 551 83 103 36
231 286 180 263 189 237 334
573 292 125 394 226 570 574 597 608 508 543 629 630
603 152 304 56 39 88 44 242 136 173 204 1 63 65 67 144 5 139
298 277 281 541 557 501
69 331 299 544 482 516 57
414 123 206
