515 78 418 186 347 389 423 335 140 230 479 412 56 518 190 422 538 419 502 289 164 288 177 195 66 386 476 0 367 500 320 544 499 356 92 341 307
614 536 257 456 166 214 455 305 39 629 207 503 466 528 80 227 172 521 453 94 263 109 563 198 508 504 266 379
462 485 261 225 492 630 232 559 543 487 303 483 215 470 254 173 189 612 274 174 494 175 59 552 102 134 463
350 71 77 313 126 405 321 35 609 3 337 209 17 505
160 237 496 481 1 382 511 222 240 465 464 208 574 16 568 127 601 537 388 425 381 221 627 588 628 159 599 14 411 15 474 355 507 90 20 469 38 32 366 238 580 610 597 24 378 409 12 103 427 454 520 448 284 531 65 380 582 239 149 34 450 625 583 28 302
264 167 64 490 304 432 564 617 116 74 525 180 40 615 29 5 619 265 108 183
271 548 136 217 524 359 6 218 30 509 513 584 554 594 560 23 311 129 620 361 148 248 242 22 547 514 245 565 364 593 272 323 21 586
439 275 457 163 293 532 135 107 477 118 27 315 9 60 255 461 131 626
352 344 269 562 260 251 171 581 624 50 512 623 73 114 10 83 49 33 111 270 119 4 213 475 113 351 79 185 182 110 497 354 244 579 253 106 259 115 360 587 19 363 343
402 558 322 522 123 310 406 206 231 396 613 168 317 72 314 210 99 93 339 76
598 482 273 348 145 604 170 374 112 57 151 26 473 523 595 11 408 373 285 449 573 283 605
398 589 153 445 375 132 43 404 97 501 498 333 441 550 392
101 478 165 277 31 387 622 530 211 162 51 326
458 295 334 468 200 89 55 533 340 169 68 331 529 488 434 553 133 491 460 281
410 327 223 54 181 540 429 157 141 252 69 368 278 188 58 61 527 362
291 301 75 480 376 96 519 607 578 247 591 452 567 13 62 82 2 158 602 88 459 377 600 150 139 53 447 46 25 393
98 258 390 316 308 534 424 36 187 394 298 219 282 91 420 312
216 197 336 596 45 287 472 286 280 204 147
179 328 608 229 440 443 203 435 444 276 228 329 42 138 178 561 551
413 47 541 262 577 621 191 142 400 495 143 517
555 192 199 618 489 556 212 426 571 401 279 117 358 510
345 332 125 193 486 300 592 202
397 297 395 446 201 557 154 309
416 546 438 516 338 156 86 194 176 442 342 414
330 590 241 545 371 205 236 576
48 385 616 484 52 451 611 155 431 570 433 606 384 471 18 428 569 566
84 104 44 8 120 250 353 184 268
233 81 161 256 417 100 421 372 121 357
234 535 67 224 306 124 290 146 493
318 437 63 324 105 299
235 292 325 539 346 526
585 144 41 549 403
130 365 7 220 87 243 296 226
85 391 267 506 407 542 95 349
319 467 122 436 572 294 196
249 137 603 128 37
383 70 430 369
152 246 415 370 575
399
