0 1 6 7 14 17 18 21 26 31 32 35 36 122 127 128 129 136 137 149 156 159 208 233 236 242 243 244 245 248 249 257 258 298 299 337 338 360 361 364 365 372 373 469 470 471 482 495 502 507 508 509 510 523 530 537 538 543 544 551 556 559 560 561 562 565 570 571 572 603 604 605 608 621 622 623 628 629 630
2 3 13 19 20 33 34 61 62 71 72 83 84 85 86 87 88 99 100 101 102 103 157 158 184 185 209 210 376 377 378 390 391 446 447 452 459 474 475 496 497 511 512 531 532 545 546 557 558 579 580 581 582 583 584 587 588 624 625 626 627
4 5 12 22 23 29 30 53 54 55 56 57 58 73 74 79 80 95 96 178 179 180 181 182 183 213 214 239 240 265 266 324 325 355 366 392 393 429 430 472 473 489 490 513 514 524 525 585 586 593 594 595 596 617 618 619 620
8 9 10 11 24 25 27 28 48 49 50 51 59 60 67 68 69 70 112 113 134 135 144 170 171 186 187 188 189 241 250 251 252 253 289 290 291 292 312 313 314 315 353 354 362 363 480 481 483 484 519 520 521 522 599 600 601 602 611 612 613 614
15 16 37 38 160 161 221 222 237 238 283 284 302 303 379 380 381 382 408 409 410 411 425 426 427 428 453 454 464 465
39 40 41 42 63 64 145 146 172 173 215 216 297 371 498 499 500 501 547 548 573 574 597 598
43 44 45 46 47 52 138 139 190 191 413 414 436 437 577 578 591 592
65 66 81 82 89 90 246 247 267 268 269 270 349 350 351 352
75 76 77 78 150 151 219 220 293 294 295 296
91 92 93 94 254 259 260 261 262 383 412 503 504 505 506
97 98 118 119 120 121 263 264 330 435 468 575 576 589 590
104 105 106 107 108 109 110 111 347 348
114 115 116 117 234 235 308 309 310 311 566 567
123 124 125 126 300 301 331 332 374 375
130 131 132 133 255 256 438 439 440 441 549 550
140 141 142 143 279 280 281 282 431 432 433 434
147 148 217 218 271 272 273 274 320 321 322 323 554 555
152 153 154 155 223 224 225 226 394 395 396 397
162 163 164 165 211 212 231 232 326 327 328 329 568 569 609 610
166 167 168 169 227 228 229 230 384 385 466 467 563 564 615 616
174 175 176 177 275 276 277 278 415 416 552 553
192 193 194 195 285 286 287 288 421 422 423 424
196 197 198 199 304 305 306 307
200 201 202 203 333 334 335 336
204 205 206 207 343 344 345 346 476 477 478 479
316 317 318 319 402 403 491 492 493 494
339 340 341 342 386 387 388 389
356 357 358 359 398 399 400 401
367 368 369 370 404 405 406 407
417 418 419 420 515 516 517 518
442 443 444 445 526 527 528 529
448 449 450 451 606 607
455 456 457 458 533 534 535 536
460 461 462 463 485 486 487 488
539 540 541 542
