0 9 39 44 79 87 95 96 135 150 172 203 231 241 244 246 257 320 321 330 354 363 10 41 42 245 247 258 322 323 331 355 364 1 88 97 98 136 151 173 204 232 16 29 32 469 471 489 491 507 525 537 562 569 608 609 618 619 622 628 30 490 524 563 610 617 620 31 526 570 621 23 512 571 17 35 6 498 538
2 11 40 43 58 72 74 75 81 124 125 143 162 183 250 252 289 290 324 325 360 369 12 251 253 291 292 326 327 361 370 3 73 76 77 82 126 127 163 184 474 475 583 585 593 594 582 584 20 513 596 19 514 595
5 14 45 63 65 67 116 117 120 139 144 378 379 381 384 413 448 449 453 464 15 380 382 385 414 450 451 454 465 4 64 66 68 118 119 121 140 145 26 492 493 521 566 605 606 607 624 625 34 478 535 568 604 623 627 33 536 567 626
8 18 37 38 50 51 71 89 90 115 128 182 248 249 470 509 544 551 557 558 559 560 298 349 350 299 351 352
47 56 133 138 146 201 207 223 436 467 7 62 78 80 122 254 297 332 353 362 371 142 209 508 603 629 36 543 572 630
48 60 69 129 130 211 212 242 13 61 123 376 377 392 393 429 430 452 463 195 196
52 53 255 333 372 243 383 435 466 256 334 373 54 55
83 84 210 261 262 386 387 263 264 85 86 22 510 588 590 21 511 587 589
91 92 205 302 388 389 265 266 412 343 344 93 94 533 534
99 100 316 317 556 400 401 318 319 176 177 202 459 460
103 104 217 293 294 561 374 408 409 134 417 418
111 112 345 346 404 405 303 314 315 218 226 235 236 487 488
148 149 215 216 406 407 421 422 46 137 285 286 304 305 295 296 503 504 505 506 27 586 28 581 25 24
152 153 219 220 549 550 552 553 59 70 410 411 415 416 154 155 221 222 476 477 479 523 599 600 612 613 480 522 611 614 519 602 520 601
156 157 494 495 390 391 468 259 260 438 439
158 159 227 228 57 206 283 284 300 301 160 161 229 230
164 165 225 531 532 166 167 442 443 473 579 472 580
174 175 394 395 271 272 367 368 573 574
178 179 233 234 545 546 267 268
185 186 481 482 427 428 339 340 375 483 484
197 198 199 200 431 432 396 397 433 434 269 270 328 329
485 486 141 437 444 445 287 288 147
499 500 208 423 424 281 282 279 280
515 516 419 420 347 348 312 313 402 403
527 528 440 441 239 240 308 309
539 540 273 274 131 132 224 541 542
547 548 554 555 213 214
49 107 108 189 190 446 447
168 169 237 238 306 307 170 171
193 194 457 458 310 311 356 357 425 426
461 462 277 278 275 276
337 338 113 114 335 336 517 518
358 359 105 106 341 342 455 456
101 102 365 366 398 399
109 110 191 192
180 181 496 497
187 188 501 502
529 530 592 597
565 575 576 615 564 616 591
578 577
598
