0 6 2 13 44 19 29 30 31 46 55 51 58 63 73 5 34 76 78 100 12 35 106 144 154 158 172 173 170 171 213 212 227 239 244 251 253 246 255 258 326 324 325 334 327 331 357 354 366 363 469 473 489 491 490 503 510 524 525 526 537 563 564 567 570 571 608 611 618 620 612 617 619 621 622 628 4 498 538
3 1 7 14 20 21 32 33 45 54 64 74 77 90 89 99 105 143 192 193 186 187 194 195 211 214 228 238 245 247 250 252 263 264 268 267 347 348 355 351 350 356 364 365 471 472 492 493 512 511 535 536 562 578 577 587 579 580 583 584 588 623 624 625 626 627
9 8 16 15 37 22 23 26 36 70 117 118 119 132 150 204 229 237 240 265 266 297 349 362 371 379 380 381 382 394 395 378 397 396 412 413 454 453 460 467 461 468 475 482 474 513 521 508 514 543 575 576 594 593 595 598 596 597 604 605 629 630
10 11 17 18 38 24 28 40 69 68 71 72 126 124 141 142 184 182 206 209 208 210 376 377 384 407 415 446 452 459 481 483 470 509 522 520 545 550 552 557 599 601 610 614 559 560
25 27 52 53 56 57 93 94 157 242 243 241 291 292 293 294 312 315 313 314 406 416 480 484 519 523 572 581 582 603 600 602 609 613
39 41 48 49 47 50 115 113 125 127 230 231 389 391 418 420 500 499 502 501 566 586 589 615
42 43 84 83 180 181 259 260 435 436 437 438 439 539 540 541 542 561
60 61 62 65 145 155 156 236 248 249 256 328 329 332 544 554 556 555
59 67 75 86 91 107 134 133 139 140 235 232 254 302 303 386 417 565 616
66 81 82 85 137 138 234 402 403 419
79 80 92 108 136 135 233 515 516
88 87 130 131 152 198 339 340 360 361 373 385 506 507
96 98 95 97 176 177 271 272 273 274 298 299 375 374
103 101 102 104 301 306 307 367 368 372 414
109 110 111 112 168 169 284 283 286 285 322 323
114 116 160 161 162 163 393 392 429 430 547 548
120 121 122 123 257 279 280 352 353 441 447 476 477
128 129 151 148 149 199 288 287 342 341 387 421 422 549
146 147 159 188 189 275 276 277 278 423 424 440 558
153 164 165 174 175 321 320 431 432
166 167 200 201 295 296 409 408 497 496 574 573
178 179 261 262 270 269 345 346 388 448 449
185 183 205 207 399 401 527 528 530 529 551
196 197 190 191 333 343 344 383 390
221 202 216 220 224 225 304 305 330 398
203 219 222 223 215 226 309 310 317 318 444 534
217 218 289 290 300 308 316 445 486
282 281 426 425 428 427 478 479
311 319 335 405 411 495 532
337 336 338 404 410 464 517
358 359 442 443 457 458 531
369 370 400 462 463 488 485
433 434 466 494
450 456 505 533
455 451 465 504
487 546 590 592
518 607 606
553 568
569 591
585
