575 590 569 609 402 37 122 147 89 264 577 592 555 556 549 391 325 435 546 283 330 430 241 144 378 103 236 129 452 376 239 355 240 366 377 459 127 208 159 149 470 560 509 559 619 490 495 622 621 530 525 617 602 600 480 519 475 581 579 512 31 29 25 19 13 21 12 1 469 628 507 537 14 35 17 32 502 538 0
413 409 68 301 351 292 394 226 574 597 448 87 566 606 139 145 287 104 45 40 249 53 96 136 51 48 62 158 251 354 253 363 210 72 59 112 170 134 381 379 464 453 531 625 627 496 605 604 523 482 596 594 472 513 601 520 599 481 34 26 23 24 15 9 11 2
564 587 615 584 273 396 345 178 154 114 434 323 118 262 56 101 389 450 52 47 63 173 247 82 380 454 245 361 243 365 465 382 213 79 73 182 7 16 4
412 403 43 151 78 446 58 349 290 300 85 285 224 138 116 392 95 54 246 81 84 184 183 74 214 80 157 61 71 209 252 250 362 353 8 3 5
146 70 411 69 75 284 414 150 578 591 437 410 219 76 297 212 572 603 221 238 113 171 60 135 10
299 623 562 385 608 565 97 191 373 230 467 258 228 338 234 543 630 629 508 471 510 571 570 36 18
395 416 563 616 160 88 371 155 383 153 302 156 388 86 386 553 397 544 501 500 499 498
305 295 346 161 307 260 66 583 588 573 598 344 293 558 248 137 244 360 364 242 532 626 497 624 613 484 611 522 33 27 6
41 119 67 348 551 233 372 120 327 314 426 433 124 442 357 487 457 336 486 125 368 438 462 528 201 527 342 202
187 46 223 315 449 374 216 108 270 408 42
568 557 610 186 261 164 232 254 179 102 552 296
180 99 387 44 77 220 436 337 190 432 152 321 172 64
589 576 215 547 189 110 561 265 303
217 166 227 425 447 235 288 304 429 90 326 350 466 199 269
286 197 306 165 107 328 267 198 98 109 257 39 352 50 49
298 106 268 550 294 455 140 277 143 93 460 281 92
167 105 468 168 229 322 57 163 415 121
211 196 375 554 272 111 218 276 418 505 359 485 126 444 541 203 280 422 440 370 526
38 148 586 585 320 431 271 524 618 489 620 30
181 384 231 169 324 55 393 390 117
100 343 329 225 331 333 506 417 311 492 339 421 542 534 319
332 266 255 128 548 256 162 130 133 458 207 463 204
263 289 188 347 313 291 545 193 123 407 439 94 614 521
607 567 115 312 274 595 473 593 514 22
428 427 222 237 612 483 28
65 451 405 494 309 192 310 476 536 317 399 318 174 515
259 83 185 511 582 580 474 20
479 443 356 335 504 406 518 367 400 341 540
141 478 456 308 445 278 503 132 316 461 441 517 91 539 206 282
131 404 493 420 358 477 142 398 424 535 205 516 369
334 488 491 195 419 529 177 340 423 200 533
275 194 279 401 175 176
