0 7 1 13 16 21 20 27 36 32 61 62 78 79 80 88 87 17 35 123 122 136 135 169 172 171 173 190 192 194 196 203 204 209 208 241 260 269 301 353 362 371 376 377 387 392 416 452 463 469 473 474 466 480 508 511 507 513 523 537 543 564 573 578 589 579 587 594 596 598 611 613 615 629 630 628 6 498 538
2 4 10 18 37 19 22 30 33 74 57 60 64 72 66 68 69 81 118 124 131 145 166 162 178 183 206 213 233 245 247 249 267 274 322 355 352 364 472 475 489 493 470 509 510 514 524 536 545 548 558 554 565 576 582 585 591 580 593 588 595 616 618 620 624 626 559 560
5 3 11 15 38 40 43 23 26 31 63 65 67 73 82 120 134 139 147 144 163 184 202 224 225 217 248 250 252 255 302 333 360 369 372 380 382 385 414 437 454 465 468 471 478 491 512 521 526 566 570 572 569 571 603 608 604 605 621 622 623
8 9 12 14 48 46 50 25 29 28 51 71 137 148 182 198 200 216 242 244 246 251 253 272 285 292 295 304 321 318 327 354 361 370 363 379 381 395 406 421 432 453 464 476 479 490 519 525 522 568 577 590 583 584 600 602 606 617 619 612 614
39 41 42 44 24 34 45 58 143 378 477 492 520 535 562 574 581 586 597 599 601 610 625 627
47 49 56 59 70 138 207 243 504 503 506 505 563 567 575 592 607 609
52 53 54 55 115 254 271 279 282 288 293 445 447 460 467 533 539 557
75 76 77 125 126 127 270 328 329 547 555
83 84 85 86 210 258 257 259 284 323 386 411 527 529 541
89 92 94 256 268 287 305 309 326 341 384 428 431 444 546 549
90 91 93 261 263 262 264 297 443 462 544 551
96 97 95 98 150 151 231 232 320 330 331
101 99 102 100 128 299 300 298 350 415 430 531
103 104 105 106 265 266 358 359 373 383 389 388 412 502 501
107 108 109 110 141 142 276 275 278 277 446
111 113 114 112 306 303 307 334 356 357 374 413 436 457 458 552 553
119 116 117 121 140 448 449 450 451
132 129 130 211 212 214 393 429
133 146 156 157 332 335 337 338 336 390 391 459 540
149 164 180 197 273 280 286 366 405 485 487 499
152 154 155 153 220 219 221 222 409 407 408 422 423 424
158 161 159 160 201 281 317 316 484 518
167 165 199 215 226 394 398 402 420 495 496 532 556
170 168 193 195 189 191 365 367 368
176 174 175 177 205 290 291 289 419 417 418
179 186 187 283 340 375 397 401
185 181 188 339 343 399 400 396 403 404 500 497 534
218 223 227 228 296 425 426 528
229 237 230 238 308 312 315 311 319 441
235 234 236 313 310 314 435 481 515
239 240 294 344 410
324 325 438 439 440 517
346 347 348 345 427 561
351 342 434 455 488 530
349 433 456 461 482 516
442 486 483
494 542
550
