0 1 9 8 13 18 29 30 31 81 82 17 35 122 14 32 127 144 147 149 148 159 208 233 241 247 250 246 251 253 255 252 256 326 327 332 328 329 331 353 354 363 362 377 376 383 429 430 435 452 459 469 471 490 489 495 507 510 524 530 525 537 565 569 568 570 571 608 610 609 617 619 621 618 620 622 628 502 538
2 3 15 16 19 20 33 34 47 52 48 51 62 61 71 72 86 85 87 88 101 102 99 100 103 157 158 209 210 379 380 381 382 386 387 388 389 378 448 449 450 454 451 453 464 465 474 475 496 497 512 511 531 532 562 580 579 581 583 584 587 582 588 624 625 626 627 623
5 4 6 7 22 23 26 36 49 50 55 56 57 58 73 74 79 80 98 97 129 150 151 182 183 214 213 236 242 243 244 245 272 271 274 273 298 299 361 365 360 364 372 373 472 482 473 513 508 514 523 543 573 574 597 593 595 598 594 596 604 605 629 630
11 10 21 39 25 28 41 12 59 60 64 63 67 69 113 112 134 135 162 171 164 170 172 173 186 188 239 240 266 283 302 325 355 366 480 483 470 509 519 521 548 549 552 555 567 575 585 586 590 600 602 607 612 614 559 560
24 27 37 38 136 137 161 160 249 248 293 295 296 294 304 305 306 307 481 484 520 522 550 553 572 599 601 603 611 613
43 44 46 45 83 84 138 139 184 185 191 190 403 402 412 499 498 501 500 551 556 577 578 591 592
40 42 66 68 70 297 309 310 317 313 318 447 491 505 533 541 557 566
53 54 77 78 75 76 96 95 198 199 196 197 284 303 415 416
65 89 90 221 222 237 238 263 264 347 348
92 91 93 94 254 261 259 260 262 504 503 506 561
106 104 105 107 110 111 108 109 267 268 269 270 349 350 351 352
116 117 120 121 114 115 118 119 343 346 344 345
124 123 125 126 300 301 324 374 375 438 439 440 441 554
128 130 131 132 133 258 257 265 338 337 393 392 539 540 542
140 142 143 141 280 281 279 282 414 413 466 467
146 145 212 216 211 215 232 231 330 371 544
154 152 153 155 156 384 385 437 436 547
167 168 169 166 227 228 230 229 425 428 426 427 564 563 616 615
165 163 187 189 276 275 278 277 446 534 536 558 606
175 174 177 176 286 288 287 285 418 417 419 420
178 179 181 180 219 220 234 235 321 322 320 323
194 195 204 205 319 356 357 394 395 397 396
202 192 193 203 312 315 314 398 399 457 458
200 201 308 311 400 401 442 492
206 207 223 224 316 455 456 468
217 218 359 358 422 423 424 421
225 226 369 370 460 461 485 487 486 488
290 289 291 292 444 445 443
333 334 335 336 390 391 545 546 589
341 340 342 339 405 406 404 407
367 368 462 463 477 476 478 479
408 411 409 410
431 432 433 434
494 493 516 515
517 518
527 526 528 529
535
576
