37 38 97 98 234 235 297 304 305 306 307 330 412 435 549 550 129 236 572 603 498 499 500 501 469 507 537 628 0 502 538
39 40 41 42 122 233 300 301 324 325 374 375 383 554 555 144 241 565 608 14 17 32 35
43 44 45 46 138 139 190 191 402 403 551 556 83 84 103 184 185 378 577 578 591 592 61 62 71 72 157 158 209 210 376 377 452 459 470 480 481 482 495 509 519 520 523 530 559 560 599 600 601 602 604 605 621 622 2 3 13 21 24 25 26 31
55 56 57 58 150 151 265 266 371 392 393 468 53 54 95 96 573 574 597 598 73 74 79 80 182 183 213 214 239 240 355 366 472 473 508 513 514 543 593 594 595 596 629 630 4 5 12 22 23 36
65 66 89 90 259 260 261 262 343 344 345 346 545 546 557 558 136 137 248 249 562 583 584 587 588 623 127 149 159 208 242 243 244 245 360 361 364 365 474 475 496 497 511 512 531 532 579 580 581 582 624 625 626 627 1 6 7 19 20 33 34
67 68 69 70 145 146 211 212 283 284 63 64 172 173 59 60 112 113 134 135 170 171 10 11
75 76 77 78 156 298 299 302 303 337 338 415 416 544 561
85 86 87 88 99 100 101 102 386 387 388 389 448 449 450 451 47 48 51 52 379 380 381 382 453 454 464 465 15 16
104 105 106 107 108 109 110 111 263 264 347 348
114 115 116 117 118 119 120 121 390 391 446 447
128 152 153 154 155 384 385 436 437 547 548
147 148 215 216 254 285 286 287 288 429 430
160 161 219 220 257 258 372 373 552 553 471 510 570 571 18
162 163 164 165 231 232 255 256 326 327 328 329 331 332 49 50 568 569 609 610 250 251 252 253 353 354 362 363 489 490 524 525 617 618 619 620 8 9 29 30
166 167 168 169 227 228 229 230 425 426 427 428 466 467 563 564 615 616 483 484 521 522 611 612 613 614 27 28
178 179 180 181 271 272 273 274 320 321 322 323 585 586
186 187 188 189 289 290 291 292 312 313 314 315
196 197 198 199 293 294 295 296
217 218 394 395 396 397 413 414 356 357 358 359 221 222
223 224 225 226 431 432 433 434
267 268 269 270 349 350 351 352 81 82 246 247
408 409 410 411 91 92 93 94 308 309 310 311
123 124 125 126 316 317 318 319
130 131 132 133 279 280 281 282
140 141 142 143 367 368 369 370
174 175 176 177 275 276 277 278
192 193 194 195 339 340 341 342
200 201 202 203 333 334 335 336
204 205 206 207 404 405 406 407
398 399 400 401 485 486 487 488
417 418 419 420 515 516 517 518
421 422 423 424 476 477 478 479
438 439 440 441 503 504 505 506
442 443 444 445 526 527 528 529
455 456 457 458 533 534 535 536
460 461 462 463 491 492 493 494
539 540 541 542 575 576
237 238 566 567 589 590 606 607
