0 1 6 37 38 81 122 127 128 149 159 208 221 238 242 244 246 293 294 298 337 360 364 9 136 249 251 253 291 292 301 332 354 363 15 379 381 408 409 413 436 453 464 24 31 481 495 520 530 572 577 592 599 601 603 621 622 25 480 519 578 591 600 602 17 35 469 507 523 537 604 628 26 482 605 14 32 502 538
2 3 43 44 45 46 47 48 51 52 61 62 71 72 138 139 157 158 190 191 209 210 103 378 16 380 382 410 411 414 437 454 465
4 5 49 50 55 56 57 58 73 74 79 80 97 98 150 151 182 183 213 214 129 236 271 272 372 7 243 245 273 274 299 361 365 373 22 36 473 508 514 543 565 573 593 595 598 608 629 630 23 472 513 574 594 596 597
10 11 39 40 41 42 59 60 63 64 112 113 134 135 145 146 170 171 172 173 215 216 12 144 239 240 241 265 266 297 355 366 371 21 470 509 547 548 551 559 560 561
53 54 75 76 77 78 95 96 196 197 198 199 283 284 302 303 13 376 377 402 403 415 416 452 459 27 484 522 583 588 611 613 28 483 521 612 614 585 586
67 68 69 70 186 187 188 189 8 250 252 289 290 312 313 353 362 314 315
83 84 85 86 87 88 99 100 101 102 184 185 545 546 557 558 390 391 446 447 19 34 475 496 512 531 562 579 581 623 625 627 20 33 474 497 511 532 580 582 624 626 584 587
91 92 93 94 237 248 255 300 374 247 258 385 467 18 471 570
104 105 106 107 108 109 110 111 263 264 347 348 498 499 500 501
114 115 116 117 118 119 120 121 259 260 343 344 261 262 345 346
123 124 125 126 233 304 305 330 306 307 539 540 541 542 412 435
130 131 132 133 254 279 280 281 282 448 449 556 450 451 468 510 571
140 141 142 143 257 267 268 369 370 375 384
152 153 154 155 223 224 225 226 394 395 431 432 396 397 433 434 29 490 525 617 619 30 489 524 618 620
162 163 164 165 211 212 231 232 324 325 544 554 555 568 569 609 610
166 167 168 169 227 228 229 230 425 426 466 427 428 564 615 563 616
174 175 176 177 156 275 276 277 278 552 553
178 179 180 181 219 220 234 235 320 321 322 323 338
192 193 194 195 285 286 287 288 392 393
200 201 202 203 308 309 310 311
204 205 206 207 331 333 334 256 295 296 491 492 383
65 66 89 90 137 222 349 350 82 388 389
147 148 217 218 326 327 328 329 429 430
160 161 356 357 358 359 515 516 517 518
316 317 318 319 476 477 478 479
339 340 269 270 386 387 440 441 589 590
367 368 335 336 493 494 462 463
341 342 485 486 487 488 438 439
351 352 526 527 404 405 406 407
503 504 505 506 398 399 400 401
533 534 535 536 417 418 419 420
549 550 421 422 423 424
528 529 442 443 444 445
455 456 457 458 576 575
460 461
566 606 567 607
