74 75 76 77 115 205 254 289 290 291 292 332 412 466 544 556 58 143 570 608 503 504 505 506 469 507 537 628 6 498 538
89 90 128 255 256 302 303 345 346 347 348 383 446 447 48 49 242 243 566 567 568 606 607 623 50 51 71 182 250 251 252 253 360 361 369 370 376 377 452 463 471 478 492 493 512 521 535 536 569 571 604 605 624 625 626 627 8 11 12 13 23 26 33 34 16 17 32 35
95 96 97 98 150 151 231 232 257 258 320 321 322 323 330 331 39 41 42 44 79 241 562 563 609 610 87 88 135 136 172 173 203 204 244 245 246 247 354 355 363 364 489 490 491 524 525 526 617 618 619 620 621 622 0 1 9 10 29 30 31
107 108 109 110 141 142 297 339 340 398 399 400 401 61 62 78 362 7
116 117 118 119 120 121 139 140 384 385 413 414 448 449 450 451 40 43 45 378 63 64 65 66 67 68 144 145 379 380 381 382 453 454 464 465 4 5 14 15
124 125 126 127 133 134 201 202 269 270 371 547 548 551 561 56 57 206 207 573 574 597 598 72 73 80 81 82 162 163 183 184 353 470 474 475 508 509 513 514 543 559 560 593 594 595 596 629 630 2 3 18 19 20 36
129 130 131 132 210 429 430 467 468 554 555
146 147 156 157 333 334 372 373 386 387 557 558
148 149 215 216 283 284 300 301 406 407 408 409 421 422 423 424 46 47 137 138 572 581 583 584 586 603 476 477 479 480 519 520 522 523 599 600 601 602 611 612 613 614 24 25 27 28
152 153 154 155 219 220 221 222 410 411 415 416 549 550 552 553 59 60 69 70
158 159 160 161 227 228 229 230 293 294 295 296 316 317 318 319
164 165 166 167 217 218 225 226 388 389 390 391 436 437 577 578 589 590 472 473 510 511 579 580 587 588 21 22
168 169 170 171 208 209 304 305 306 307 374 375 564 565 615 616
178 179 180 181 223 224 259 260 545 546
189 190 191 192 265 266 267 268 349 350 351 352 582 585
193 194 195 196 271 272 273 274 298 299
197 198 199 200 324 325 326 327 392 393
211 212 213 214 394 395 396 397 431 432 433 434
233 234 235 236 261 262 263 264 435
237 238 239 240 285 286 287 288 575 576 591 592
328 329 83 84 85 86 402 403 404 405
52 53 54 55 279 280 281 282
91 92 93 94 308 309 310 311
99 100 101 102 341 342 343 344
103 104 105 106 275 276 277 278
111 112 113 114 312 313 314 315
174 175 176 177 335 336 337 338
185 186 187 188 356 357 358 359
365 366 367 368 417 418 419 420
425 426 427 428 481 482 483 484
438 439 440 441 515 516 517 518
442 443 444 445 485 486 487 488
455 456 457 458 527 528 529 530
459 460 461 462 494 495 496 497
499 500 501 502 37 38
531 532 533 534
539 540 541 542
122 123 248 249
