37 124 201 227 194 40 155 296 553 441 437 447 493 216 308 316 535 176 116 119 264 288 456 304 432 278 445 282 461 486 527 300 498 501 0 502 538
39 67 233 69 383 312 348 446 297 314 327 41 329 551 558 241 607 65 144 567 499 500 469 507 537 628
44 281 174 479 256 148 397 139 120 440 444 550 518 188 277 97 273 504 263 305 449 133 207 309 317 439 443 540 104 435 192
55 75 293 231 255 349 146 306 132 206 272 336 342 417 421 506 542 352 180 49
92 140 203 126 77 541 232 405 102 399 403 505 467 554 458 463 387 190 196 218 274 303 105 321 351 335 341 526 485
130 510 571 400 257 455 431 150 161 152 373 552 143 279 280 401 494 106 359 220 242 364
576 589 326 260 118 290 68 189 287 121 372 42 261 315 338 50 163 17 35 14 32
574 503 374 100 407 81 294 128 167 198 301 393 357 368 438 442 539 448
587 584 226 267 389 99 328 154 85 111 107 350 394 450 51 48
275 283 358 228 285 369 145 78 436 89 416 153 345 259 375 434 131 420 424 125 202 205 492 534
404 402 258 386 433 398 191 43 270 487 528 66 215 266 313 333 339 178 175 193 343 94 142 457 462
478 410 235 110 299 429 311 319 166 91 45 217 219 269 325 547 425 141 517
515 289 476 367 234 123 356 108 230 415 320 38 347 414 545 419 423 488 529 223 177 195 200
18 471 570 460 254 385 160 302 427 466 428 103 238 563 564 380 454 483 612 28 222 603 149 159 239 355 381 464 484 543 611 630 16 27 1 12
408 291 46 480 600 379 453 168 187 292 169 586 186 585 409 72 112 170 210 59 62 134 158 2 251 253 354 363 9 426 53 96 136 572 583 588 521 614 481 520 522 599 601 613 11 15 249 519 602 24 25
549 295 384 548 88 204 147 334 340
597 76 221 411 114 70 382 465 265 56 63 606 531 627 566 284 95 496 625 34 472 513 594 596 23 60 113 135 171 396 54 173 577 592 240 366 73 79 182 213 482 523 604 605 4 10 26
276 268 179 406 418 225 536 93 422 229 323 390 413 370
544 516 172 324 211 477 212 330 164 165 610 29 162 608 609 30 31
224 286 109 87 84 101 181 557 392 184 346 430 546 57
236 52 262 115 199 307 117 197 344 569 573 598 243 245 361 365 475 497 512 532 579 581 624 626 33 47 129 74 80 183 214 244 360 5 6 7 19
248 137 64 83 185 237 616 615 82 247 591 578
376 452 371 391 90 561 378 575 474 511 580 582 623 156 468 556 562 590 127 208 377 459 470 495 508 509 530 559 560 621 622 629 13 20 21 122 36
246 395 298 86 151 138 514 593 61 157 71 209 473 595 3 22
412 565 250 252 353 362 58 8 332
555 318 451 271 98 310
568 337 489 490 525 617 618 619 524 620 322
491 533 331 388
