0 1 4 5 6 7 521 12 526 19 537 538 26 31 543 34 35 36 44 45 46 47 50 51 562 567 58 59 570 571 572 65 73 74 603 604 605 608 621 622 623 628 629 630 158 159 176 177 213 214 227 228 234 235 236 244 245 246 247 255 256 298 299 331 332 354 355 363 364 374 375 469 473 482 491 498 503 508 510
512 385 2 3 132 519 8 523 268 270 17 20 406 536 25 27 157 32 416 291 37 293 179 52 564 56 57 313 315 447 575 577 579 452 70 584 459 204 587 84 598 472 600 602 93 351 480 353 609 611 356 357 484 613 365 366 493 624 241 242 243 626 376 377 250 251 252 253
259 133 135 9 266 13 14 18 21 22 28 545 548 552 302 561 565 576 66 67 194 196 585 590 597 616 232 233 107 108 110 112 499 500 501 502 371
513 514 10 11 524 525 142 141 15 16 394 395 396 397 23 29 30 160 161 162 163 431 48 49 432 433 434 580 581 582 583 69 72 68 71 453 454 460 461 593 594 595 596 210 209 474 475 617 490 619 489 618 620 113 114 115 116 119 378 379 380 381 382
388 520 522 140 143 535 24 409 33 417 296 563 54 186 192 448 578 201 588 77 211 86 471 599 601 343 89 91 349 218 481 610 483 612 99 614 362 492 237 238 240 625 627 511
532 533 38 41 297 556 308 311 312 316 62 319 449 450 326 456 329 200 203 457 463 80 81 464 466 95 98 101 104 495 496
390 392 400 530 531 404 287 39 553 301 175 306 437 310 440 443 189 318 320 75 79 350 222 96 94 226 102 231 358 488 494 367
384 386 130 516 398 146 402 152 284 542 289 550 167 424 428 305 53 193 198 335 339 88 477 360 111 369 373 121 507
128 389 138 399 527 274 403 407 151 541 165 40 554 300 303 309 187 317 327 458 76 337 82 465 468 341 217 352 485 103 117 506
131 515 518 391 147 408 283 544 166 423 294 427 429 304 188 455 462 336 340 87 344 476 479 361 370 120
387 517 136 393 401 149 405 150 539 285 288 549 172 436 442 195 338 342 478 359 368 372 504 122 124
262 271 144 546 547 555 171 557 559 560 566 182 573 61 63 197 78 592 212 470 345 100 615 106 248 509
263 272 276 148 534 277 280 281 155 540 292 422 426 558 438 441 444 199 205 219 223 497 505 123 254
267 528 529 275 278 279 282 418 419 551 173 174 435 439 445 206 207 220 221 224 225 229 486 487
129 258 164 421 425 170 137 265 239 178 568 346 411 412
64 290 134 328 105 586 168 589 109 127 208 273 307 249 60 607
295 202 330 410 591 85 55 215 216 154 92 413 574
126 325 383 606 43 430 184 569 314 190 446 415
257 322 451 420 169 334 183 153 125
323 261 467 181 90 347 286 191
324 264 333 180 185 156
97 139 269 145 83
321 348 230
42 414 118
260
