0 1 4 5 6 7 12 19 26 31 34 35 36 44 45 46 47 50 51 58 59 65 73 74 158 159 176 177 213 214 227 228 234 235 236 244 245 246 247 255 256 298 299 331 332 354 355 363 364 374 375 469 473 482 491 498 503 508 510 521 526 537 538 543 562 567 570 571 572 603 604 605 608 621 622 623 628 629 630
2 3 8 17 20 21 32 33 37 56 57 70 83 84 132 157 178 179 204 241 242 243 250 251 252 253 267 268 269 270 350 351 352 353 356 357 365 366 376 377 384 385 446 447 452 459 471 472 492 493 511 512 535 536 577 578 579 580 583 584 587 588 624 625 626 627
9 13 14 18 22 23 29 30 66 67 77 78 99 100 107 108 109 110 111 112 143 144 168 169 170 171 211 212 237 240 265 266 320 321 349 362 470 474 475 489 490 509 513 514 524 525 547 548 554 555 559 560 581 582 593 594 595 596 617 618 619 620
10 11 15 16 24 25 27 28 48 49 68 69 71 72 119 124 125 126 127 141 142 205 206 207 208 209 210 378 379 380 381 382 408 409 410 411 417 418 419 420 453 454 460 461 480 481 483 484 519 520 522 523 599 600 601 602 609 610 613 614
38 39 40 41 62 150 254 297 435 436 437 438 439 539 540 541 542 561
42 43 63 64 105 106 151 152 160 161 162 163 383 429 430 499 500 501 502 544 556 563 564 611 612
52 53 54 55 93 94 238 239 295 296 302 303
60 61 85 86 91 92 248 249 565 566 573 574 591 592 615 616
75 76 117 118 153 154 300 301 372 373 392 393
79 80 81 82 304 305 306 307 330 414 504 505 506 507
87 88 89 90 190 191 192 193 259 260 343 344
95 96 97 98 145 308 309 310 311 455 456 457 458 466
101 102 103 104 312 313 314 315 415 416
113 114 115 116 180 181 230 231 394 395 396 397 412 413 467 468 575 576 597 598
120 121 122 123 257 258 333 334
128 129 130 131 261 262 263 264 545 546 589 590
133 134 135 136 200 201 202 203 291 292 293 294
137 138 139 140 215 216 217 218 287 288 289 290
146 147 148 149 271 272 273 274
155 156 198 199 232 233 275 276 277 278 494 495 496 497
164 165 166 167 322 323 324 325 371 402 403 404 405 551
172 173 174 175 229 279 280 281 282 442 443 444 445
182 183 184 185 386 387 448 449 450 451 568 569 606 607
186 187 188 189 194 195 196 197 557 558
219 220 221 222 283 284 285 286 425 426 427 428
223 224 225 226 316 317 318 319 440 441
326 327 328 329 476 477 478 479
335 336 337 338 388 389 390 391
339 340 341 342 398 399 400 401
345 346 347 348 485 486 487 488
358 359 360 361 515 516 517 518
367 368 369 370 421 422 423 424
406 407 527 528 529 530
431 432 433 434
462 463 464 465 552 553
531 532 533 534
549 550
585 586
