38 230 39 562 586 589 331 262 90 440 235 261 89 47 67 107 242 74 228 246 363 379 381 453 460 1 15 159 374 50 57 585 590 623 45 214 244 354 471 472 508 577 578 629 6 20 21 151 388 467 68 71 141 209 491 511 512 543 587 588 621 630 11 36 389 526 622 31 469 503 537 628 5 12 34 35 4 498 538
42 161 135 87 216 294 435 269 162 345 438 437 443 555 123 358 367 444 148 63 563 544 500 501
53 52 565 62 566 615 229 572 65 561 305 304 255 61 236 248 37 204 7 553 307 375 60 552 249 616 70 132 245 247 355 364 470 483 509 510 522 559 560 571 610 614 19 28 256 306 473 484 523 570 609 613 8 18 27 603
133 95 179 436 427 282 175 291 326 413 226 274 545 530 231 399 475 593 128 337 515
138 117 187 43 431 165 455 82 315 268 280 266 202 288 347 466 488 434 551 103 276 462 485 527 341 458 465
205 575 493 536 624 626 183 598 125 351 136 420 579 197 313 451 85 92 78 100 144 212 250 356 3 48 49 13 189 584 611 252 365 380 382 454 461 410 564 480 600 16 25 32 391 519 602
330 126 232 215 219 155 182 422 518 411 199 283 346 479 476 286 430 340 223 336 426
332 289 198 88 201 111 265 550 188 343 152 173 66 108 207 573 592 499 502
334 83 80 58 200 477 548 139 450 421 425 516 457 533 113 163 101 368 344 496 292 122 149 338 342 359 464 429
129 164 134 118 190 504 41 59 104 285 390 316 308 539 456 203 298 302 322 478 81 424 463 348 517 549 428
310 318 110 178 137 217 233 387 407 432
513 596 607 206 474 594 576 568 520 601 481 599 24 300 414 105 97 177 180 392 350 218 597 446 33 192 23 64 492 535 625 627 376 377 452 459 482 521 604 605 17 26
580 186 96 172 393 130 91 448 193 542 115 259 279 195 167 311 507 325 275 319
191 109 221 124 260 299 540 384 166 404 506
295 140 145 98 263 408 372 441 84 267 321 54 238
168 567 153 169 170 76 320 254 171 554 556 157 240 362 154 241 237 349 525 619 9 77 99 143 211 14 75 608 612 29 489 490 524 617 618 620 30
293 445 93 160 284 581 439 409 418 323 174
400 176 234 158 73 227 0 181 373 398 401 69 142 10 301 383 56 86 253 366 2
495 224 156 328 127 270 385 339 333 220 532 406 433 335 243
102 114 94 528 352 423 222 309 415
147 194 290 112 371 184 370 287 361 131 497 534 396 353 120 403
44 116 213 296 486 146 185 402 591
531 395 150 494 557 277 281 541 468
449 329 397 412 569 312 297 606 22 514 595
558 79 447 121 303 40 317 378
487 272 369 196 405 360 529 55 394 324 583
264 547 273 225 386 417 314 546 327 258
582 442 505 419 271 278
251 357 257 208 416
574 119 239 46 51 106
72 210
