0 6 44 47 50 58 65 73 137 138 213 227 234 236 244 246 255 304 305 354 363 374 1 45 46 51 59 74 139 140 214 228 235 7 245 247 256 306 307 355 364 375 19 27 473 484 510 523 566 570 571 572 603 609 613 615 28 483 522 565 610 614 616 5 34 469 503 537 543 628 630 36 508 629 12 35 4 498 538
3 8 37 52 53 54 61 62 70 132 204 229 238 248 250 252 257 312 313 356 365 372 56 243 16 380 382 387 419 420 454 461 468
11 15 38 39 48 49 68 71 119 141 151 209 230 378 379 381 388 389 440 453 460 467 10 40 41 69 72 142 152 210 231 390 391 441 20 21 471 472 511 512 577 578 585 586 587 588 589 590 31 491 526 562 621 622 623
14 18 60 64 75 77 99 105 133 134 143 211 232 249 470 509 544 552 553 559 560 561 43 66 108 126 127
42 57 67 107 124 125 242 386 417 418 499 500 501 502
79 80 241 300 333 302 303 13 78 212 233 301 334 404 405
83 84 145 157 267 268 2 251 253 269 270 357 366 373 17 376 377 384 385 435 452 459 466
93 94 150 291 292 289 290 299 332 410 411 413 25 26 480 482 519 521 573 592 600 602 604 605 24 481 520 574 591 599 601
101 102 322 323 412 181 170 171 281 282 444 445 533 534 608
109 110 168 169 283 284 97 98 174 175 273 274 328 329 23 29 474 490 513 525 567 581 582 594 596 617 619 22 30 475 489 514 524 593 595 618 620 580 583
113 114 153 431 432 551 254 271 272 330 199
117 118 155 156 394 395 9 55 237 239 240 265 266 320 321 349 362 396 397 433 434
120 121 180 350 351 556 331 76 103 104 310 311 450 451 398 399
128 129 408 409 86 207 208 293 294 423 424
146 147 198 448 449 184 185 154 258 277 278 517 518
160 161 476 477 106 162 163 429 430 478 479 611 612
164 165 494 495 158 259 260 298 100 144 225 226 462 463
178 179 485 486 275 276 159 352 353 421 422
182 183 515 516 316 317 92 188 189 33 32
186 187 194 195 545 546 557 558 343 344 196 197 579 584 492 535 625 627 493 536 624 626
200 201 527 528 295 296 166 167 425 426 496 497
205 206 531 532 287 288 371 148 149 177 442 443 487 488
219 220 504 505 115 116 285 286 392 393 414 575 576
223 224 539 540 261 262 297 263 264 383
547 548 554 555 63 326 327 111 112
549 550 308 309 122 123 337 338 406 407
87 88 91 190 191 85 89 90 192 193 446 447
95 96 172 173 324 325
176 215 216 335 336 202 203 438 439
279 280 130 131 400 401
339 340 217 218 318 319
345 346 81 82 347 348 606 607
358 359 135 136 314 315 457 458
367 368 369 370 415 416
221 222 341 342 455 456
360 361 427 428 506 507
464 465 436 437 541 542
402 403
529 530 568 569
564 598 563 597
